   91.0000000000000       -9.56897182662505     
   94.0000000000000       -9.32647146574938     
   96.0000000000000       -9.17429744350095     
   98.0000000000000       -9.02915317615506     
   100.000000000000       -8.89060228427383     
   102.000000000000       -8.75824147181618     
   104.000000000000       -8.63170261306788     
   106.000000000000       -8.51064003951715     
   108.000000000000       -8.39473832346768     
   110.000000000000       -8.28370396986095     
   114.000000000000       -8.07516785679152     
   118.000000000000       -7.88308189443587     
   121.000000000000       -7.74878628771884     
   125.000000000000       -7.58154887327003     
   127.000000000000       -7.50262270326643     
   128.000000000000       -7.46426471468992     
   131.000000000000       -7.35340014363248     
   132.000000000000       -7.31779111438209     
   134.000000000000       -7.24850034076573     
   137.000000000000       -7.14915169333831     
   140.000000000000       -7.05497932755211     
   143.000000000000       -6.96564096982082     
   147.000000000000       -6.85349471508318     
   151.000000000000       -6.74870398762205     
   155.000000000000       -6.65066340141608     
   159.000000000000       -6.55883148531336     
   162.000000000000       -6.49373619193744     
   166.000000000000       -6.41162483280530     
   170.000000000000       -6.33449512158564     
   173.000000000000       -6.27969285212603     
   177.000000000000       -6.21041037455029     
   180.000000000000       -6.16112153085066     
   182.000000000000       -6.12946601874422     
   186.000000000000       -6.06889444776597     
   191.000000000000       -5.99799496646534     
   194.000000000000       -5.95785115241615     
   198.000000000000       -5.90693627802370     
   202.000000000000       -5.85882147807637     
   205.000000000000       -5.82447284962912     
   210.000000000000       -5.77031480905626     
   216.000000000000       -5.71006980597571     
   220.000000000000       -5.67256695810723     
   223.000000000000       -5.64574244438772     
   227.000000000000       -5.61162597303691     
   230.000000000000       -4.51217073690196     
   234.000000000000       -4.50636243132653     
   240.000000000000       -4.46135381197573     
   246.000000000000       -4.37493981688100     
   252.000000000000       -4.30977852939882     
   257.000000000000       -4.43150030674550     
   260.000000000000       -4.28725429515064     
   264.000000000000       -4.17581799623739     
   269.000000000000       -4.15603448092782     
   274.000000000000       -4.15350536349931     
   279.000000000000       -4.19014252594199     
   284.000000000000       -4.13606925512816     
   290.000000000000       -4.13404312506933     
   296.000000000000       -4.19669860064161     
   301.000000000000       -4.45134255848727     
   308.000000000000       -4.33244488921184     
   318.000000000000       -4.18619926004564     
   328.000000000000       -4.19100463235299     
   338.000000000000       -4.20163638640621     
   348.000000000000       -4.21397890983052     
   357.000000000000       -4.20196003269935     
   366.000000000000       -4.17972209643448     
   375.000000000000       -4.19116404598663     
   385.000000000000       -4.22898191245319     
   395.000000000000       -4.20436432257785     
   405.000000000000       -4.19719545474147     
   414.000000000000       -4.20211517404734     
   422.000000000000       -4.21717972629713     
   430.000000000000       -4.23005409245633     
   441.000000000000       -4.21888830350086     
   451.000000000000       -4.22272295012201     
   460.000000000000       -4.23833346831832     
   470.000000000000       -4.24358963896788     
   480.000000000000       -4.24030054337105     
   490.000000000000       -4.25772658206140     
   500.000000000000       -4.24686479490689     
   506.000000000000       -4.13768941667792     
   512.000000000000       -3.94452810425204     
   520.000000000000       -3.95393553413716     
   530.000000000000       -3.95849301630710     
   540.000000000000       -3.99068462164539     
   550.000000000000       -3.97521754285588     
   560.000000000000       -3.93807186078888     
   570.000000000000       -3.93050271539631     
   580.000000000000       -3.94782286476902     
   590.000000000000       -3.92815874179124     
   600.000000000000       -3.93197855770518     
   610.000000000000       -3.92649227563655     
   620.000000000000       -3.90080420856958     
   630.000000000000       -3.89563278140010     
   640.000000000000       -3.88852834390556     
   650.000000000000       -3.88025523893124     
   658.000000000000       -3.87702998508073     
   665.000000000000       -3.86407467364004     
   675.000000000000       -3.85425040572926     
   685.000000000000       -3.85612215159705     
   695.000000000000       -3.82818654220141     
   705.000000000000       -3.83128630341833     
   716.000000000000       -3.80297509925435     
   726.000000000000       -3.79166422980302     
   735.000000000000       -3.77841272777729     
   745.000000000000       -3.76529991878241     
   755.000000000000       -3.75212573141614     
   765.000000000000       -3.74195080018798     
   775.000000000000       -3.72439502913243     
   785.000000000000       -3.70883529908421     
   795.000000000000       -3.69573028113420     
   805.000000000000       -3.68110185397292     
   815.000000000000       -3.66765251934045     
   825.000000000000       -3.65040315957633     
   835.000000000000       -3.65328770398807     
   845.000000000000       -3.62484137670850     
   855.000000000000       -3.61189809036738     
   865.000000000000       -3.59469515330553     
   875.000000000000       -3.57850638599689     
   885.000000000000       -3.56340254372264     
   895.000000000000       -3.54929584977406     
   905.000000000000       -3.53993856026446     
   915.000000000000       -3.38721456762880     
   925.000000000000       -2.62240068276485     
   935.000000000000       -2.20383988354152     
   945.000000000000       -1.76324013646948     
   955.000000000000       -1.59072922570838     
   965.000000000000       -1.47794215048518     
   975.000000000000       -1.92488491319089     
   985.000000000000       -1.39027822903878     
   995.000000000000       -1.38453407265423     
   1005.00000000000       -1.36468338211270     
   1015.00000000000       -1.44705021359689     
   1025.00000000000       -1.97815713745913     
   1035.00000000000       -1.51241699648113     
   1045.00000000000       -1.36608423697556     
   1055.00000000000       -1.36595440203825     
   1065.00000000000       -1.40050791025084     
   1075.00000000000       -1.38048867291656     
   1085.00000000000       -1.41658663135013     
   1095.00000000000       -1.38988523862565     
   1105.00000000000       -1.40931918217422     
   1115.00000000000       -1.41411718360848     
   1125.00000000000       -1.44112114773833     
   1135.00000000000       -1.42956693954066     
   1145.00000000000       -1.45365391859875     
   1155.00000000000       -1.44827478501264     
   1165.00000000000       -1.45343090489495     
   1175.00000000000       -1.51190669932388     
   1185.00000000000       -1.48082701183104     
   1195.00000000000       -1.53038443689096     
   1205.00000000000       -1.62454250419444     
   1215.00000000000       -2.09100163450424     
   1225.00000000000       -1.64413778346505     
   1235.00000000000       -1.54299249233531     
   1245.00000000000       -1.53147974913680     
   1255.00000000000       -1.53512454135546     
   1265.00000000000       -1.54803715539469     
   1275.00000000000       -1.53920831501345     
   1285.00000000000       -1.54372410515741     
   1295.00000000000       -1.56951826227900     
   1305.00000000000       -1.57623800447673     
   1315.00000000000       -1.56394423935339     
   1325.00000000000       -1.57736445353722     
   1335.00000000000       -1.59341005922186     
   1345.00000000000       -1.58662744402130     
   1355.00000000000       -1.59157462396152     
   1365.00000000000       -1.60404110397591     
   1375.00000000000       -1.60958039459076     
   1385.00000000000       -1.61389904903668     
   1395.00000000000       -1.63526552499183     
   1405.00000000000       -1.63722081989111     
   1415.00000000000       -1.63654863209682     
   1425.00000000000       -1.64358528338252     
   1435.00000000000       -1.64979363583274     
   1442.00000000000       -1.65138815738696     
   1447.00000000000       -1.65510945934445     
   1455.00000000000       -1.66136199773692     
   1465.00000000000       -1.67126343039473     
   1475.00000000000       -1.67761680543567     
   1485.00000000000       -1.68499200472059     
   1495.00000000000       -1.69171161052716     
   1505.00000000000       -1.70226042153041     
   1512.00000000000       -1.71158486785831     
   1517.00000000000       -1.71093876427260     
   1525.00000000000       -1.71789109834374     
   1535.00000000000       -1.73547892979833     
   1545.00000000000       -1.73524679252467     
   1555.00000000000       -1.74859230591456     
   1565.00000000000       -1.75062294374813     
   1575.00000000000       -1.75171521862237     
   1585.00000000000       -1.75590943202298     
   1595.00000000000       -1.75899935487181     
   1605.00000000000       -1.77314538481153     
   1615.00000000000       -1.77919982137290     
   1625.00000000000       -1.78547490832988     
   1635.00000000000       -1.78859967825888     
   1645.00000000000       -1.79748313820560     
   1655.00000000000       -1.80511845450961     
   1665.00000000000       -1.80320754539296     
   1672.00000000000       -1.81747296346406     
   1677.00000000000       -1.81167145400239     
   1685.00000000000       -1.81469962124424     
   1695.00000000000       -1.82434121687099     
   1705.00000000000       -1.83311030054420     
   1715.00000000000       -1.84165060631374     
   1725.00000000000       -1.84816648606002     
   1735.00000000000       -1.84911398943775     
   1745.00000000000       -1.85776151527536     
   1755.00000000000       -1.85890343642735     
   1765.00000000000       -1.87652485061394     
   1775.00000000000       -1.87446954979611     
   1785.00000000000       -1.87938062769607     
   1795.00000000000       -1.88161611655235     
   1805.00000000000       -1.88653613599829     
   1815.00000000000       -1.89611318248224     
   1825.00000000000       -1.90047340916693     
   1835.00000000000       -1.90717233704413     
   1845.00000000000       -1.92201746486609     
   1855.00000000000       -1.93149704526042     
   1865.00000000000       -1.93323073003338     
   1875.00000000000       -1.93117257636920     
   1885.00000000000       -1.94707727132058     
   1895.00000000000       -1.95898904910107     
   1905.00000000000       -1.95310576951023     
   1915.00000000000       -1.96591906754737     
   1925.00000000000       -1.97266728886596     
   1935.00000000000       -1.97228617743465     
   1945.00000000000       -1.97136035041812     
   1955.00000000000       -1.98749971228610     
   1967.00000000000       -1.98360634966282     
   1976.00000000000       -1.98432960547238     
   1984.00000000000       -1.99469381773598     
   1995.00000000000       -2.00640122778966     
   2005.00000000000       -2.00485079218185     
   2015.00000000000       -2.00875217331007     
   2025.00000000000       -2.01035588940686     
   2035.00000000000       -2.01946716652178     
   2045.00000000000       -2.02412887532226     
   2055.00000000000       -2.03707330665992     
   2065.00000000000       -2.03901887640150     
   2074.00000000000       -2.03414266380620     
   2078.00000000000       -2.04301933925007     
   2085.00000000000       -2.04337504928369     
   2095.00000000000       -2.05324711768433     
   2105.00000000000       -2.05319507991853     
   2115.00000000000       -2.05672956600149     
   2125.00000000000       -2.05946666444826     
   2135.00000000000       -2.06740667098150     
   2145.00000000000       -2.07215781773738     
   2155.00000000000       -2.07538095598987     
   2165.00000000000       -2.08256667785320     
   2175.00000000000       -2.08771909049620     
   2185.00000000000       -2.09169225594447     
   2195.00000000000       -2.09342564235646     
   2205.00000000000       -2.10089893354508     
   2215.00000000000       -2.10749353987548     
   2225.00000000000       -2.11424861957728     
   2235.00000000000       -2.11435603739664     
   2245.00000000000       -2.12073859360210     
   2255.00000000000       -2.12758718632683     
   2265.00000000000       -2.13170040907593     
   2275.00000000000       -2.13444270374568     
   2285.00000000000       -2.13766738967437     
   2295.00000000000       -2.14748648642189     
   2305.00000000000       -2.14895002727908     
   2315.00000000000       -2.15471579819471     
   2325.00000000000       -2.19152711145634     
   2335.00000000000       -2.16583115976165     
   2345.00000000000       -2.17554401276356     
   2355.00000000000       -2.17402117801751     
   2365.00000000000       -2.18334399595220     
   2375.00000000000       -2.18458627399513     
   2385.00000000000       -2.19495261290865     
   2395.00000000000       -2.19453331145631     
   2405.00000000000       -2.20031969677528     
   2415.00000000000       -2.20422325484770     
   2425.00000000000       -2.20514161861884     
   2435.00000000000       -2.21249773736878     
   2445.00000000000       -2.21464705110967     
   2455.00000000000       -2.21844820639241     
   2465.00000000000       -2.22490349151191     
   2475.00000000000       -2.22960682185345     
   2485.00000000000       -2.23141010859277     
   2495.00000000000       -2.24178760420221     
   2505.00000000000       -2.23840452302618     
   2513.00000000000       -2.24658749126628     
   2518.00000000000       -2.24550727338842     
   2525.00000000000       -2.25205808198591     
   2535.00000000000       -2.25790570385801     
   2545.00000000000       -2.26166048114461     
   2555.00000000000       -2.26108753607073     
   2565.00000000000       -2.26639815727418     
   2575.00000000000       -2.26747263709337     
   2585.00000000000       -2.27110361173795     
   2595.00000000000       -2.27579582663231     
   2605.00000000000       -2.28174616784350     
   2615.00000000000       -2.28616228939601     
   2625.00000000000       -2.28888205558917     
   2635.00000000000       -2.29244182806241     
   2645.00000000000       -2.28948015108564     
   2655.00000000000       -2.29372151225499     
   2665.00000000000       -2.30057660984711     
   2675.00000000000       -2.30270778695773     
   2685.00000000000       -2.30461374643142     
   2695.00000000000       -2.31216394343853     
   2705.00000000000       -2.31376318264240     
   2715.00000000000       -2.31943482864304     
   2725.00000000000       -2.32578646912361     
   2735.00000000000       -2.32540242384416     
   2745.00000000000       -2.33663504213497     
   2755.00000000000       -2.33953587529433     
   2765.00000000000       -2.34166061364632     
   2775.00000000000       -2.34012753840014     
   2785.00000000000       -2.34467204875544     
   2795.00000000000       -2.36109255336302     
   2805.00000000000       -2.35820638759455     
   2815.00000000000       -2.35384627434094     
   2825.00000000000       -2.36028657713385     
   2835.00000000000       -2.36504981045131     
   2845.00000000000       -2.36765482784131     
   2855.00000000000       -2.37192862456884     
   2865.00000000000       -2.37361782170129     
   2875.00000000000       -2.37768680945902     
   2885.00000000000       -2.38034597806067     
   2895.00000000000       -2.38364764045481     
   2910.00000000000       -2.38732856101888     
   2930.00000000000       -2.39603557395499     
   2950.00000000000       -2.40506238685050     
   2970.00000000000       -2.40951155170702     
   2990.00000000000       -2.41641425282978     
   3010.00000000000       -2.42329650639875     
   3030.00000000000       -2.43088383849156     
   3050.00000000000       -2.43865592338828     
   3070.00000000000       -2.44667795197974     
   3090.00000000000       -2.45394065054174     
   3110.00000000000       -2.46162824264262     
   3130.00000000000       -2.46952840194052     
   3150.00000000000       -2.47667104169630     
   3170.00000000000       -2.48362635760183     
   3190.00000000000       -2.49434988542539     
   3210.00000000000       -2.49816334735649     
   3230.00000000000       -2.50586417369707     
   3250.00000000000       -2.51208995439354     
   3270.00000000000       -2.51795302331789     
   3290.00000000000       -2.52514322401944     
   3310.00000000000       -2.53142111016598     
   3330.00000000000       -2.53856178656480     
   3350.00000000000       -2.54626447987432     
   3370.00000000000       -2.55304345035261     
   3390.00000000000       -2.55920821937135     
   3410.00000000000       -2.56515857841107     
   3430.00000000000       -2.57438146241597     
   3450.00000000000       -2.58050113335497     
   3470.00000000000       -2.58466488749509     
   3490.00000000000       -2.59068059089586     
   3510.00000000000       -2.59587914950263     
   3530.00000000000       -2.60236193718516     
   3550.00000000000       -2.60771824490216     
   3570.00000000000       -2.61399149170517     
   3590.00000000000       -2.62142391895797     
   3610.00000000000       -2.62676125121532     
   3630.00000000000       -2.63293215207601     
   3640.00000000000       -2.63454612873117     
   3650.00000000000       -2.63531930513754     
   3670.00000000000       -2.64845589510950     
   3690.00000000000       -2.64695355859681     
   3710.00000000000       -2.59856381139049     
   3730.00000000000       -2.59126670860775     
   3750.00000000000       -2.52358812677087     
   3770.00000000000       -2.52015415211203     
   3790.00000000000       -2.48211423900171     
   3810.00000000000       -2.44865996969491     
   3830.00000000000       -2.52101217878174     
   3850.00000000000       -2.43485869185260     
   3870.00000000000       -2.42207175346802     
   3890.00000000000       -2.55909235242634     
   3910.00000000000       -2.43237613028844     
   3930.00000000000       -2.43803027807513     
   3950.00000000000       -2.44635562653637     
   3970.00000000000       -2.59349352401107     
   3990.00000000000       -2.46428742950649     
   4010.00000000000       -2.45833422593124     
   4030.00000000000       -2.47077149749406     
   4050.00000000000       -2.47040264066713     
   4070.00000000000       -2.48205708183596     
   4090.00000000000       -2.52989203576680     
   4110.00000000000       -2.60810503663235     
   4130.00000000000       -2.50877899888031     
   4150.00000000000       -2.50971266027524     
   4170.00000000000       -2.51451943761495     
   4190.00000000000       -2.52101066806754     
   4210.00000000000       -2.52821591019801     
   4230.00000000000       -2.53578438828472     
   4250.00000000000       -2.54299888408776     
   4270.00000000000       -2.55100524012106     
   4290.00000000000       -2.55927192832256     
   4310.00000000000       -2.57263250553839     
   4330.00000000000       -2.62784428974199     
   4350.00000000000       -2.67860688909152     
   4370.00000000000       -2.59072307244303     
   4390.00000000000       -2.59632850624939     
   4410.00000000000       -2.59749138935930     
   4430.00000000000       -2.60357059455287     
   4450.00000000000       -2.60910996697133     
   4470.00000000000       -2.62450223225244     
   4490.00000000000       -2.62278674884981     
   4510.00000000000       -2.62714206302678     
   4530.00000000000       -2.63424911173050     
   4550.00000000000       -2.64088166873970     
   4570.00000000000       -2.64550050426173     
   4590.00000000000       -2.65208807068362     
   4610.00000000000       -2.65737367941194     
   4630.00000000000       -2.66371249330767     
   4650.00000000000       -2.66950462909765     
   4670.00000000000       -2.67497486048136     
   4690.00000000000       -2.68079863827024     
   4710.00000000000       -2.68995097783774     
   4730.00000000000       -2.69240689607954     
   4750.00000000000       -2.69803963660163     
   4770.00000000000       -2.70363422878542     
   4790.00000000000       -2.70976751241489     
   4810.00000000000       -2.71637274506661     
   4830.00000000000       -2.72623342491397     
   4850.00000000000       -2.77336126188799     
   4870.00000000000       -2.83605181953641     
   4890.00000000000       -2.74550690887409     
   4910.00000000000       -2.74419215748689     
   4930.00000000000       -2.75280833238638     
   4950.00000000000       -2.75264834490472     
   4970.00000000000       -2.75707260602634     
   4990.00000000000       -2.76319961758940     
   5010.00000000000       -2.77170566709501     
   5030.00000000000       -2.77281453002552     
   5050.00000000000       -2.77957960483522     
   5070.00000000000       -2.78243698214302     
   5090.00000000000       -2.78785333671651     
   5110.00000000000       -2.79262922918496     
   5130.00000000000       -2.79778017264837     
   5150.00000000000       -2.80305460126281     
   5170.00000000000       -2.80874708632212     
   5190.00000000000       -2.81294690277129     
   5210.00000000000       -2.81747054429111     
   5230.00000000000       -2.82163083459265     
   5250.00000000000       -2.82525474752671     
   5270.00000000000       -2.83137182430496     
   5290.00000000000       -2.83414398563753     
   5310.00000000000       -2.83854939291766     
   5330.00000000000       -2.84388893071213     
   5350.00000000000       -2.84713697083550     
   5370.00000000000       -2.85163336492433     
   5390.00000000000       -2.85593860535266     
   5410.00000000000       -2.86052468000208     
   5430.00000000000       -2.86461357436961     
   5450.00000000000       -2.86837521230684     
   5470.00000000000       -2.87229147804302     
   5490.00000000000       -2.87614103949786     
   5510.00000000000       -2.88032530919047     
   5530.00000000000       -2.88406609554672     
   5550.00000000000       -2.88764860241181     
   5570.00000000000       -2.89208405212585     
   5590.00000000000       -2.89594052833697     
   5610.00000000000       -2.89967752110636     
   5630.00000000000       -2.90304205571302     
   5650.00000000000       -2.90690697125971     
   5670.00000000000       -2.91096487587767     
   5690.00000000000       -2.91424991669058     
   5710.00000000000       -2.91833581037105     
   5730.00000000000       -2.92127823375562     
   5750.00000000000       -2.92507027566391     
   5770.00000000000       -2.92856403656448     
   5790.00000000000       -2.93231878161632     
   5810.00000000000       -2.93572708014532     
   5830.00000000000       -2.93914026310898     
   5850.00000000000       -2.94294358414036     
   5870.00000000000       -2.95156037521878     
   5890.00000000000       -2.95111761720742     
   5910.00000000000       -2.95325412353143     
   5930.00000000000       -2.95666911178622     
   5950.00000000000       -2.96004834487036     
   5970.00000000000       -2.96340711764457     
   5990.00000000000       -2.96689866907236     
   6010.00000000000       -2.97033871401015     
   6030.00000000000       -2.97367589124893     
   6050.00000000000       -2.97675649224804     
   6070.00000000000       -2.98017673899716     
   6090.00000000000       -2.98359596270121     
   6110.00000000000       -2.98706217643705     
   6130.00000000000       -2.99106448228642     
   6150.00000000000       -2.99411911681738     
   6170.00000000000       -2.99741400653009     
   6190.00000000000       -3.00029827882096     
   6210.00000000000       -3.00351303443301     
   6230.00000000000       -3.00715667077331     
   6250.00000000000       -3.01115258613570     
   6270.00000000000       -3.01330730839461     
   6290.00000000000       -3.01663425292941     
   6310.00000000000       -3.02034831774321     
   6330.00000000000       -3.02333758348034     
   6350.00000000000       -3.02679062213350     
   6370.00000000000       -3.02989009160904     
   6390.00000000000       -3.03292979517997     
   6410.00000000000       -3.03679355983359     
   6430.00000000000       -3.03993921296515     
   6450.00000000000       -3.04322853244694     
   6470.00000000000       -3.04644037983337     
   6490.00000000000       -3.05078761044603     
   6510.00000000000       -3.05423411890519     
   6530.00000000000       -3.06032350114420     
   6550.00000000000       -3.08771583593667     
   6570.00000000000       -3.15351755235637     
   6590.00000000000       -3.07495015920885     
   6610.00000000000       -3.07130400628662     
   6630.00000000000       -3.07293854453591     
   6650.00000000000       -3.07565413756085     
   6670.00000000000       -3.08039715345998     
   6690.00000000000       -3.08327002593219     
   6710.00000000000       -3.08537270746954     
   6730.00000000000       -3.08852634813986     
   6750.00000000000       -3.09194763303391     
   6770.00000000000       -3.09522564221903     
   6790.00000000000       -3.09855460275380     
   6810.00000000000       -3.10189179799473     
   6830.00000000000       -3.10517921764790     
   6850.00000000000       -3.10866796901630     
   6870.00000000000       -3.11190126570984     
   6890.00000000000       -3.11514034043120     
   6910.00000000000       -3.11852217573166     
   6930.00000000000       -3.12186555186746     
   6950.00000000000       -3.12525070178510     
   6970.00000000000       -3.12847163942833     
   6990.00000000000       -3.13186534932645     
   7010.00000000000       -3.13542742326144     
   7030.00000000000       -3.13858604692017     
   7050.00000000000       -3.14184497004894     
   7070.00000000000       -3.14709064796162     
   7090.00000000000       -3.14856480916960     
   7110.00000000000       -3.15189346706417     
   7130.00000000000       -3.15545835073338     
   7150.00000000000       -3.15875388955384     
   7170.00000000000       -3.16193147074403     
   7190.00000000000       -3.16567652954494     
   7210.00000000000       -3.16887392648214     
   7230.00000000000       -3.17215258779408     
   7250.00000000000       -3.17523231622222     
   7270.00000000000       -3.17857030611707     
   7290.00000000000       -3.18308400214447     
   7310.00000000000       -3.18545298392922     
   7330.00000000000       -3.18872864148271     
   7350.00000000000       -3.19191370215809     
   7370.00000000000       -3.19513462255734     
   7390.00000000000       -3.19872987812363     
   7410.00000000000       -3.20261535441758     
   7430.00000000000       -3.20541230020907     
   7450.00000000000       -3.20862938885855     
   7470.00000000000       -3.21186543586277     
   7490.00000000000       -3.21528772113402     
   7510.00000000000       -3.21866983602065     
   7530.00000000000       -3.22180963949197     
   7550.00000000000       -3.22497639160909     
   7570.00000000000       -3.22835110027520     
   7590.00000000000       -3.23172508083336     
   7610.00000000000       -3.23501548382259     
   7630.00000000000       -3.23822903377261     
   7650.00000000000       -3.24144189677631     
   7670.00000000000       -3.24535308836482     
   7690.00000000000       -3.24800840384207     
   7710.00000000000       -3.25183400468145     
   7730.00000000000       -3.25478690315768     
   7750.00000000000       -3.25814547666006     
   7770.00000000000       -3.26214142210275     
   7790.00000000000       -3.26444710696575     
   7810.00000000000       -3.26765198419755     
   7830.00000000000       -3.27108063146767     
   7850.00000000000       -3.27428674625335     
   7870.00000000000       -3.27755192678808     
   7890.00000000000       -3.28093515972765     
   7910.00000000000       -3.28408196613046     
   7930.00000000000       -3.28764780080136     
   7950.00000000000       -3.29084631094034     
   7970.00000000000       -3.29361327711689     
   7990.00000000000       -3.29683428371891     
   8010.00000000000       -3.30032441851673     
   8030.00000000000       -3.30324267505111     
   8050.00000000000       -3.30670222247899     
   8070.00000000000       -3.30954280986110     
   8090.00000000000       -3.31311218516596     
   8110.00000000000       -3.31607849666828     
   8130.00000000000       -3.31907180170630     
   8150.00000000000       -3.32243295234024     
   8170.00000000000       -3.32547773684538     
   8190.00000000000       -3.32933042752524     
   8210.00000000000       -3.33121518480273     
   8230.00000000000       -3.33422640607952     
   8250.00000000000       -3.33695415126014     
   8270.00000000000       -3.34080907615222     
   8290.00000000000       -3.34578980760211     
   8310.00000000000       -3.35196150724433     
   8330.00000000000       -3.35869637354627     
   8350.00000000000       -3.36083602446565     
   8370.00000000000       -3.36798365785248     
   8390.00000000000       -3.36879641418313     
   8410.00000000000       -3.36990096627971     
   8430.00000000000       -3.36516402937663     
   8450.00000000000       -3.36584111414823     
   8470.00000000000       -3.38436442087538     
   8490.00000000000       -3.35771320682586     
   8510.00000000000       -3.39153989194577     
   8530.00000000000       -3.35666890409339     
   8550.00000000000       -3.41074808266060     
   8570.00000000000       -3.35494035054997     
   8590.00000000000       -3.38410582170452     
   8610.00000000000       -3.39422106013504     
   8630.00000000000       -3.35905802252390     
   8650.00000000000       -3.37316693134377     
   8670.00000000000       -3.43360132003667     
   8690.00000000000       -3.37198286117562     
   8710.00000000000       -3.36734016240502     
   8730.00000000000       -3.37817089142253     
   8750.00000000000       -3.44013781434289     
   8770.00000000000       -3.39212269964933     
   8790.00000000000       -3.37914079972199     
   8810.00000000000       -3.38124902845270     
   8830.00000000000       -3.38690078622673     
   8850.00000000000       -3.41048169120824     
   8870.00000000000       -3.45666477268618     
   8890.00000000000       -3.40045015781728     
   8910.00000000000       -3.39629336112904     
   8930.00000000000       -3.39800594790126     
   8950.00000000000       -3.40071764178096     
   8970.00000000000       -3.40516907136701     
   8990.00000000000       -3.41498445246027     
   9010.00000000000       -3.47160818096447     
   9030.00000000000       -3.44625637798964     
   9050.00000000000       -3.42085648714176     
   9070.00000000000       -3.42116282457091     
   9090.00000000000       -3.42374126308367     
   9110.00000000000       -3.42495702922955     
   9130.00000000000       -3.42756957775567     
   9150.00000000000       -3.43075864262992     
   9170.00000000000       -3.43481666412381     
   9190.00000000000       -3.44015069246456     
   9210.00000000000       -3.45513867875386     
   9230.00000000000       -3.51681482403334     
   9250.00000000000       -3.46497577674745     
   9270.00000000000       -3.45385834523333     
   9290.00000000000       -3.45312373255683     
   9310.00000000000       -3.45550690261420     
   9330.00000000000       -3.45788081103619     
   9350.00000000000       -3.46089246363459     
   9370.00000000000       -3.46395648596241     
   9390.00000000000       -3.46682272475705     
   9410.00000000000       -3.47113026837846     
   9430.00000000000       -3.47297398849101     
   9450.00000000000       -3.47625277238172     
   9470.00000000000       -3.47994592161569     
   9490.00000000000       -3.48343349750014     
   9510.00000000000       -3.49014056359780     
   9530.00000000000       -3.50715042414986     
   9550.00000000000       -3.56221759120818     
   9570.00000000000       -3.50825109889608     
   9590.00000000000       -3.50059138057741     
   9610.00000000000       -3.50151390478692     
   9630.00000000000       -3.50419857795570     
   9650.00000000000       -3.50625643186329     
   9670.00000000000       -3.50932377750120     
   9690.00000000000       -3.51170827654265     
   9710.00000000000       -3.51482322564334     
   9730.00000000000       -3.51749474273959     
   9750.00000000000       -3.52060529269970     
   9770.00000000000       -3.52335443120560     
   9790.00000000000       -3.52637982889867     
   9810.00000000000       -3.52912744236503     
   9830.00000000000       -3.53205203733307     
   9850.00000000000       -3.53500504207486     
   9870.00000000000       -3.53801325546129     
   9890.00000000000       -3.54106820109294     
   9910.00000000000       -3.54390825249730     
   9930.00000000000       -3.54682329493539     
   9950.00000000000       -3.54981192208468     
   9970.00000000000       -3.55303531922974     
   9990.00000000000       -3.55677833571951     
   10025.0000000000       -3.57726319124865     
   10075.0000000000       -3.59275706890708     
   10125.0000000000       -3.57600732214098     
   10175.0000000000       -3.58191436500951     
   10225.0000000000       -3.58885801163582     
   10275.0000000000       -3.59562702918520     
   10325.0000000000       -3.60334669852006     
   10375.0000000000       -3.60969569791114     
   10425.0000000000       -3.61645558801554     
   10475.0000000000       -3.62363247812676     
   10525.0000000000       -3.63019730106974     
   10575.0000000000       -3.63707156669194     
   10625.0000000000       -3.64414570908573     
   10675.0000000000       -3.65185101849516     
   10725.0000000000       -3.65763196005919     
   10775.0000000000       -3.66449458418351     
   10825.0000000000       -3.67297807111236     
   10875.0000000000       -3.67939162150983     
   10925.0000000000       -3.71592993649232     
   10975.0000000000       -3.69999146184985     
   11025.0000000000       -3.69789948208243     
   11075.0000000000       -3.70327806300158     
   11125.0000000000       -3.70964000994974     
   11175.0000000000       -3.71603625597076     
   11225.0000000000       -3.72229972732715     
   11275.0000000000       -3.72895490620901     
   11325.0000000000       -3.73512256286966     
   11375.0000000000       -3.74124378985040     
   11425.0000000000       -3.74785994535603     
   11475.0000000000       -3.75339690434602     
   11525.0000000000       -3.75954285299742     
   11575.0000000000       -3.76568653344467     
   11625.0000000000       -3.77258837245185     
   11675.0000000000       -3.77810645233909     
   11725.0000000000       -3.78364413210597     
   11775.0000000000       -3.79035785438578     
   11825.0000000000       -3.79625712015551     
   11875.0000000000       -3.80250939516847     
   11925.0000000000       -3.80716668669271     
   11975.0000000000       -3.81469098514899     
   12025.0000000000       -3.81902793688559     
   12075.0000000000       -3.82505446149762     
   12125.0000000000       -3.83018519809537     
   12175.0000000000       -3.83575516105874     
   12225.0000000000       -3.84137449428147     
   12275.0000000000       -3.84704763097754     
   12325.0000000000       -3.85241864642934     
   12375.0000000000       -3.85797903813373     
   12425.0000000000       -3.86336506222424     
   12475.0000000000       -3.86876894769748     
   12525.0000000000       -3.87429947814208     
   12575.0000000000       -3.87955064927683     
   12625.0000000000       -3.88488634071641     
   12675.0000000000       -3.89023069914321     
   12725.0000000000       -3.89583953798315     
   12775.0000000000       -3.90509419538196     
   12825.0000000000       -3.93660714551005     
   12875.0000000000       -3.91370694751343     
   12925.0000000000       -3.91630142960062     
   12975.0000000000       -3.92118482415996     
   13025.0000000000       -3.92583167129393     
   13075.0000000000       -3.93073741440265     
   13125.0000000000       -3.93586924944421     
   13175.0000000000       -3.94090536028074     
   13225.0000000000       -3.94544989177448     
   13275.0000000000       -3.95056815110760     
   13325.0000000000       -3.95516265128767     
   13375.0000000000       -3.96002096942860     
   13425.0000000000       -3.96467013613171     
   13475.0000000000       -3.96934937022865     
   13525.0000000000       -3.97405942460334     
   13575.0000000000       -3.97885828797987     
   13625.0000000000       -3.98348038730212     
   13675.0000000000       -3.98798072635737     
   13725.0000000000       -3.99270799912886     
   13775.0000000000       -3.99705695787060     
   13825.0000000000       -4.00158015859521     
   13875.0000000000       -4.00606688485647     
   13925.0000000000       -4.01039646782525     
   13975.0000000000       -4.01483348606112     
   14025.0000000000       -4.01939745170860     
   14075.0000000000       -4.02358125767899     
   14125.0000000000       -4.02810208127608     
   14175.0000000000       -4.03224276434230     
   14225.0000000000       -4.03692072344554     
   14275.0000000000       -4.04128172525427     
   14325.0000000000       -4.04509473693694     
   14375.0000000000       -4.04924237322686     
   14425.0000000000       -4.05457842956560     
   14475.0000000000       -4.05756136686069     
   14525.0000000000       -4.06260987843277     
   14570.0000000000       -4.06583768730056     
   14620.0000000000       -4.06925146962066     
   14675.0000000000       -4.07358424175945     
   14725.0000000000       -4.07797353577764     
   14775.0000000000       -4.08216189118841     
   14825.0000000000       -4.08654311361090     
   14875.0000000000       -4.09236876821468     
   14925.0000000000       -4.09610870277856     
   14975.0000000000       -4.10052668199291     
   15025.0000000000       -4.10728596271202     
   15075.0000000000       -4.11047321149660     
   15125.0000000000       -4.11357600701677     
   15175.0000000000       -4.11669613381889     
   15225.0000000000       -4.11681640214551     
   15275.0000000000       -4.12667979396264     
   15325.0000000000       -4.12902467298080     
   15375.0000000000       -4.12726775478666     
   15425.0000000000       -4.13897736597426     
   15475.0000000000       -4.13354635561958     
   15525.0000000000       -4.13653904706765     
   15575.0000000000       -4.15328574288381     
   15625.0000000000       -4.14005333324613     
   15675.0000000000       -4.15102048880436     
   15725.0000000000       -4.16370318724394     
   15775.0000000000       -4.15208685782672     
   15825.0000000000       -4.15582212685261     
   15875.0000000000       -4.18202896566370     
   15925.0000000000       -4.16603207615277     
   15975.0000000000       -4.16534443724503     
   16050.0000000000       -4.17411591549976     
   16150.0000000000       -4.19212557063942     
   16250.0000000000       -4.18683495360051     
   16350.0000000000       -4.19934265423157     
   16450.0000000000       -4.21790396017292     
   16550.0000000000       -4.21282569018001     
   16650.0000000000       -4.22176170196410     
   16750.0000000000       -4.23534410158906     
   16850.0000000000       -4.25405709448171     
   16950.0000000000       -4.24857483274464     
   17050.0000000000       -4.25770570278982     
   17150.0000000000       -4.26622950270421     
   17250.0000000000       -4.27585190764888     
   17350.0000000000       -4.30132246878393     
   17450.0000000000       -4.29462692733115     
   17550.0000000000       -4.30133314480150     
   17650.0000000000       -4.30996970299817     
   17750.0000000000       -4.31850673887052     
   17850.0000000000       -4.32704417392097     
   17950.0000000000       -4.33565416927687     
   18050.0000000000       -4.34468874241352     
   18150.0000000000       -4.36871459782240     
   18250.0000000000       -4.36433807107269     
   18350.0000000000       -4.36975668009260     
   18450.0000000000       -4.37823486302281     
   18550.0000000000       -4.38648684422125     
   18650.0000000000       -4.39593958526302     
   18750.0000000000       -4.42185402022788     
   18850.0000000000       -4.41245535499966     
   18950.0000000000       -4.42028900633950     
   19050.0000000000       -4.42781402918531     
   19150.0000000000       -4.43589896953337     
   19250.0000000000       -4.44412493909246     
   19350.0000000000       -4.45340914873859     
   19450.0000000000       -4.47739315939056     
   19550.0000000000       -4.46958263170127     
   19650.0000000000       -4.47635809131905     
   19750.0000000000       -4.48461472695161     
   19850.0000000000       -4.49216380464225     
   19950.0000000000       -4.50005385660804     
   20050.0000000000       -4.50776717744066     
   20150.0000000000       -4.51559641053230     
   20250.0000000000       -4.52353817135153     
   20350.0000000000       -4.53147626132140     
   20450.0000000000       -4.53892479399523     
   20550.0000000000       -4.54676091722534     
   20650.0000000000       -4.55460533163620     
   20750.0000000000       -4.56212543315165     
   20850.0000000000       -4.56964110383149     
   20950.0000000000       -4.57743018992515     
   21050.0000000000       -4.58482456132410     
   21150.0000000000       -4.59254849070157     
   21250.0000000000       -4.59988080435020     
   21350.0000000000       -4.60736052073290     
   21450.0000000000       -4.61486017343764     
   21550.0000000000       -4.62307270956681     
   21650.0000000000       -4.64541163957961     
   21750.0000000000       -4.63863741365180     
   21850.0000000000       -4.64456646890035     
   21950.0000000000       -4.65147450209401     
   22050.0000000000       -4.65895700786673     
   22150.0000000000       -4.66603984712701     
   22250.0000000000       -4.67323144633910     
   22350.0000000000       -4.68033582612043     
   22450.0000000000       -4.68745834470949     
   22550.0000000000       -4.69470850311971     
   22650.0000000000       -4.70173345366961     
   22750.0000000000       -4.70872857116307     
   22850.0000000000       -4.71554509723473     
   22950.0000000000       -4.72432588580812     
   23050.0000000000       -4.73032172423713     
   23150.0000000000       -4.73705076250995     
   23250.0000000000       -4.74617773765498     
   23350.0000000000       -4.75189163398232     
   23450.0000000000       -4.75849129828371     
   23550.0000000000       -4.76768223423677     
   23650.0000000000       -4.77331353637416     
   23750.0000000000       -4.77946466897608     
   23850.0000000000       -4.78822541289015     
   23950.0000000000       -4.79377661335071     
   24050.0000000000       -4.80047586041103     
   24150.0000000000       -4.80889294722450     
   24250.0000000000       -4.81214616395431     
   24350.0000000000       -4.82076364989478     
   24450.0000000000       -4.82825010509831     
   24550.0000000000       -4.83211704276402     
   24650.0000000000       -4.83965934173967     
   24750.0000000000       -4.84649912108396     
   24850.0000000000       -4.85004524112988     
   24950.0000000000       -4.86302545548209     
   25050.0000000000       -4.86072641462607     
   25150.0000000000       -4.86856491410383     
   25250.0000000000       -4.88282930472823     
   25350.0000000000       -4.88133869080918     
   25450.0000000000       -4.88679758610389     
   25550.0000000000       -4.89415579521202     
   25650.0000000000       -4.90910527711733     
   25750.0000000000       -4.90596318636621     
   25850.0000000000       -4.91191518911024     
   25950.0000000000       -4.91784435459782     
   26050.0000000000       -4.92615214446874     
   26150.0000000000       -4.94101033021732     
   26250.0000000000       -4.95235679249087     
   26350.0000000000       -4.94417413809040     
   26450.0000000000       -4.94855176701914     
   26550.0000000000       -4.95462309869592     
   26650.0000000000       -4.96234133002135     
   26750.0000000000       -4.97797823480921     
   26850.0000000000       -4.97365273094883     
   26950.0000000000       -4.97847312882891     
   27050.0000000000       -4.98428695388524     
   27150.0000000000       -4.99018637670500     
   27250.0000000000       -4.99611988219389     
   27350.0000000000       -5.00217277541943     
   27450.0000000000       -5.00865175045296     
   27550.0000000000       -5.02478516174370     
   27650.0000000000       -5.02331241317006     
   27750.0000000000       -5.02591796257018     
   27850.0000000000       -5.03146720275750     
   27950.0000000000       -5.03712195324551     
   28050.0000000000       -5.04292893377080     
   28150.0000000000       -5.04867557968226     
   28250.0000000000       -5.05447120198428     
   28350.0000000000       -5.06020811181625     
   28450.0000000000       -5.06603250527617     
   28550.0000000000       -5.07195885825634     
   28650.0000000000       -5.07988839678976     
   28750.0000000000       -5.09533271428019     
   28850.0000000000       -5.08960393851488     
   28950.0000000000       -5.09439412481221     
   29050.0000000000       -5.09987356914681     
   29150.0000000000       -5.10545768004968     
   29250.0000000000       -5.11104843468074     
   29350.0000000000       -5.11658151136763     
   29450.0000000000       -5.12216374151885     
   29550.0000000000       -5.12760271221019     
   29650.0000000000       -5.13311842820958     
   29750.0000000000       -5.13859631947976     
   29850.0000000000       -5.14409567362881     
   29950.0000000000       -5.14957678937132     
   30050.0000000000       -5.15501660020872     
   30150.0000000000       -5.16047296768841     
   30250.0000000000       -5.16647359160830     
   30350.0000000000       -5.18133642149987     
   30450.0000000000       -5.18169401961685     
   30550.0000000000       -5.18237191476087     
   30650.0000000000       -5.18736443117777     
   30750.0000000000       -5.19259280756795     
   30850.0000000000       -5.19791633762531     
   30950.0000000000       -5.20316202154622     
   31050.0000000000       -5.20841059059276     
   31150.0000000000       -5.21400792438140     
   31250.0000000000       -5.21900506994961     
   31350.0000000000       -5.22414098524357     
   31450.0000000000       -5.22937520727221     
   31550.0000000000       -5.23464618041591     
   31650.0000000000       -5.23975375599807     
   31750.0000000000       -5.24486030424533     
   31850.0000000000       -5.25002950173233     
   31950.0000000000       -5.25516379981013     
   32100.0000000000       -5.26286658870449     
   32300.0000000000       -5.27303806756186     
   32500.0000000000       -5.28314072305850     
   32700.0000000000       -5.29337094776741     
   32900.0000000000       -5.31086895295305     
   33100.0000000000       -5.31501651921334     
   33300.0000000000       -5.32352063954528     
   33500.0000000000       -5.33320044685273     
   33700.0000000000       -5.34290921366831     
   33900.0000000000       -5.35278178011494     
   34100.0000000000       -5.36252651151396     
   34300.0000000000       -5.37211122145653     
   34500.0000000000       -5.38174298117980     
   34700.0000000000       -5.39127856628588     
   34900.0000000000       -5.40085320340106     
   35100.0000000000       -5.41019351143903     
   35300.0000000000       -5.41957941680344     
   35500.0000000000       -5.42916372123929     
   35700.0000000000       -5.43874692561587     
   35900.0000000000       -5.44649317102799     
   36100.0000000000       -5.45742440420951     
   36300.0000000000       -5.46457524229723     
   36500.0000000000       -5.47592975088820     
   36700.0000000000       -5.48240877311978     
   36900.0000000000       -5.49451884335462     
   37100.0000000000       -5.50070913859061     
   37300.0000000000       -5.51244035610807     
   37500.0000000000       -5.52602703223735     
   37700.0000000000       -5.52701764700092     
   37900.0000000000       -5.53553550161115     
   38100.0000000000       -5.54682189128244     
   38300.0000000000       -5.55469056573160     
   38500.0000000000       -5.56138378588867     
   38700.0000000000       -5.57005864203578     
   38900.0000000000       -5.57910315687469     
   39100.0000000000       -5.59158131365486     
   39300.0000000000       -5.59574059794701     
   39500.0000000000       -5.60396602667714     
   39700.0000000000       -5.61227748589261     
   39900.0000000000       -5.62074758019214     
   40100.0000000000       -5.63123007117625     
   40300.0000000000       -5.64109430089077     
   40500.0000000000       -5.65244734972938     
   40700.0000000000       -5.65412992846617     
   40900.0000000000       -5.66190604420570     
   41100.0000000000       -5.66996760332037     
   41300.0000000000       -5.67810168615849     
   41500.0000000000       -5.68656680522193     
   41700.0000000000       -5.69962596174190     
   41900.0000000000       -5.70262369446567     
   42100.0000000000       -5.71024766398472     
   42300.0000000000       -5.71794247650907     
   42500.0000000000       -5.72582023426395     
   42700.0000000000       -5.73364332483870     
   42900.0000000000       -5.74341394350325     
   43100.0000000000       -5.75255592837401     
   43300.0000000000       -5.75940139583054     
   43500.0000000000       -5.76965382119582     
   43700.0000000000       -5.78246705571388     
   43900.0000000000       -5.78612131082835     
   44100.0000000000       -5.79456284423583     
   44300.0000000000       -5.80140838288035     
   44500.0000000000       -5.80909165163678     
   44700.0000000000       -5.81774035511520     
   44900.0000000000       -5.82383888701414     
   45100.0000000000       -5.83173217222333     
   45300.0000000000       -5.84045501272966     
   45500.0000000000       -5.84689603426788     
   45700.0000000000       -5.85362355587699     
   45900.0000000000       -5.86261113740967     
   46100.0000000000       -5.86879683729293     
   46300.0000000000       -5.87666370745995     
   46500.0000000000       -5.88984372260088     
   46700.0000000000       -5.89640255258165     
   46900.0000000000       -5.89794208174341     
   47100.0000000000       -5.90373255628404     
   47300.0000000000       -5.90974230698060     
   47500.0000000000       -5.91744047407240     
   47700.0000000000       -5.92423011163298     
   47900.0000000000       -5.93069589399012     
   48100.0000000000       -5.93860154837798     
   48300.0000000000       -5.94429855136994     
   48500.0000000000       -5.95129810134453     
   48700.0000000000       -5.95857716699647     
   48900.0000000000       -5.96527839537304     
   49100.0000000000       -5.97195896790694     
   49300.0000000000       -5.97889211429084     
   49500.0000000000       -5.98566032441954     
   49700.0000000000       -5.99234452275935     
   49900.0000000000       -5.99867515151953     
   50100.0000000000       -6.00520534510307     
   50300.0000000000       -6.01180309587390     
   50500.0000000000       -6.01924616526619     
   50700.0000000000       -6.02554789840574     
   50900.0000000000       -6.03158780092699     
   51100.0000000000       -6.03937527984676     
   51300.0000000000       -6.05142189273382     
   51500.0000000000       -6.05206042366749     
   51700.0000000000       -6.05713267667035     
   51900.0000000000       -6.06434838389882     
   52100.0000000000       -6.07072554554710     
   52300.0000000000       -6.07709196345387     
   52500.0000000000       -6.08312349798494     
   52700.0000000000       -6.08909031662452     
   52900.0000000000       -6.09618527945840     
   53100.0000000000       -6.10207357784243     
   53300.0000000000       -6.10849832122770     
   53500.0000000000       -6.11443761352256     
   53700.0000000000       -6.12058596261570     
   53900.0000000000       -6.12669525389649     
   54100.0000000000       -6.13292791951479     
   54300.0000000000       -6.13951373914213     
   54500.0000000000       -6.14516160426904     
   54700.0000000000       -6.15117516542403     
   54900.0000000000       -6.15752327775980     
   55100.0000000000       -6.16335749385273     
   55300.0000000000       -6.16888708659902     
   55500.0000000000       -6.17575412292324     
   55700.0000000000       -6.18095237164908     
   55900.0000000000       -6.18732753603908     
   56100.0000000000       -6.19327318589927     
   56300.0000000000       -6.19928504616006     
   56500.0000000000       -6.20476199113098     
   56700.0000000000       -6.21069967431639     
   56900.0000000000       -6.21697820224624     
   57100.0000000000       -6.22239861955334     
   57300.0000000000       -6.22833910367513     
   57500.0000000000       -6.23411194694179     
   57700.0000000000       -6.23998446767824     
   57900.0000000000       -6.24559549327401     
   58100.0000000000       -6.25150037441695     
   58300.0000000000       -6.25719005903167     
   58500.0000000000       -6.26246994644538     
   58700.0000000000       -6.26844161029251     
   58900.0000000000       -6.27490844246680     
   59100.0000000000       -6.28629365673362     
   59300.0000000000       -6.28589947704529     
   59500.0000000000       -6.29109878998374     
   59700.0000000000       -6.29646906669735     
   59900.0000000000       -6.30211903311670     
   60100.0000000000       -6.30765220756940     
   60300.0000000000       -6.31324034622086     
   60500.0000000000       -6.31896265925288     
   60700.0000000000       -6.32446080676490     
   60900.0000000000       -6.32990086701444     
   61100.0000000000       -6.33557237387242     
   61300.0000000000       -6.34097386951448     
   61500.0000000000       -6.34643873368395     
   61700.0000000000       -6.35186961047120     
   61900.0000000000       -6.35728848710958     
   62100.0000000000       -6.36271080409695     
   62300.0000000000       -6.36818873219441     
   62500.0000000000       -6.37365534286185     
   62700.0000000000       -6.37901226241151     
   62900.0000000000       -6.38436880341853     
   63100.0000000000       -6.38975665177733     
   63300.0000000000       -6.39499319259651     
   63500.0000000000       -6.40039782821042     
   63700.0000000000       -6.40561669681492     
   63900.0000000000       -6.41105236270365     
   64200.0000000000       -6.41889615316733     
   64600.0000000000       -6.42944129102233     
   65000.0000000000       -6.43985932767287     
   65400.0000000000       -6.45023445778676     
   65800.0000000000       -6.46055748397626     
   66200.0000000000       -6.47084135425786     
   66600.0000000000       -6.48105551595013     
   67000.0000000000       -6.49119524481945     
   67400.0000000000       -6.50129644354817     
   67800.0000000000       -6.51132688043974     
   68200.0000000000       -6.52132188740930     
   68600.0000000000       -6.53123997516939     
   69000.0000000000       -6.54110893671098     
   69400.0000000000       -6.55094836817677     
   69800.0000000000       -6.56068961874024     
   70200.0000000000       -6.57042417636910     
   70600.0000000000       -6.58006223964782     
   71000.0000000000       -6.58966773097663     
   71400.0000000000       -6.59922716049482     
   71800.0000000000       -6.60872273357116     
   72200.0000000000       -6.61817284911459     
   72600.0000000000       -6.62757319941433     
   73000.0000000000       -6.63692584460571     
   73400.0000000000       -6.64622795013084     
   73800.0000000000       -6.65546094190051     
   74200.0000000000       -6.66485249549298     
   74600.0000000000       -6.67791783921162     
   75000.0000000000       -6.68687336024988     
   75400.0000000000       -6.69218127631877     
   75800.0000000000       -6.70098256095854     
   76200.0000000000       -6.70994096332713     
   76600.0000000000       -6.71883824522426     
   77000.0000000000       -6.72773021191330     
   77400.0000000000       -6.73654509240841     
   77800.0000000000       -6.74533320634952     
   78200.0000000000       -6.75407527978702     
   78600.0000000000       -6.76276831557389     
   79000.0000000000       -6.77142710340949     
   79400.0000000000       -6.78001636000948     
   79800.0000000000       -6.78858181337834     
   80200.0000000000       -6.79710744462621     
   80600.0000000000       -6.80559957858752     
   81000.0000000000       -6.81404541255582     
   81400.0000000000       -6.82244820266320     
   81800.0000000000       -6.83079521182341     
   82200.0000000000       -6.83912973227573     
   82600.0000000000       -6.84741176844055     
   83000.0000000000       -6.85565217336833     
   83400.0000000000       -6.86387978075212     
   83800.0000000000       -6.87201782680575     
   84200.0000000000       -6.88016430667780     
   84600.0000000000       -6.88827249358435     
   85000.0000000000       -6.89630367675277     
   85400.0000000000       -6.90432721682970     
   85800.0000000000       -6.91229881215630     
   86200.0000000000       -6.92026016475981     
   86600.0000000000       -6.92815418002375     
   87000.0000000000       -6.93603301654512     
   87400.0000000000       -6.94386285686487     
   87800.0000000000       -6.95166815967623     
   88200.0000000000       -6.95946670664610     
   88600.0000000000       -6.96718414049606     
   89000.0000000000       -6.97486218401381     
   89400.0000000000       -6.98254901253902     
   89800.0000000000       -6.99019649767454     
   90200.0000000000       -6.99778714083886     
   90600.0000000000       -7.00534596770391     
   91000.0000000000       -7.01288236847969     
   91400.0000000000       -7.02036356506225     
   91800.0000000000       -7.02785529785670     
   92200.0000000000       -7.03529602946904     
   92600.0000000000       -7.04268670576584     
   93000.0000000000       -7.05005741044120     
   93400.0000000000       -7.05741069794180     
   93800.0000000000       -7.06471759110683     
   94200.0000000000       -7.07200930213653     
   94600.0000000000       -7.07925110067672     
   95000.0000000000       -7.08648306128014     
   95400.0000000000       -7.09366252673176     
   95800.0000000000       -7.10082263636271     
   96200.0000000000       -7.10797693171745     
   96600.0000000000       -7.11508694465672     
   97000.0000000000       -7.12216032795636     
   97400.0000000000       -7.12919354893127     
   97800.0000000000       -7.13622195727481     
   98200.0000000000       -7.14321050781782     
   98600.0000000000       -7.15016131765397     
   99000.0000000000       -7.15710825444841     
   99400.0000000000       -7.16400973695789     
   99800.0000000000       -7.17089624145034     
   100200.000000000       -7.17775816656876     
   200000.000000000       -8.36735940464541     
   400000.000000000       -9.56781892076635     
   600000.000000000       -10.2726514712446     
   800000.000000000       -10.7737971421221     
   1000000.00000000       -11.1629959814379     
   1200000.00000000       -11.4812998944915     
   1400000.00000000       -11.7505861970800     
   1600000.00000000       -11.9840830469382     
