# SNR 13.3513
# Quality c
# flux_factor = 1.e-20
5051.3203  1.9030e+02  1.1054e+02
5052.5708  1.5963e+02  9.6801e+01
5053.8208  1.3248e+01  1.1613e+02
5055.0713  4.6331e+00  1.0834e+02
5056.3218  2.7887e+01  8.3625e+01
5057.5718  -3.4730e+01  1.2214e+02
5058.8223  -2.8347e+01  1.0655e+02
5060.0728  3.0354e+01  1.1659e+02
5061.3228  8.5054e+01  8.8444e+01
5062.5732  -1.1286e+02  8.4632e+01
5063.8237  4.0022e+00  1.0288e+02
5065.0737  4.1780e+01  1.1226e+02
5066.3242  1.9539e+02  1.0644e+02
5067.5747  9.4443e+01  1.0490e+02
5068.8247  1.6304e+02  9.7875e+01
5070.0752  7.3011e+01  1.0677e+02
5071.3257  1.0496e+02  1.0543e+02
5072.5757  1.4444e+02  1.0264e+02
5073.8262  1.2678e+02  1.1317e+02
5075.0767  -8.6288e+01  1.2230e+02
5076.3267  1.0691e+02  1.0227e+02
5077.5771  -7.1689e+01  9.2257e+01
5078.8276  5.9251e+01  9.8134e+01
5080.0776  1.0673e+02  1.1042e+02
5081.3281  8.9936e+01  8.3232e+01
5082.5786  2.1214e+02  1.1241e+02
5083.8291  -3.0449e+01  1.1365e+02
5085.0791  4.3976e+00  9.7465e+01
5086.3296  -4.3870e-01  1.0371e+02
5087.5801  9.9263e+01  9.1862e+01
5088.8301  6.0422e+01  9.8002e+01
5090.0806  4.2065e+01  1.0062e+02
5091.3311  -3.8941e+01  8.5310e+01
5092.5811  4.3245e+01  1.0094e+02
5093.8315  3.4217e+01  8.8380e+01
5095.0820  1.9983e+02  1.1070e+02
5096.3320  1.4414e+01  8.4173e+01
5097.5825  4.8469e+01  9.5220e+01
5098.8330  8.8722e+01  1.1274e+02
5100.0830  1.7121e+02  1.1077e+02
5101.3335  -1.2112e+02  8.5936e+01
5102.5840  -2.0000e+02  1.0657e+02
5103.8340  -3.8120e+01  1.0482e+02
5105.0845  4.7675e+01  9.3801e+01
5106.3350  -1.5780e+01  9.5896e+01
5107.5850  1.0760e+02  1.1182e+02
5108.8354  7.7997e+01  9.9673e+01
5110.0859  1.7281e+02  1.0154e+02
5111.3364  4.3525e+01  9.1473e+01
5112.5864  1.4564e+02  8.7764e+01
5113.8369  1.6786e+02  8.6811e+01
5115.0874  1.4604e+00  8.7098e+01
5116.3374  -4.6296e+00  1.0413e+02
5117.5879  -4.7900e+00  9.5219e+01
5118.8384  -5.7010e+01  8.9528e+01
5120.0884  1.7128e+02  1.1295e+02
5121.3389  8.8438e-01  1.0376e+02
5122.5894  -3.7920e+01  1.1756e+02
5123.8394  1.0934e+02  9.1239e+01
5125.0898  5.2333e+01  7.9472e+01
5126.3403  1.1781e+02  8.4028e+01
5127.5903  2.3280e+02  9.8992e+01
5128.8408  -2.2250e+01  1.0830e+02
5130.0913  7.1895e+01  1.0215e+02
5131.3413  1.1488e+02  8.2529e+01
5132.5918  1.5711e+02  8.4567e+01
5133.8423  3.3541e+02  8.9098e+01
5135.0923  6.2972e+02  8.9198e+01
5136.3428  8.7496e+02  9.2968e+01
5137.5933  8.3474e+02  9.2652e+01
5138.8438  5.5741e+02  8.9519e+01
5140.0938  3.7077e+02  9.8624e+01
5141.3442  2.9653e+02  9.6033e+01
5142.5947  8.4155e+01  9.2309e+01
5143.8447  3.8310e+02  9.7952e+01
5145.0952  2.6965e+02  1.0350e+02
5146.3457  9.0739e+01  9.2173e+01
5147.5957  1.7513e+01  8.5848e+01
5148.8462  1.5825e+02  9.7169e+01
5150.0967  1.0196e+02  9.9334e+01
5151.3467  4.7507e+01  1.0407e+02
5152.5972  1.3627e+01  1.1359e+02
5153.8477  6.2588e+01  9.7320e+01
5155.0977  -4.2931e+01  1.0388e+02
5156.3481  -8.6951e+01  1.1254e+02
5157.5986  -2.5842e+02  1.2074e+02
5158.8486  1.8687e+02  1.0226e+02
5160.0991  1.9397e+02  8.5244e+01
5161.3496  3.7237e+01  1.0063e+02
5162.5996  -1.2006e+02  8.3038e+01
5163.8501  1.9976e+01  1.0129e+02
5165.1006  -4.9001e+01  8.5184e+01
5166.3511  3.1836e+01  9.4108e+01
5167.6011  -1.8593e+02  9.0772e+01
5168.8516  -2.9181e+01  1.0736e+02
5170.1021  1.2641e+02  9.3450e+01
5171.3521  1.4067e+00  9.4665e+01
5172.6025  1.1987e+02  7.5649e+01
5173.8530  9.3442e+01  8.7159e+01
5175.1030  2.6315e+01  8.3120e+01
5176.3535  -2.0591e+01  9.8861e+01
5177.6040  -4.0068e+01  8.0963e+01
5178.8540  -1.2005e+02  1.1148e+02
5180.1045  -6.5945e+01  9.4035e+01
5181.3550  -1.1345e+01  9.8212e+01
5182.6050  -6.4531e+01  1.0399e+02
5183.8555  -2.1714e+01  8.1522e+01
5185.1060  1.0800e+01  7.9254e+01
5186.3560  1.0052e+02  8.0066e+01
5187.6064  2.0445e+02  8.2705e+01
5188.8569  4.2161e+01  9.2374e+01
5190.1069  -3.9597e+01  1.0583e+02
5191.3574  2.8688e+01  8.2766e+01
5192.6079  -1.3321e+02  8.9472e+01
5193.8584  -6.5785e+01  9.3573e+01
5195.1084  3.2730e+00  1.1000e+02
5196.3589  2.5008e+00  1.0047e+02
5197.6094  -1.4580e+02  1.2226e+02
5198.8594  1.0288e+02  1.5907e+02
5200.1099  -5.9783e+01  1.7298e+02
5201.3604  -1.4803e+02  1.2038e+02
5202.6104  3.8046e-01  1.1223e+02
5203.8608  1.0247e+02  1.0167e+02
5205.1113  8.5442e+01  8.4746e+01
5206.3613  1.5810e+02  9.4741e+01
5207.6118  1.2266e+02  8.1130e+01
5208.8623  -1.2975e+02  9.2846e+01
5210.1123  -1.8592e+01  9.0666e+01
5211.3628  4.6353e+01  9.7117e+01
5212.6133  1.1048e+01  8.9868e+01
5213.8633  -2.3156e+01  9.9800e+01
5215.1138  1.6290e+01  9.1108e+01
5216.3643  -1.9663e+01  9.2567e+01
5217.6143  -1.4620e+02  7.9350e+01
5218.8647  -2.4257e+01  9.3222e+01
5220.1152  -3.3161e+01  9.1438e+01
5221.3657  4.3346e+01  1.0003e+02
