# SNR 9.6790
# Quality c
# flux_factor = 1.e-20
5470.3770  3.6389e+01  1.7886e+02
5471.6274  1.4619e+02  1.7847e+02
5472.8779  8.0661e+00  1.7752e+02
5474.1284  1.8083e+02  1.7675e+02
5475.3784  1.8671e+02  1.7674e+02
5476.6289  4.1929e+01  1.7734e+02
5477.8794  1.7071e+02  1.7692e+02
5479.1294  2.3309e+01  1.7530e+02
5480.3799  -2.9004e+01  1.7536e+02
5481.6304  6.8418e+01  1.7703e+02
5482.8804  4.4111e+01  1.7716e+02
5484.1309  -3.5590e+01  1.7623e+02
5485.3813  -3.9606e+01  1.7692e+02
5486.6313  3.6217e+02  1.7806e+02
5487.8818  1.6086e+02  1.7801e+02
5489.1323  -1.1591e+02  1.7611e+02
5490.3823  -4.3972e+01  1.7554e+02
5491.6328  -4.3169e+02  1.7559e+02
5492.8833  -1.4167e+02  1.7650e+02
5494.1333  -7.8872e+01  1.7680e+02
5495.3838  1.2997e+02  1.7665e+02
5496.6343  -5.3619e+01  1.7645e+02
5497.8848  -2.1135e+02  1.7679e+02
5499.1348  1.1680e+02  1.7778e+02
5500.3853  1.4792e+02  1.7882e+02
5501.6357  1.4933e+02  1.7910e+02
5502.8857  2.2732e+02  1.7781e+02
5504.1362  4.8922e+01  1.7663e+02
5505.3867  1.4835e+02  1.7596e+02
5506.6367  -1.7613e+02  1.7796e+02
5507.8872  -8.9876e+01  1.7772e+02
5509.1377  -1.7904e+02  1.7643e+02
5510.3877  4.2717e+00  1.7825e+02
5511.6382  -1.6458e+02  1.7880e+02
5512.8887  -3.1362e+02  1.7735e+02
5514.1387  -1.8183e+02  1.7727e+02
5515.3892  8.3768e+01  1.7827e+02
5516.6396  -2.2280e+02  1.7724e+02
5517.8896  -7.4931e+01  1.7688e+02
5519.1401  1.1335e+02  1.7672e+02
5520.3906  1.2979e+02  1.7713e+02
5521.6411  3.5131e+01  1.7794e+02
5522.8911  1.4663e+02  1.7915e+02
5524.1416  -1.0775e+01  1.7785e+02
5525.3921  6.7053e+01  1.7711e+02
5526.6421  1.3603e+02  1.7665e+02
5527.8926  -4.4495e+01  1.7695e+02
5529.1431  -7.4812e+01  1.7538e+02
5530.3931  -3.6869e+01  1.7254e+02
5531.6436  1.0696e+02  1.7511e+02
5532.8940  8.6267e+01  1.7622e+02
5534.1440  -1.5515e+02  1.7660e+02
5535.3945  -2.7840e+02  1.7631e+02
5536.6450  -1.4753e+02  1.7480e+02
5537.8950  -2.5375e+02  1.7428e+02
5539.1455  -5.5317e+01  1.7609e+02
5540.3960  -3.8079e+00  1.7593e+02
5541.6460  9.9597e+01  1.7503e+02
5542.8965  -1.3177e+02  1.7973e+02
5544.1470  -9.9580e+01  1.8170e+02
5545.3975  -1.7987e+02  1.8105e+02
5546.6475  1.4560e+02  1.8252e+02
5547.8979  7.8506e+01  1.7828e+02
5549.1484  5.3041e+01  1.7727e+02
5550.3984  -2.0614e+02  1.7858e+02
5551.6489  -3.0891e+01  1.7933e+02
5552.8994  -5.0119e+01  1.7634e+02
5554.1494  -4.6859e+01  1.7735e+02
5555.3999  -3.4278e+02  1.7543e+02
5556.6504  -9.0562e+01  1.7632e+02
5557.9004  4.2347e+01  1.7523e+02
5559.1509  3.3691e+02  1.7647e+02
5560.4014  8.1720e+02  1.7579e+02
5561.6514  7.9454e+02  1.7647e+02
5562.9019  9.6258e+02  1.7612e+02
5564.1523  5.8528e+02  1.8030e+02
5565.4023  3.0849e+02  1.8456e+02
5566.6528  1.6441e+02  1.8554e+02
5567.9033  -8.5964e+01  1.7883e+02
5569.1538  1.2821e+02  1.7747e+02
5570.4038  1.4104e+02  1.7836e+02
5571.6543  1.9307e+01  1.8068e+02
5572.9048  -2.0402e+02  1.7791e+02
5574.1548  -6.6882e+01  1.6348e+02
5575.4053  7.9724e+01  2.1011e+02
5576.6558  -8.4354e+00  4.4287e+02
5577.9058  8.2677e+00  1.1551e+03
5579.1562  1.2716e+01  1.5400e+03
5580.4067  4.8150e+00  1.1468e+03
5581.6567  4.2173e+01  4.0982e+02
5582.9072  -1.5681e+02  1.9678e+02
5584.1577  -3.5348e+02  1.7987e+02
5585.4077  -1.1519e+02  1.7492e+02
5586.6582  6.8817e+01  1.7370e+02
5587.9087  -1.1325e+02  1.7174e+02
5589.1587  -8.3211e+00  1.7511e+02
5590.4092  -8.6847e+00  1.8221e+02
5591.6597  1.0895e+02  1.8285e+02
5592.9102  7.9142e+01  1.7449e+02
5594.1602  2.2918e+02  1.7032e+02
5595.4106  7.1597e+01  1.7051e+02
5596.6611  8.5413e+01  1.7120e+02
5597.9111  -5.6954e+01  1.7464e+02
5599.1616  1.5664e+02  1.7704e+02
5600.4121  1.3013e+02  1.7470e+02
5601.6621  -1.3327e+02  1.7254e+02
5602.9126  1.1008e+02  1.7141e+02
5604.1631  1.2271e+02  1.7141e+02
5605.4131  2.1247e+02  1.7620e+02
5606.6636  1.8745e+01  1.8338e+02
5607.9141  -2.1030e+02  1.7963e+02
5609.1641  1.9296e+01  1.7485e+02
5610.4146  4.2035e+01  1.7270e+02
5611.6650  -1.8230e+01  1.7180e+02
5612.9150  8.2068e+01  1.7268e+02
5614.1655  9.6852e+01  1.7300e+02
5615.4160  1.8823e+02  1.7193e+02
5616.6665  6.3164e+01  1.7009e+02
5617.9165  -1.6632e+02  1.7195e+02
5619.1670  4.4152e+01  1.7445e+02
5620.4175  -5.9356e+01  1.7173e+02
5621.6675  -1.5544e+02  1.7058e+02
5622.9180  -1.3927e+02  1.7086e+02
5624.1685  4.6443e+01  1.7581e+02
5625.4185  -1.5049e+01  1.8064e+02
5626.6689  2.7649e+01  1.7776e+02
5627.9194  6.0060e+01  1.7054e+02
5629.1694  -1.8065e+02  1.6976e+02
5630.4199  3.6048e+02  1.6942e+02
5631.6704  1.1809e+02  1.7091e+02
5632.9204  -8.5796e+01  1.7024e+02
5634.1709  -9.1395e+01  1.6970e+02
5635.4214  3.7478e+01  1.6932e+02
5636.6714  1.6955e+02  1.6887e+02
5637.9219  6.7912e+01  1.6806e+02
5639.1724  4.8128e+01  1.6951e+02
5640.4229  -2.1986e+02  1.7069e+02
5641.6729  -2.3988e+02  1.7152e+02
5642.9233  -3.1449e+02  1.6971e+02
5644.1738  8.4318e+01  1.6823e+02
5645.4238  1.5414e+02  1.7022e+02
5646.6743  1.3864e+01  1.7528e+02
5647.9248  1.8393e+02  1.7416e+02
5649.1748  -2.3369e+01  1.7102e+02
5650.4253  1.7064e+02  1.6806e+02
5651.6758  -6.6020e+01  1.6953e+02
5652.9258  8.4731e+01  1.6896e+02
5654.1763  9.8673e+00  1.6967e+02
