# SNR 18.6534
# Quality c
# flux_factor = 1.e-20
6887.1562  4.1804e+01  5.0226e+01
6888.4062  3.4972e+01  5.0974e+01
6889.6567  -4.5793e+00  5.4407e+01
6890.9072  3.7551e+00  7.2018e+01
6892.1572  4.7821e+01  7.9472e+01
6893.4077  1.0973e+01  6.4687e+01
6894.6582  4.5964e+01  5.1645e+01
6895.9082  4.9727e+01  5.2389e+01
6897.1587  5.0498e+01  5.3798e+01
6898.4092  -1.6670e+01  5.1199e+01
6899.6597  -1.7161e+00  4.9536e+01
6900.9097  -3.9473e+01  5.0329e+01
6902.1602  -4.2716e+01  6.6667e+01
6903.4106  -1.3779e+02  9.5815e+01
6904.6606  3.6999e+00  6.8067e+01
6905.9111  1.5647e+01  5.1613e+01
6907.1616  4.1331e+01  4.9470e+01
6908.4116  -4.5545e+01  4.7840e+01
6909.6621  -4.5157e+01  4.7633e+01
6910.9126  -5.5968e+01  4.8195e+01
6912.1626  8.2871e+01  4.8868e+01
6913.4131  -3.3315e+01  5.6552e+01
6914.6636  -5.1611e+01  9.4034e+01
6915.9141  -1.4925e+01  9.5440e+01
6917.1641  5.7571e+01  5.7080e+01
6918.4146  6.0508e+00  4.6853e+01
6919.6650  -9.4712e+00  4.7187e+01
6920.9150  -4.0533e+00  4.7231e+01
6922.1655  -4.2564e+01  4.7192e+01
6923.4160  -6.1849e+01  5.2475e+01
6924.6660  -6.5183e+00  1.0073e+02
6925.9165  -7.2714e+01  1.3039e+02
6927.1670  7.6416e+00  9.7177e+01
6928.4170  3.1697e+01  5.0929e+01
6929.6675  -2.3057e+01  4.7061e+01
6930.9180  -1.3027e+01  4.8019e+01
6932.1680  5.4634e+01  4.7580e+01
6933.4185  -2.8177e+01  4.6718e+01
6934.6689  -2.0244e+01  4.6184e+01
6935.9194  3.4827e+01  4.6144e+01
6937.1694  -3.1124e+01  4.6079e+01
6938.4199  -1.9778e+00  4.6519e+01
6939.6704  -2.7736e+00  4.8956e+01
6940.9204  -1.2237e+02  6.5883e+01
6942.1709  -7.1978e+01  7.8864e+01
6943.4214  1.2638e+02  6.8283e+01
6944.6714  1.5828e-02  4.9780e+01
6945.9219  2.0973e+01  4.6886e+01
6947.1724  8.8029e+00  4.5996e+01
6948.4224  5.5384e+00  4.6564e+01
6949.6729  -4.9915e+01  5.9788e+01
6950.9233  -3.6744e+01  1.2024e+02
6952.1733  4.7047e+01  1.2885e+02
6953.4238  -6.7156e+01  6.9650e+01
6954.6743  -2.6765e+01  4.9742e+01
6955.9248  -2.7825e+01  4.7245e+01
6957.1748  3.1067e+01  4.7733e+01
6958.4253  1.8135e+01  4.8562e+01
6959.6758  -4.6721e+01  4.8528e+01
6960.9258  -5.6756e+00  4.7424e+01
6962.1763  1.3593e+00  4.7294e+01
6963.4268  4.4057e+01  4.7113e+01
6964.6768  6.1142e+01  4.6796e+01
6965.9272  2.1696e+01  4.6634e+01
6967.1777  -2.5573e+01  4.6515e+01
6968.4277  1.0418e+01  4.8389e+01
6969.6782  2.4420e+01  4.8176e+01
6970.9287  -1.1057e+01  5.3636e+01
6972.1792  5.4519e+01  6.7413e+01
6973.4292  4.4342e+01  6.4361e+01
6974.6797  -2.4332e+01  4.9269e+01
6975.9302  -1.7256e+01  4.5754e+01
6977.1802  1.8527e+01  4.5948e+01
6978.4307  -9.0604e+00  4.8067e+01
6979.6812  -3.3079e+01  6.6704e+01
6980.9312  -2.7267e+01  1.0488e+02
6982.1816  6.9775e+01  7.3724e+01
6983.4321  -8.6947e+01  5.0208e+01
6984.6821  -1.1939e+01  4.6268e+01
6985.9326  4.3965e+01  4.6600e+01
6987.1831  4.3994e+01  4.6617e+01
6988.4331  1.9159e+01  4.7362e+01
6989.6836  1.7522e+01  4.7424e+01
6990.9341  -3.2882e+01  4.6534e+01
6992.1846  3.1209e+01  4.5728e+01
6993.4346  4.4489e+01  4.6395e+01
6994.6851  -8.2750e+00  4.5890e+01
6995.9355  -1.3155e+01  4.5623e+01
6997.1855  -8.4580e+00  4.5681e+01
6998.4360  -1.4351e+01  4.6801e+01
6999.6865  3.7159e+01  4.7561e+01
7000.9365  1.2616e+02  4.6800e+01
7002.1870  3.8233e+02  4.6594e+01
7003.4375  5.1971e+02  4.6915e+01
7004.6875  3.9809e+02  4.8965e+01
7005.9380  3.3791e+02  5.7832e+01
7007.1885  2.3640e+02  5.7441e+01
7008.4390  1.7331e+02  4.7678e+01
7009.6890  1.1608e+02  4.4563e+01
7010.9395  1.8219e+02  4.5082e+01
7012.1899  8.4706e+01  5.0370e+01
7013.4399  5.7437e+01  6.6519e+01
7014.6904  1.3803e+01  6.6339e+01
7015.9409  4.4185e+01  5.0742e+01
7017.1909  3.2154e+01  4.4924e+01
7018.4414  5.3502e+01  4.4342e+01
7019.6919  -1.0427e+01  4.4363e+01
7020.9419  6.8466e+01  4.4833e+01
7022.1924  4.5186e+01  4.5108e+01
7023.4429  -1.1999e+00  4.5213e+01
7024.6929  3.6305e+00  4.4607e+01
7025.9434  -3.4314e+00  4.4857e+01
7027.1938  2.8694e+01  4.4743e+01
7028.4443  -6.9514e+01  4.5088e+01
7029.6943  -2.6207e+01  4.5012e+01
7030.9448  -5.4199e+01  4.5613e+01
7032.1953  -5.2893e+01  4.6522e+01
7033.4453  3.7123e+00  4.5924e+01
7034.6958  -3.5144e+01  4.4677e+01
7035.9463  -2.6641e+01  4.4910e+01
7037.1963  1.4041e+01  4.4615e+01
7038.4468  -2.7321e+01  4.4991e+01
7039.6973  -2.8544e+01  4.4967e+01
7040.9473  -2.2703e+01  4.4833e+01
7042.1978  -7.1450e+01  4.6611e+01
7043.4482  1.5188e+00  5.2384e+01
7044.6987  -1.7212e+00  5.1471e+01
7045.9487  -5.4293e+01  4.6465e+01
7047.1992  5.8386e+00  4.7018e+01
7048.4497  -3.4446e+01  5.1228e+01
7049.6997  -5.0210e+01  5.9082e+01
7050.9502  3.6893e+01  6.3090e+01
7052.2007  3.4816e+01  5.7506e+01
7053.4507  3.0172e+01  5.2459e+01
7054.7012  -2.7944e+01  5.0919e+01
7055.9517  5.8139e+00  4.9703e+01
7057.2017  -1.2557e+01  4.8216e+01
7058.4521  -1.1876e+01  4.7376e+01
7059.7026  2.4347e+01  4.5813e+01
7060.9526  1.7136e+01  4.5476e+01
7062.2031  5.8839e+01  4.6181e+01
7063.4536  4.5972e+01  4.7093e+01
7064.7041  -3.1352e+01  4.7890e+01
7065.9541  -5.7224e+01  4.9487e+01
7067.2046  1.4254e+01  4.8542e+01
7068.4551  5.5883e+01  4.9422e+01
7069.7051  4.8781e+00  5.0411e+01
7070.9556  5.7423e+01  4.8252e+01
7072.2061  -9.0825e+00  4.9562e+01
7073.4561  -2.7248e+01  4.9565e+01
7074.7065  -2.7059e+01  4.7217e+01
7075.9570  4.6305e+01  4.8918e+01
7077.2070  5.5025e+01  4.9605e+01
7078.4575  4.3906e+01  4.6858e+01
7079.7080  -3.0322e+01  4.7416e+01
7080.9585  -2.4907e+01  4.9391e+01
7082.2085  3.0639e+01  4.7489e+01
7083.4590  3.9267e+01  4.7753e+01
7084.7095  1.2813e+01  5.2395e+01
7085.9595  -2.1527e+01  5.1491e+01
7087.2100  -6.1680e+01  4.6068e+01
7088.4604  5.1195e+00  4.6064e+01
7089.7104  3.1951e+01  4.9649e+01
7090.9609  -2.3690e-01  5.4678e+01
7092.2114  2.5206e+01  5.2965e+01
7093.4614  -7.1040e+00  4.7926e+01
7094.7119  -1.8919e+01  4.6631e+01
7095.9624  3.9613e+01  4.5931e+01
7097.2124  4.1238e+01  4.5372e+01
7098.4629  3.4764e+01  4.5220e+01
7099.7134  3.4695e+00  4.5316e+01
7100.9639  1.0742e-02  4.5406e+01
7102.2139  8.7860e+00  4.5364e+01
7103.4644  3.7236e+00  4.5303e+01
7104.7148  -2.0255e+01  4.5163e+01
7105.9648  -2.1777e+01  4.5674e+01
7107.2153  -2.2641e+01  4.5301e+01
7108.4658  3.0110e+01  4.5133e+01
7109.7158  -6.0202e+01  4.5502e+01
7110.9663  2.5573e+01  4.5633e+01
7112.2168  4.7463e+01  4.5692e+01
7113.4668  1.6492e+01  4.5599e+01
7114.7173  2.5510e+01  4.5454e+01
7115.9678  -1.1598e+01  4.5008e+01
7117.2183  1.9290e+01  4.5102e+01
7118.4683  -4.7337e+01  4.5429e+01
7119.7188  7.2622e+01  4.5299e+01
