# SNR 11.8167
# Quality c
# flux_factor = 1.e-20
5251.2070  -1.0649e+02  8.6611e+01
5252.4570  2.0910e+01  7.2413e+01
5253.7075  -6.1604e+01  8.3082e+01
5254.9580  -9.0012e+01  6.9427e+01
5256.2085  -3.5281e+00  6.8703e+01
5257.4585  1.3340e+02  8.1514e+01
5258.7090  1.1807e+02  7.7410e+01
5259.9595  -2.4603e+01  6.5250e+01
5261.2095  -1.0277e+01  5.8970e+01
5262.4600  -1.0632e+02  6.3944e+01
5263.7104  -5.5370e+01  6.7513e+01
5264.9604  3.7656e+01  6.5284e+01
5266.2109  -1.1446e+02  5.6800e+01
5267.4614  -6.0056e+01  6.1302e+01
5268.7114  1.1733e+02  6.3835e+01
5269.9619  1.0498e+02  7.2129e+01
5271.2124  -8.1952e+00  7.0060e+01
5272.4624  -5.0925e+01  6.2294e+01
5273.7129  7.6009e+01  7.8171e+01
5274.9634  -2.5758e+01  7.3188e+01
5276.2134  -3.7322e+01  7.7709e+01
5277.4639  1.1706e+02  8.7024e+01
5278.7144  2.2040e+01  8.0727e+01
5279.9644  -3.8135e+01  6.6700e+01
5281.2148  -5.9953e+01  6.6467e+01
5282.4653  -9.6785e+01  6.8791e+01
5283.7158  -6.8844e+01  6.1611e+01
5284.9658  -6.2979e+01  7.1371e+01
5286.2163  5.7813e+01  7.1720e+01
5287.4668  1.9220e+01  6.2100e+01
5288.7168  -5.2954e+01  7.8080e+01
5289.9673  -5.8115e+01  7.3718e+01
5291.2178  -1.1650e+02  6.8784e+01
5292.4678  -1.0063e+02  7.2682e+01
5293.7183  -1.1216e+02  5.9552e+01
5294.9688  -7.7456e+01  7.9518e+01
5296.2188  -1.6803e+02  6.2159e+01
5297.4692  1.1405e+02  6.6710e+01
5298.7197  -2.0355e+01  8.0261e+01
5299.9697  1.0956e+02  6.9636e+01
5301.2202  2.0091e+02  6.5734e+01
5302.4707  4.4288e+01  7.2443e+01
5303.7207  -6.1469e+01  6.5679e+01
5304.9712  1.5279e+01  6.4160e+01
5306.2217  -5.1231e+01  6.4508e+01
5307.4717  8.4038e+00  6.8515e+01
5308.7222  7.3631e+01  6.7232e+01
5309.9727  1.1458e+02  6.3367e+01
5311.2231  -9.7378e+01  6.5767e+01
5312.4731  -3.2565e+00  6.1200e+01
5313.7236  4.9970e+01  6.1526e+01
5314.9741  7.2623e+01  6.1504e+01
5316.2241  -5.4109e+01  6.6704e+01
5317.4746  8.6186e+01  7.8741e+01
5318.7251  7.0623e+01  5.9392e+01
5319.9751  -4.0813e+01  7.5114e+01
5321.2256  2.0110e+01  7.3456e+01
5322.4761  5.7768e+01  7.2540e+01
5323.7261  5.6521e+00  7.0329e+01
5324.9766  -4.4106e+01  6.5016e+01
5326.2271  -7.0465e+01  6.2670e+01
5327.4771  -5.1255e+01  7.9915e+01
5328.7275  -1.5208e+02  6.7920e+01
5329.9780  -7.5475e+01  6.7376e+01
5331.2280  -2.1724e+01  6.7797e+01
5332.4785  -2.5309e+00  8.1569e+01
5333.7290  -6.7588e+01  7.2294e+01
5334.9795  -6.8090e+01  7.2887e+01
5336.2295  6.2397e+00  7.1590e+01
5337.4800  2.4192e+02  7.0960e+01
5338.7305  4.8122e+02  6.7343e+01
5339.9805  5.7895e+02  7.6991e+01
5341.2310  5.9223e+02  6.7448e+01
5342.4814  3.2082e+02  6.2344e+01
5343.7314  1.9101e+02  7.4747e+01
5344.9819  1.4103e+02  7.3759e+01
5346.2324  1.9980e+02  6.4252e+01
5347.4824  1.2324e+02  6.2573e+01
5348.7329  5.5198e+01  6.8483e+01
5349.9834  6.0817e+01  5.8915e+01
5351.2334  4.2186e+01  7.3298e+01
5352.4839  8.8722e+01  5.8023e+01
5353.7344  -7.0244e+01  6.3427e+01
5354.9844  7.8754e+00  6.6455e+01
5356.2349  4.5336e+01  7.5540e+01
5357.4854  6.4842e+01  6.8536e+01
5358.7354  1.2799e+02  6.4050e+01
5359.9858  8.8773e+01  7.6197e+01
5361.2363  3.9043e+00  6.2749e+01
5362.4868  2.7102e+00  7.4889e+01
5363.7368  -4.1118e+01  5.7780e+01
5364.9873  7.1101e+01  6.4077e+01
5366.2378  7.2624e+01  6.5487e+01
5367.4878  4.7590e+01  7.1665e+01
5368.7383  1.3770e+01  6.0277e+01
5369.9888  -8.0270e+01  5.8791e+01
5371.2388  -2.4435e+01  6.7004e+01
5372.4893  -7.7470e+01  7.1175e+01
5373.7397  -6.5727e+01  7.8172e+01
5374.9897  -8.1241e+01  6.4231e+01
5376.2402  -4.6844e+01  6.3936e+01
5377.4907  3.1671e+01  6.5084e+01
5378.7407  8.0598e+00  7.5890e+01
5379.9912  7.3392e+01  6.1567e+01
5381.2417  3.3088e+01  8.5669e+01
5382.4917  7.5054e+01  6.9163e+01
5383.7422  9.4358e+01  6.4118e+01
5384.9927  9.4046e+01  5.8908e+01
5386.2432  -9.1338e+01  6.7849e+01
5387.4932  -4.9814e+01  6.4311e+01
5388.7437  -7.2128e+01  7.2365e+01
5389.9941  -4.1957e+01  5.7622e+01
5391.2441  -8.4683e+00  6.3074e+01
5392.4946  -4.7300e+01  6.7853e+01
5393.7451  2.8957e+01  6.2694e+01
5394.9951  1.6368e+01  6.2683e+01
5396.2456  1.0186e+01  6.1058e+01
5397.4961  1.1668e+02  5.7899e+01
5398.7461  1.1895e+02  6.5841e+01
5399.9966  7.1999e+00  5.9851e+01
5401.2471  3.4287e+01  5.6927e+01
5402.4971  8.9401e+00  6.0608e+01
5403.7476  1.0718e+01  6.9824e+01
5404.9980  4.4897e+00  6.4687e+01
5406.2480  -7.6914e+01  6.2533e+01
5407.4985  -5.0416e+01  6.3587e+01
5408.7490  -2.2923e+01  6.6003e+01
5409.9990  -8.3458e+01  6.5421e+01
5411.2495  -6.4105e+01  5.4359e+01
5412.5000  -1.4810e+02  6.4549e+01
5413.7505  -2.7402e+01  7.1515e+01
5415.0005  6.1598e+00  6.5792e+01
5416.2510  -1.0061e+02  7.3195e+01
5417.5015  -7.1197e+01  6.4788e+01
5418.7515  -1.3196e+02  6.5418e+01
5420.0020  4.9835e+01  6.4529e+01
5421.2524  -6.6411e+01  6.4660e+01
5422.5024  -4.1190e+01  5.7027e+01
5423.7529  -8.2304e+01  5.5507e+01
5425.0034  5.8449e+01  6.4749e+01
5426.2534  1.5480e+02  7.5035e+01
5427.5039  2.3087e+01  6.4936e+01
