# SNR 13.3559
# Quality c
# flux_factor = 1.e-20
5666.3135  -5.5487e+00  6.2938e+01
5667.5635  2.5957e+01  7.7943e+01
5668.8140  7.8522e+01  6.5436e+01
5670.0645  5.3593e+01  6.7502e+01
5671.3145  -9.4699e+01  7.9259e+01
5672.5649  -6.5266e+01  6.6748e+01
5673.8154  2.3352e+01  6.1540e+01
5675.0654  -1.3957e+01  6.5931e+01
5676.3159  1.0148e+02  6.6586e+01
5677.5664  4.0609e+01  6.4360e+01
5678.8169  -9.2703e+01  7.1394e+01
5680.0669  5.5169e+01  6.6911e+01
5681.3174  -6.4765e+01  7.8530e+01
5682.5679  -5.8509e+01  6.7197e+01
5683.8179  -4.1557e+01  6.8967e+01
5685.0684  8.7863e+01  6.3712e+01
5686.3188  2.1529e+02  6.5738e+01
5687.5688  4.4215e+01  7.7678e+01
5688.8193  -1.3210e+01  7.2415e+01
5690.0698  -1.1607e+01  6.5800e+01
5691.3198  6.8530e+01  7.1840e+01
5692.5703  -1.7501e+01  6.8208e+01
5693.8208  1.1927e+02  8.0499e+01
5695.0708  -1.9064e+01  7.0466e+01
5696.3213  -2.8130e+01  7.4791e+01
5697.5718  1.6246e+02  6.5090e+01
5698.8223  1.0778e+02  6.4328e+01
5700.0723  -6.2967e+01  6.7693e+01
5701.3228  -3.6113e+01  6.6052e+01
5702.5732  -1.0808e+01  8.0508e+01
5703.8232  -2.8521e+01  6.9476e+01
5705.0737  -2.3926e+01  7.4828e+01
5706.3242  -4.9984e+01  6.7133e+01
5707.5742  7.3721e+01  6.4816e+01
5708.8247  2.1252e+02  6.5929e+01
5710.0752  2.2939e+01  6.4291e+01
5711.3252  1.2189e+02  6.6699e+01
5712.5757  8.8699e+01  7.0746e+01
5713.8262  6.7768e+01  6.6093e+01
5715.0762  1.1435e+02  7.1778e+01
5716.3267  -6.1948e+01  6.4302e+01
5717.5771  2.4903e+01  6.5418e+01
5718.8271  -2.2483e+01  7.7751e+01
5720.0776  -1.8133e+00  6.5326e+01
5721.3281  -6.9633e+01  6.4726e+01
5722.5786  -4.6022e+01  7.5034e+01
5723.8286  -9.7708e+00  7.3462e+01
5725.0791  -6.3350e+01  7.8109e+01
5726.3296  5.0365e+00  6.8002e+01
5727.5796  -2.0539e+01  6.7242e+01
5728.8301  2.1018e+01  6.5138e+01
5730.0806  1.6152e+01  7.6308e+01
5731.3306  -5.8990e+01  6.7239e+01
5732.5811  1.2339e+01  6.6188e+01
5733.8315  -3.4136e+01  8.2056e+01
5735.0815  1.5823e+00  6.4383e+01
5736.3320  3.3752e+01  6.4177e+01
5737.5825  9.0841e+01  7.7083e+01
5738.8325  1.3768e+02  6.2959e+01
5740.0830  -1.8510e+01  6.9360e+01
5741.3335  -2.5973e+01  7.3427e+01
5742.5835  6.1849e+01  6.3769e+01
5743.8340  -7.4175e+01  7.5888e+01
5745.0845  -3.8670e+00  6.5073e+01
5746.3350  9.5022e+01  6.4254e+01
5747.5850  1.0080e+02  8.2828e+01
5748.8354  1.0749e+02  6.3132e+01
5750.0859  2.2036e+02  7.0082e+01
5751.3359  1.1536e+02  6.3419e+01
5752.5864  1.3553e+02  7.8524e+01
5753.8369  2.6373e+02  6.8992e+01
5755.0869  1.7380e+02  7.8274e+01
5756.3374  1.0387e+02  6.2074e+01
5757.5879  1.4344e+02  7.7563e+01
5758.8379  2.5079e+02  6.2023e+01
5760.0884  5.1769e+02  7.3046e+01
5761.3389  5.7968e+02  6.5293e+01
5762.5889  5.3227e+02  7.1097e+01
5763.8394  3.8875e+02  6.4595e+01
5765.0898  3.4788e+02  6.3131e+01
5766.3398  1.6780e+02  7.0127e+01
5767.5903  7.9212e+01  6.2890e+01
5768.8408  1.8292e+02  6.3634e+01
5770.0913  2.7163e+01  7.4162e+01
5771.3413  1.0044e+02  6.1592e+01
5772.5918  1.0474e+00  6.2848e+01
5773.8423  -5.5828e+01  6.2999e+01
5775.0923  5.4719e+01  7.3525e+01
5776.3428  -2.0420e+01  6.1154e+01
5777.5933  4.9388e+01  6.6780e+01
5778.8433  7.3822e+01  7.4006e+01
5780.0938  -8.3749e+01  6.2530e+01
5781.3442  -2.5432e+01  7.5338e+01
5782.5942  9.3186e+01  7.3744e+01
5783.8447  4.0224e+01  7.8462e+01
5785.0952  -5.5385e+01  7.1103e+01
5786.3452  8.9004e+00  6.9615e+01
5787.5957  2.3894e+01  6.8643e+01
5788.8462  -1.1161e+01  6.6989e+01
5790.0967  1.2801e+01  7.4371e+01
5791.3467  5.9111e+01  6.2002e+01
5792.5972  4.7403e+01  8.1589e+01
5793.8477  5.3304e+01  7.0529e+01
5795.0977  3.7128e+01  7.7024e+01
5796.3481  6.7108e+01  6.4391e+01
5797.5986  8.8443e+01  7.0633e+01
5798.8486  4.4472e+01  6.9640e+01
5800.0991  2.5733e+01  6.9151e+01
5801.3496  -4.2486e+01  7.4807e+01
5802.5996  -6.0154e+01  6.6274e+01
5803.8501  6.3153e+01  6.9756e+01
5805.1006  9.0329e+01  7.3915e+01
5806.3506  1.8152e+02  7.9225e+01
5807.6011  2.0191e+01  6.7571e+01
5808.8516  5.3538e+01  8.1277e+01
5810.1016  6.1722e+01  7.8942e+01
5811.3521  1.1246e+01  6.1797e+01
5812.6025  3.0873e+01  6.8934e+01
5813.8530  1.2227e+02  7.0089e+01
5815.1030  1.3938e+02  7.3785e+01
5816.3535  -2.2646e+00  6.1084e+01
5817.6040  5.0762e+01  6.7972e+01
5818.8540  9.2899e+01  6.3563e+01
5820.1045  -8.5574e+00  6.0646e+01
5821.3550  -2.2144e+01  7.2219e+01
5822.6050  1.0795e+01  6.3907e+01
5823.8555  -2.2215e+01  6.0174e+01
5825.1060  7.1402e+01  6.4715e+01
5826.3560  -1.0202e+02  7.5763e+01
5827.6064  -5.3821e+01  6.1318e+01
5828.8569  3.4609e+01  6.5935e+01
5830.1069  2.7697e+01  6.1622e+01
5831.3574  3.0606e+01  6.5631e+01
5832.6079  7.2745e+01  7.2121e+01
5833.8584  -2.3303e+01  7.6250e+01
5835.1084  1.5977e+02  6.4355e+01
5836.3589  1.1799e+02  7.3747e+01
5837.6094  8.9884e+01  6.8662e+01
5838.8594  2.4102e+01  6.9301e+01
5840.1099  4.4913e+01  5.9425e+01
5841.3604  -9.7048e+01  6.0718e+01
5842.6104  2.1074e+01  6.0078e+01
5843.8608  8.4992e+01  7.5388e+01
5845.1113  -1.0732e+01  6.4611e+01
5846.3613  -2.7709e+01  5.9991e+01
5847.6118  9.7593e+01  6.0194e+01
5848.8623  7.6808e+01  6.3262e+01
5850.1123  3.6538e+01  7.1480e+01
5851.3628  -1.1295e+01  5.9456e+01
5852.6133  -4.4951e+01  6.7245e+01
5853.8633  -1.8146e+01  7.7102e+01
5855.1138  4.0037e+01  7.8621e+01
5856.3643  4.3040e+01  5.8866e+01
