# SNR 11.1000
# Quality c
# flux_factor = 1.e-20
5623.9180  -8.2263e+01  8.9291e+01
5625.1685  -4.2989e+01  1.0560e+02
5626.4189  2.3279e+01  8.5953e+01
5627.6694  8.6127e+01  8.0338e+01
5628.9194  4.8138e+01  8.0478e+01
5630.1699  4.8826e+01  8.0313e+01
5631.4204  -5.3371e+01  7.9632e+01
5632.6704  -1.2674e+02  9.5459e+01
5633.9209  1.2312e+01  9.4657e+01
5635.1714  -1.9020e-01  8.7592e+01
5636.4214  -1.1439e+02  7.9066e+01
5637.6719  -6.1631e+01  7.8944e+01
5638.9224  -1.0222e+02  7.9515e+01
5640.1724  8.1062e+01  9.8994e+01
5641.4229  -7.7326e+01  8.0905e+01
5642.6733  -4.3860e+00  7.7583e+01
5643.9233  -9.1028e+01  8.3715e+01
5645.1738  5.4115e+01  8.4542e+01
5646.4243  -6.8796e+01  8.6552e+01
5647.6743  -8.4657e+01  8.4981e+01
5648.9248  -1.0730e+02  8.9858e+01
5650.1753  -1.0934e+02  9.6229e+01
5651.4258  -6.4858e+01  9.3126e+01
5652.6758  -2.5997e+01  7.9746e+01
5653.9263  6.1036e+01  1.0187e+02
5655.1768  -1.0894e+02  8.5279e+01
5656.4268  -5.2661e+01  7.9222e+01
5657.6772  -3.8091e+01  8.3340e+01
5658.9277  3.9568e+01  8.8092e+01
5660.1777  4.5718e+01  8.6289e+01
5661.4282  3.7434e+01  7.7924e+01
5662.6787  2.2398e+01  9.3018e+01
5663.9287  -1.9408e+01  7.9072e+01
5665.1792  7.0432e+00  8.5537e+01
5666.4297  3.8590e+01  9.5113e+01
5667.6797  1.1366e+02  1.0596e+02
5668.9302  2.2891e+01  1.0476e+02
5670.1807  -8.3330e+01  9.4672e+01
5671.4312  -1.3492e+02  8.4001e+01
5672.6812  3.8381e+01  8.7418e+01
5673.9316  8.9233e+01  8.2387e+01
5675.1821  2.2146e+01  8.4517e+01
5676.4321  -3.7835e+01  9.2986e+01
5677.6826  -1.9279e+01  9.8522e+01
5678.9331  -8.3361e-01  8.7240e+01
5680.1831  -7.8450e+01  8.8825e+01
5681.4336  -9.6713e+00  9.0176e+01
5682.6841  -4.3732e+01  8.2480e+01
5683.9341  5.1850e+01  8.0875e+01
5685.1846  -1.1594e+02  8.2790e+01
5686.4351  -1.8135e+01  9.6356e+01
5687.6851  -1.0462e+02  8.5500e+01
5688.9355  5.7581e-01  8.3953e+01
5690.1860  -9.9159e+01  8.1884e+01
5691.4360  5.6236e+01  8.4069e+01
5692.6865  1.5512e+01  8.8127e+01
5693.9370  -1.1704e+01  8.9854e+01
5695.1875  -4.4066e+01  1.0743e+02
5696.4375  -3.4858e+01  8.4847e+01
5697.6880  -7.7708e+01  8.5446e+01
5698.9385  1.8157e+01  8.4051e+01
5700.1885  -6.7034e+01  8.2880e+01
5701.4390  2.0402e+01  8.2367e+01
5702.6895  4.6296e+01  9.3680e+01
5703.9395  -1.3703e+01  8.6996e+01
5705.1899  1.3023e+02  9.9823e+01
5706.4404  1.4658e+02  8.1945e+01
5707.6904  1.4465e+02  8.1215e+01
5708.9409  2.0074e+02  8.1355e+01
5710.1914  5.4738e+01  9.1214e+01
5711.4414  -7.0878e+01  9.0530e+01
5712.6919  5.5136e+01  7.9179e+01
5713.9424  3.2590e+01  8.2173e+01
5715.1924  1.1082e+02  8.2785e+01
5716.4429  3.1692e+02  8.6712e+01
5717.6934  4.2345e+02  8.2258e+01
5718.9438  5.6406e+02  8.4098e+01
5720.1938  5.6904e+02  8.0292e+01
5721.4443  3.1110e+02  8.0488e+01
5722.6948  1.4385e+02  8.0342e+01
5723.9448  1.8540e+02  8.1761e+01
5725.1953  1.9912e+02  8.5854e+01
5726.4458  -9.2389e+01  8.9181e+01
5727.6958  -7.6647e+01  8.9498e+01
5728.9463  4.9613e+01  8.9599e+01
5730.1968  1.5912e+02  9.2893e+01
5731.4468  2.0736e+01  9.1434e+01
5732.6973  5.1130e+01  9.7964e+01
5733.9478  -7.8468e+01  8.0667e+01
5735.1978  -1.3289e+02  8.1329e+01
5736.4482  -1.3282e+01  7.9925e+01
5737.6987  -8.5975e+00  8.6043e+01
5738.9487  -8.0817e+01  8.3553e+01
5740.1992  1.3344e+02  1.0107e+02
5741.4497  8.7987e+01  7.8414e+01
5742.7002  -2.7618e+01  7.9164e+01
5743.9502  -2.4786e+01  8.9090e+01
5745.2007  -2.0769e+02  9.7303e+01
5746.4512  -2.8434e+01  8.1111e+01
5747.7012  -1.9972e+01  8.9782e+01
5748.9517  -4.7226e+01  8.1783e+01
5750.2021  -8.3955e+01  8.0523e+01
5751.4521  -7.3663e+01  7.9417e+01
5752.7026  4.4445e+01  7.7910e+01
5753.9531  3.0556e+01  9.3587e+01
5755.2031  3.2235e+01  8.1081e+01
5756.4536  9.8699e+01  9.3102e+01
5757.7041  -1.6798e+01  7.9983e+01
5758.9541  7.9862e+01  9.9790e+01
5760.2046  4.6259e-01  8.8969e+01
5761.4551  -1.5124e+02  7.8668e+01
5762.7056  1.5525e+02  7.9261e+01
5763.9556  -7.9573e+01  9.0370e+01
5765.2061  9.8670e+01  8.2985e+01
5766.4565  -4.5899e+01  8.1528e+01
5767.7065  2.6107e+01  9.3723e+01
5768.9570  -5.1012e+01  9.7902e+01
5770.2075  4.0917e+00  8.2790e+01
5771.4575  9.5528e+01  9.6441e+01
5772.7080  -7.1583e+01  1.0745e+02
5773.9585  -6.4543e+01  8.0957e+01
5775.2085  -8.0198e+01  8.3485e+01
5776.4590  9.4106e+01  9.9056e+01
5777.7095  5.0557e+01  9.2571e+01
5778.9595  -6.0168e+01  8.5201e+01
5780.2100  -6.2007e+01  8.1139e+01
5781.4604  -3.9998e+01  8.0916e+01
5782.7104  -2.8088e+01  8.7783e+01
5783.9609  -5.7918e+01  7.7641e+01
5785.2114  -1.1165e+02  9.4069e+01
5786.4619  -1.5870e+01  7.9057e+01
5787.7119  1.4643e+00  7.8371e+01
5788.9624  1.7306e+02  8.9840e+01
5790.2129  7.0819e+01  9.7311e+01
5791.4629  -1.0711e+02  1.0544e+02
5792.7134  6.5732e+01  8.5572e+01
5793.9639  4.4523e+01  7.9026e+01
5795.2139  -6.9050e+01  8.2433e+01
5796.4644  -8.4281e+00  8.2828e+01
5797.7148  4.1194e+01  7.8726e+01
5798.9648  6.1716e+01  7.7045e+01
5800.2153  -4.8078e+01  8.8939e+01
5801.4658  6.0403e+01  8.8254e+01
5802.7158  -4.3494e+01  7.9066e+01
5803.9663  -5.3908e+01  7.6947e+01
5805.2168  1.3907e+01  7.7462e+01
5806.4668  -3.0182e+01  7.7164e+01
5807.7173  4.5821e+01  9.4434e+01
5808.9678  4.6192e+01  7.6261e+01
5810.2183  -1.1926e+02  7.7397e+01
5811.4683  -8.4268e+00  9.3577e+01
5812.7188  1.2971e+02  8.0213e+01
5813.9692  6.0762e+01  7.7105e+01
