# SNR 10.5799
# Quality c
# flux_factor = 1.e-20
5067.7812  1.1747e+02  1.4381e+02
5069.0312  1.4666e+02  1.4364e+02
5070.2817  2.4473e+02  1.4380e+02
5071.5322  2.9143e+01  1.4398e+02
5072.7827  9.8569e+01  1.4313e+02
5074.0327  3.1953e+01  1.4300e+02
5075.2832  5.4572e+01  1.4251e+02
5076.5337  4.2840e+01  1.4328e+02
5077.7837  1.2987e+02  1.4279e+02
5079.0342  9.1444e+01  1.4389e+02
5080.2847  1.8824e+02  1.4375e+02
5081.5347  6.3484e+01  1.3987e+02
5082.7852  -1.0623e+01  1.4180e+02
5084.0356  1.2369e+02  1.4356e+02
5085.2856  2.2240e+01  1.4127e+02
5086.5361  -1.8646e+01  1.4367e+02
5087.7866  7.3470e+01  1.4512e+02
5089.0366  -2.9771e+01  1.4440e+02
5090.2871  -1.0032e+02  1.4342e+02
5091.5376  -2.1769e+02  1.4454e+02
5092.7876  -4.9724e+01  1.4461e+02
5094.0381  -2.2490e+01  1.4259e+02
5095.2886  1.2736e+02  1.4298e+02
5096.5386  8.2178e+01  1.4280e+02
5097.7891  -1.6620e+02  1.4106e+02
5099.0396  -6.2348e+01  1.3964e+02
5100.2900  -7.6799e+00  1.3920e+02
5101.5400  -1.2496e+02  1.4129e+02
5102.7905  -1.2244e+02  1.4073e+02
5104.0410  -1.9809e+02  1.4114e+02
5105.2910  -1.4306e+02  1.4157e+02
5106.5415  -6.6678e+01  1.4068e+02
5107.7920  -5.1047e+01  1.3966e+02
5109.0420  9.5116e+00  1.3853e+02
5110.2925  9.8602e+01  1.3801e+02
5111.5430  -1.6820e+01  1.3847e+02
5112.7930  6.4674e+01  1.3861e+02
5114.0435  6.4892e+01  1.4062e+02
5115.2939  2.2338e+01  1.3951e+02
5116.5439  7.0930e+01  1.3898e+02
5117.7944  -9.2928e+00  1.3925e+02
5119.0449  1.6543e+02  1.3921e+02
5120.2949  7.3074e+01  1.4001e+02
5121.5454  -6.9200e+01  1.3886e+02
5122.7959  -7.5928e+01  1.3862e+02
5124.0459  -2.3237e+01  1.3701e+02
5125.2964  1.1751e+02  1.3568e+02
5126.5469  -1.6434e+01  1.3516e+02
5127.7969  -7.3403e+00  1.3705e+02
5129.0474  1.4553e+00  1.3574e+02
5130.2979  5.1731e+01  1.3853e+02
5131.5483  -6.0965e+01  1.3989e+02
5132.7983  1.0499e+02  1.4111e+02
5134.0488  4.8339e+01  1.4080e+02
5135.2993  -6.6542e-01  1.4166e+02
5136.5493  1.3550e+02  1.4313e+02
5137.7998  1.5846e+02  1.4325e+02
5139.0503  2.3011e+02  1.4134e+02
5140.3003  3.2785e+02  1.4133e+02
5141.5508  3.6475e+02  1.4103e+02
5142.8013  -1.2050e+01  1.4375e+02
5144.0513  1.2015e+02  1.4185e+02
5145.3018  1.7699e+02  1.4154e+02
5146.5522  -2.9382e+01  1.4147e+02
5147.8022  -8.3526e+01  1.4073e+02
5149.0527  -2.4100e+01  1.4212e+02
5150.3032  8.0244e+01  1.3888e+02
5151.5532  6.5231e+02  1.3993e+02
5152.8037  1.0008e+03  1.4151e+02
5154.0542  9.3385e+02  1.4103e+02
5155.3042  8.2795e+02  1.4061e+02
5156.5547  5.8602e+02  1.3894e+02
5157.8052  4.8465e+02  1.3929e+02
5159.0557  6.0533e+02  1.4066e+02
5160.3057  5.6718e+02  1.4020e+02
5161.5562  4.2466e+02  1.3988e+02
5162.8066  2.1812e+02  1.4030e+02
5164.0566  1.1592e+02  1.3893e+02
5165.3071  7.8789e+01  1.3825e+02
5166.5576  2.2888e+02  1.3672e+02
5167.8076  1.6662e+02  1.3450e+02
5169.0581  3.1070e+02  1.3327e+02
5170.3086  3.4441e+01  1.3456e+02
5171.5586  9.3556e+01  1.3533e+02
5172.8091  3.7458e+01  1.3251e+02
5174.0596  1.9883e+01  1.3001e+02
5175.3096  1.2539e+02  1.3259e+02
5176.5601  1.5907e+01  1.3584e+02
5177.8105  9.0747e+00  1.3727e+02
5179.0605  1.7687e+01  1.3695e+02
5180.3110  9.2804e+01  1.3586e+02
5181.5615  2.3763e+02  1.3502e+02
5182.8115  1.9105e+02  1.3352e+02
5184.0620  2.1036e+01  1.3014e+02
5185.3125  5.6812e+01  1.2796e+02
5186.5630  6.3509e+01  1.3135e+02
5187.8130  1.1298e+02  1.3664e+02
5189.0635  -1.3538e+02  1.4036e+02
5190.3140  -7.3463e+01  1.3940e+02
5191.5640  2.8902e+01  1.3855e+02
5192.8145  2.0383e+02  1.3738e+02
5194.0649  -1.0730e+02  1.3377e+02
5195.3149  3.1554e+01  1.3512e+02
5196.5654  4.4737e+01  1.3581e+02
5197.8159  7.7211e+01  1.4168e+02
5199.0659  2.7670e+02  1.5596e+02
5200.3164  8.6291e+01  1.6113e+02
5201.5669  7.9587e+01  1.5470e+02
5202.8169  -1.4971e+02  1.4913e+02
5204.0674  -5.4310e+01  1.4542e+02
5205.3179  8.7966e-01  1.3993e+02
5206.5679  6.3885e+01  1.3529e+02
5207.8184  6.3639e+01  1.3388e+02
5209.0688  -4.5994e+00  1.3458e+02
5210.3188  2.2555e+02  1.3507e+02
5211.5693  1.8904e+02  1.3591e+02
5212.8198  2.3015e+02  1.3634e+02
5214.0703  -7.4077e+01  1.3587e+02
5215.3203  -1.7241e+02  1.3519e+02
5216.5708  1.0452e+02  1.3469e+02
5217.8213  2.6373e+01  1.3469e+02
5219.0713  -5.2075e+01  1.3591e+02
5220.3218  -1.9534e+02  1.3770e+02
5221.5723  -1.5068e+02  1.3716e+02
5222.8223  6.9583e+01  1.3925e+02
5224.0728  1.6273e+02  1.3880e+02
5225.3232  1.2341e+02  1.4222e+02
5226.5732  1.2232e+02  1.3997e+02
5227.8237  5.6444e+01  1.3374e+02
5229.0742  1.4749e+02  1.3218e+02
5230.3242  1.6244e+02  1.3407e+02
5231.5747  8.0307e+01  1.3417e+02
5232.8252  2.7026e+02  1.3611e+02
5234.0752  5.7417e+01  1.3556e+02
5235.3257  -1.1242e+02  1.3198e+02
5236.5762  -5.6427e+01  1.3398e+02
5237.8262  7.0878e+01  1.3423e+02
5239.0767  3.0042e+01  1.3889e+02
