# SNR 21.3002
# Quality c
# flux_factor = 1.e-20
5293.8892  -4.9488e+01  9.2537e+01
5295.1396  7.3352e+01  7.6512e+01
5296.3896  -1.0238e+02  6.9078e+01
5297.6401  4.3101e+01  7.0808e+01
5298.8906  1.9504e+01  8.4357e+01
5300.1406  -7.7843e+01  8.3398e+01
5301.3911  -5.1038e+01  9.2778e+01
5302.6416  -1.2923e+02  6.7686e+01
5303.8921  1.1683e+02  7.8700e+01
5305.1421  -2.0348e+01  7.8967e+01
5306.3926  1.2854e+01  7.8503e+01
5307.6431  7.7705e+01  8.0705e+01
5308.8931  3.3159e+01  7.5716e+01
5310.1436  9.5972e+01  7.6919e+01
5311.3940  -7.2694e+01  6.7377e+01
5312.6440  1.2980e+01  6.9793e+01
5313.8945  2.7425e+00  7.8156e+01
5315.1450  -1.0839e+02  8.2038e+01
5316.3950  -8.6575e+01  9.3280e+01
5317.6455  -1.5214e+02  8.5958e+01
5318.8960  -2.4046e+01  8.0868e+01
5320.1460  -1.0957e+02  6.9174e+01
5321.3965  -4.2300e+01  8.8677e+01
5322.6470  5.7043e+01  7.0300e+01
5323.8970  -3.7405e+01  6.9761e+01
5325.1475  -4.3990e+01  6.8901e+01
5326.3979  -7.1243e+01  7.0096e+01
5327.6484  -8.6273e+01  6.8324e+01
5328.8984  -1.5725e+02  6.6414e+01
5330.1489  -1.1784e+02  7.0790e+01
5331.3994  -8.3390e+01  8.9654e+01
5332.6494  -1.2098e+02  9.0267e+01
5333.8999  -5.1466e+01  7.8819e+01
5335.1504  -4.2039e+01  6.7095e+01
5336.4004  5.0604e+01  8.6995e+01
5337.6509  -4.2009e+01  7.5894e+01
5338.9014  1.2077e+02  7.7098e+01
5340.1514  -5.6699e+01  7.2894e+01
5341.4019  -8.8761e+01  6.7013e+01
5342.6523  1.0383e+02  6.6343e+01
5343.9023  -7.8975e+01  7.9448e+01
5345.1528  5.9444e+01  8.2402e+01
5346.4033  -3.7361e+01  6.6672e+01
5347.6533  7.5151e+01  6.1552e+01
5348.9038  -1.1672e+02  8.7966e+01
5350.1543  -1.4585e+02  7.4153e+01
5351.4043  -1.1439e+01  8.3105e+01
5352.6548  -4.1938e+01  8.2398e+01
5353.9053  -1.5254e+02  6.8614e+01
5355.1558  1.4414e+01  8.3605e+01
5356.4058  5.7083e+01  7.3788e+01
5357.6562  4.9948e+00  6.6048e+01
5358.9067  -6.6525e+01  6.8403e+01
5360.1567  -1.2836e+02  6.4078e+01
5361.4072  -1.7374e+01  7.0177e+01
5362.6577  -6.8637e+01  7.0204e+01
5363.9077  5.2108e+01  7.3779e+01
5365.1582  -9.8676e+01  6.7023e+01
5366.4087  -1.5625e+02  7.4686e+01
5367.6587  -2.4337e+02  6.9215e+01
5368.9092  -1.7995e+02  8.6729e+01
5370.1597  2.0542e+01  7.3520e+01
5371.4097  1.0318e+02  7.3092e+01
5372.6602  1.7340e+02  8.0825e+01
5373.9106  2.7178e+02  6.3922e+01
5375.1606  3.5183e+02  6.6426e+01
5376.4111  2.8291e+02  7.7175e+01
5377.6616  2.2977e+02  7.2674e+01
5378.9121  4.9783e+01  6.2184e+01
5380.1621  1.8847e+02  7.5710e+01
5381.4126  5.7700e+02  7.3032e+01
5382.6631  1.0617e+03  7.3760e+01
5383.9131  9.0459e+02  7.4180e+01
5385.1636  5.3675e+02  6.6169e+01
5386.4141  2.8804e+02  6.7350e+01
5387.6641  2.0541e+02  6.4845e+01
5388.9146  1.1079e+02  7.0969e+01
5390.1650  3.2543e+01  6.6519e+01
5391.4150  1.2108e+01  6.4413e+01
5392.6655  -1.1958e+02  6.8780e+01
5393.9160  -4.1900e+01  8.3628e+01
5395.1660  -1.1493e+02  6.3632e+01
5396.4165  -8.9580e+01  6.4450e+01
5397.6670  -6.7764e+01  7.1191e+01
5398.9170  -1.8840e+01  6.3097e+01
5400.1675  2.6350e+01  7.7527e+01
5401.4180  -4.1648e+01  6.3667e+01
5402.6680  -1.3363e+02  6.4991e+01
5403.9185  -2.4311e+01  6.5379e+01
5405.1689  1.3539e+01  6.4160e+01
5406.4194  -8.4171e+01  6.9389e+01
5407.6694  6.4784e+01  8.6960e+01
5408.9199  -8.5638e+01  6.9455e+01
5410.1704  -4.7517e+01  8.1399e+01
5411.4204  6.0193e+01  6.4007e+01
5412.6709  -3.6239e+01  6.3081e+01
5413.9214  -3.6511e+01  6.5875e+01
5415.1714  7.5474e+01  6.3138e+01
5416.4219  2.7898e+00  7.1318e+01
5417.6724  -3.2646e+01  6.2598e+01
5418.9224  1.5353e-01  6.4258e+01
5420.1729  -7.3738e+01  6.7445e+01
5421.4233  -1.1469e+02  6.0953e+01
5422.6733  -7.0010e+01  7.9932e+01
5423.9238  -6.5784e+01  7.6086e+01
5425.1743  1.1956e+02  6.7812e+01
5426.4243  -1.9936e+01  7.5517e+01
5427.6748  2.2406e+01  6.7124e+01
5428.9253  -6.6966e+01  9.3849e+01
5430.1758  -8.4957e+01  7.4188e+01
5431.4258  -6.1429e+01  7.4795e+01
5432.6763  -1.6022e+01  6.8157e+01
5433.9268  -4.3714e+01  6.5229e+01
5435.1768  9.8976e+00  6.5149e+01
5436.4272  8.0133e+01  6.2227e+01
5437.6777  -9.5416e+00  6.5559e+01
5438.9277  1.4411e+01  6.4846e+01
5440.1782  -2.4800e+01  7.6483e+01
5441.4287  6.4562e+01  7.7313e+01
5442.6787  -1.4286e+02  7.4433e+01
5443.9292  2.3046e+01  6.5188e+01
5445.1797  4.2781e+01  6.5265e+01
5446.4297  -1.4165e+02  6.2019e+01
5447.6802  -9.7565e+01  6.3864e+01
5448.9307  -4.0579e+01  6.2109e+01
5450.1807  8.6999e+00  7.7387e+01
5451.4312  4.4391e+01  6.4669e+01
5452.6816  -8.0751e+01  5.8005e+01
5453.9321  -2.0226e+01  6.9459e+01
5455.1821  7.5071e+01  7.3767e+01
5456.4326  -3.5009e+01  6.4657e+01
5457.6831  5.0284e+01  6.9480e+01
5458.9331  5.4727e+01  7.0684e+01
5460.1836  4.1524e+01  6.1244e+01
5461.4341  -1.9137e-01  6.5725e+01
5462.6841  -5.0985e+01  7.2890e+01
5463.9346  6.7126e+01  7.4966e+01
5465.1851  -1.8795e+01  6.3514e+01
5466.4351  2.3635e+00  6.4350e+01
5467.6855  2.5615e-01  6.2243e+01
5468.9360  3.0903e+01  6.2024e+01
5470.1860  -6.5051e+01  8.0288e+01
5471.4365  9.6468e+01  6.9325e+01
