# SNR 12.1266
# Quality c
# flux_factor = 1.e-20
8131.9707  -1.0724e+01  4.3620e+01
8133.2212  -1.4743e+00  4.2817e+01
8134.4717  -2.9527e+01  3.7316e+01
8135.7217  2.6571e+01  4.1295e+01
8136.9722  -3.6964e+01  4.0208e+01
8138.2227  -5.0155e+01  4.6753e+01
8139.4727  -1.0685e+01  4.7805e+01
8140.7231  6.4379e+01  4.9324e+01
8141.9736  2.7205e+00  4.2960e+01
8143.2236  -2.7152e+00  3.9588e+01
8144.4741  9.4078e+01  4.1193e+01
8145.7246  -4.8468e+00  3.5186e+01
8146.9746  -2.7604e+01  5.2917e+01
8148.2251  7.1418e+01  5.7617e+01
8149.4756  -4.4014e+00  4.8306e+01
8150.7261  -2.1695e+01  3.8075e+01
8151.9761  -4.2585e+01  3.4435e+01
8153.2266  1.0617e+01  4.0428e+01
8154.4771  4.5884e+01  3.8217e+01
8155.7271  2.7574e+01  3.5362e+01
8156.9775  9.2282e+00  3.6489e+01
8158.2280  -1.6251e+01  3.4845e+01
8159.4780  1.0774e+02  3.9641e+01
8160.7285  8.9551e+01  4.6473e+01
8161.9790  3.6496e+01  3.5367e+01
8163.2290  3.7929e+01  3.9488e+01
8164.4795  -8.8136e+00  4.2048e+01
8165.7300  7.1457e+01  4.4382e+01
8166.9805  2.8333e+00  3.9701e+01
8168.2305  -1.3287e+01  3.8121e+01
8169.4810  1.6060e+01  3.9607e+01
8170.7314  2.5807e+01  3.8554e+01
8171.9814  -1.3125e+01  3.7952e+01
8173.2319  -5.0582e+00  3.7297e+01
8174.4824  6.4826e+01  3.7506e+01
8175.7324  5.2387e+01  3.9103e+01
8176.9829  -3.1399e+01  4.0284e+01
8178.2334  -1.2946e+01  3.3200e+01
8179.4834  9.1763e+01  3.7704e+01
8180.7339  4.4284e+01  3.9368e+01
8181.9844  1.6538e+00  3.8372e+01
8183.2349  4.2770e+01  3.4150e+01
8184.4849  6.0494e+01  3.9177e+01
8185.7354  5.3365e+00  3.7400e+01
8186.9858  7.2109e+01  3.3160e+01
8188.2358  2.2808e+01  4.1126e+01
8189.4863  1.9843e+01  4.2720e+01
8190.7368  7.9126e+01  4.0421e+01
8191.9868  7.8157e+01  4.3558e+01
8193.2373  1.1105e+01  3.7751e+01
8194.4873  -4.8047e+00  3.4328e+01
8195.7383  -7.9590e+01  4.7767e+01
8196.9883  -4.6383e+01  5.0483e+01
8198.2383  7.6303e+01  3.9621e+01
8199.4893  5.1583e+01  3.7094e+01
8200.7393  -3.2311e-01  4.2277e+01
8201.9893  2.1752e+01  3.7730e+01
8203.2402  7.3355e+01  4.1466e+01
8204.4902  5.2241e+01  3.4136e+01
8205.7402  5.4705e+01  4.0295e+01
8206.9912  -1.3689e+01  3.4616e+01
8208.2412  -4.3759e+01  3.6042e+01
8209.4922  -5.3858e+01  4.2634e+01
8210.7422  6.6452e+00  3.6761e+01
8211.9922  5.3234e+01  4.2390e+01
8213.2432  8.1242e+01  4.0571e+01
8214.4932  8.8790e+01  3.4649e+01
8215.7432  7.2051e+01  3.7145e+01
8216.9941  2.4156e+01  4.6346e+01
8218.2441  -1.1139e+01  4.3294e+01
8219.4941  2.2018e+01  3.2920e+01
8220.7451  2.1917e+01  3.9838e+01
8221.9951  5.5507e+01  3.9267e+01
8223.2451  5.1399e+01  3.4252e+01
8224.4961  -1.6192e+01  3.4837e+01
8225.7461  -4.9606e+00  4.7114e+01
8226.9961  3.9828e+01  4.9014e+01
8228.2471  -3.3279e+01  4.2465e+01
8229.4971  7.0381e+00  4.5566e+01
8230.7471  4.1494e+01  3.7962e+01
8231.9980  8.4046e+00  4.4944e+01
8233.2480  5.9354e+01  3.7904e+01
8234.4980  4.1978e+01  4.0191e+01
8235.7490  9.9139e+01  3.6817e+01
8236.9990  6.6939e+01  3.6531e+01
8238.2490  5.9707e+01  4.4930e+01
8239.5000  -3.5943e+01  4.3751e+01
8240.7500  1.9541e+01  4.1002e+01
8242.0010  1.2040e+01  4.9242e+01
8243.2510  1.3003e+02  4.8047e+01
8244.5010  9.7820e+01  4.5400e+01
8245.7520  7.1440e+01  3.7045e+01
8247.0020  4.6171e+01  4.3453e+01
8248.2520  -1.9756e+01  4.3687e+01
8249.5029  2.1790e+01  4.5856e+01
8250.7529  1.7027e+01  4.3022e+01
8252.0029  1.3163e+00  4.0063e+01
8253.2539  7.3075e+01  3.6425e+01
8254.5039  -2.9207e+01  4.2469e+01
8255.7539  -5.5686e+01  4.5870e+01
8257.0049  1.5130e+01  4.3331e+01
8258.2549  -1.0958e+01  3.5030e+01
8259.5049  5.4097e+01  4.1917e+01
8260.7559  -1.4896e+01  3.7212e+01
8262.0059  3.3102e+01  3.3159e+01
8263.2559  4.2004e+01  3.6811e+01
8264.5068  2.4237e+01  3.8711e+01
8265.7568  5.5867e+01  3.2524e+01
8267.0068  1.8226e+02  4.2539e+01
8268.2578  2.9366e+02  3.2697e+01
8269.5078  2.8140e+02  3.3327e+01
8270.7578  2.3266e+02  3.8887e+01
8272.0088  1.2477e+02  4.2806e+01
8273.2588  1.4747e+02  3.5767e+01
8274.5098  1.3932e+02  3.6544e+01
8275.7598  2.8476e+01  4.3392e+01
8277.0098  6.9026e+01  3.8618e+01
8278.2607  9.7713e+01  6.1485e+01
8279.5107  1.5043e+02  8.9187e+01
8280.7607  1.0827e+02  1.1749e+02
8282.0117  3.7947e+01  1.1986e+02
8283.2617  3.2224e+01  1.2514e+02
8284.5117  -1.1568e+02  9.3848e+01
8285.7627  1.5263e+01  5.2871e+01
8287.0127  3.8524e+01  7.5080e+01
8288.2627  -6.5229e+01  1.2409e+02
8289.5137  4.6571e+01  1.4692e+02
8290.7637  -2.5095e+02  1.3351e+02
8292.0137  1.8888e+02  8.9669e+01
8293.2646  1.7578e+01  4.4644e+01
8294.5146  1.1141e+01  3.9024e+01
8295.7646  -1.3073e+02  5.6273e+01
8297.0156  2.9593e+00  1.0777e+02
8298.2656  8.7783e+01  1.0674e+02
8299.5156  -5.2672e+01  1.4960e+02
8300.7666  9.4853e+01  1.5111e+02
8302.0166  6.9002e-01  1.1355e+02
8303.2666  4.7056e+01  6.5806e+01
8304.5176  -6.6579e+00  4.9074e+01
8305.7676  3.1366e+01  4.4671e+01
8307.0186  2.2850e+01  3.9674e+01
8308.2686  4.1948e+01  3.6191e+01
8309.5186  3.6875e+01  5.2559e+01
8310.7695  4.4230e+01  8.4727e+01
8312.0195  -2.1683e+00  9.9384e+01
8313.2695  -7.7589e+01  7.7711e+01
8314.5205  -2.8040e+00  5.1003e+01
8315.7705  2.1194e+01  4.2118e+01
8317.0205  -1.2480e+01  3.8736e+01
8318.2715  -5.9663e+01  5.0235e+01
8319.5215  8.7292e+00  4.7007e+01
8320.7715  5.3605e+01  4.2560e+01
8322.0225  -1.8002e+01  5.3218e+01
8323.2725  8.3584e+01  5.0242e+01
8324.5225  -1.0771e+01  3.3682e+01
8325.7734  1.0068e+01  3.1974e+01
8327.0234  3.5363e+01  3.6035e+01
8328.2734  2.0316e+00  4.3219e+01
8329.5244  6.7932e+01  4.1654e+01
8330.7744  3.5969e+01  3.6520e+01
8332.0244  5.4081e+01  3.3291e+01
8333.2754  1.4254e+00  3.4128e+01
8334.5254  5.7665e+01  3.2086e+01
8335.7754  6.1226e+01  4.0844e+01
8337.0264  2.2587e+01  4.8166e+01
8338.2764  3.0685e+01  5.0821e+01
8339.5273  4.7161e+01  4.6807e+01
8340.7773  1.7519e+01  4.7010e+01
8342.0273  -4.7798e+01  6.0633e+01
8343.2783  1.1670e+02  1.1947e+02
8344.5283  -1.2310e+01  1.7056e+02
8345.7783  8.1097e+01  2.4694e+02
8347.0293  3.3141e+01  2.0076e+02
8348.2793  -1.2895e+01  1.6091e+02
8349.5293  9.9297e+00  5.8747e+01
8350.7803  4.1821e+01  7.5875e+01
8352.0303  5.9117e+01  8.9596e+01
8353.2803  7.4808e+01  1.5709e+02
8354.5312  9.4810e+01  1.4503e+02
8355.7812  6.4907e+01  1.1593e+02
8357.0312  -1.7307e+01  5.8938e+01
8358.2822  1.9409e+01  3.9015e+01
8359.5322  2.7380e+01  5.0062e+01
8360.7822  9.9025e+00  4.2675e+01
8362.0332  4.7465e+01  5.7640e+01
8363.2832  3.9911e+01  6.6633e+01
8364.5332  6.4278e+00  6.5180e+01
8365.7842  4.5187e+01  8.9872e+01
8367.0342  -8.4787e+00  9.0147e+01
8368.2842  9.9897e+01  6.7242e+01
8369.5352  -3.9031e+01  4.9884e+01
8370.7852  -6.2705e+00  3.5109e+01
8372.0361  5.9410e+00  3.1982e+01
8373.2861  2.2391e+01  3.7756e+01
8374.5361  3.4800e+01  4.3741e+01
8375.7871  -6.7082e+00  3.8180e+01
8377.0371  2.6697e+01  3.7830e+01
8378.2871  3.0111e+01  4.3511e+01
8379.5381  2.8010e+01  4.1374e+01
8380.7881  3.5915e+01  6.2074e+01
8382.0381  1.2035e+02  8.8427e+01
8383.2891  1.5831e+02  1.3185e+02
8384.5391  1.2109e+02  1.0868e+02
8385.7891  -1.8270e+01  5.8618e+01
8387.0400  3.7088e+01  3.6012e+01
8388.2900  -1.7370e+01  3.8399e+01
8389.5400  -4.1129e+01  3.3617e+01
8390.7910  -2.2399e+00  4.1191e+01
8392.0410  7.6275e+01  4.5613e+01
8393.2910  4.9373e+01  4.5345e+01
8394.5420  2.6176e+01  4.1511e+01
8395.7920  -5.6426e+01  3.9458e+01
8397.0420  -8.2453e+01  5.9129e+01
8398.2930  2.5012e+02  1.2075e+02
8399.5430  -8.3833e+01  1.7025e+02
8400.7930  2.1210e+02  2.0902e+02
8402.0439  -1.9628e+02  1.7438e+02
8403.2939  -4.0730e+01  1.0825e+02
8404.5449  3.5626e+01  4.3940e+01
8405.7949  3.5329e+01  3.3335e+01
