# SNR 12.2115
# Quality c
# flux_factor = 1.e-20
5131.1694  -1.2257e+02  6.7810e+01
5132.4199  -2.1868e+01  7.3601e+01
5133.6704  -4.2222e+01  7.2606e+01
5134.9204  -4.0758e+00  7.6873e+01
5136.1709  2.8964e+01  7.1920e+01
5137.4214  -3.6430e+01  6.4016e+01
5138.6714  1.1284e+02  8.1103e+01
5139.9219  1.4467e+02  6.2763e+01
5141.1724  1.2357e+02  7.7091e+01
5142.4224  1.3872e+01  5.7843e+01
5143.6729  -6.1371e+00  6.3371e+01
5144.9233  -5.4977e+01  7.2754e+01
5146.1738  -2.2294e+00  6.9329e+01
5147.4238  6.7864e+01  6.3107e+01
5148.6743  3.9742e+01  7.0517e+01
5149.9248  7.1581e+01  8.6345e+01
5151.1748  4.5464e+01  9.1920e+01
5152.4253  -4.9167e+01  7.4058e+01
5153.6758  -1.1944e+02  6.9628e+01
5154.9258  2.0482e+01  6.3760e+01
5156.1763  -2.1006e+02  5.8575e+01
5157.4268  -8.2823e+00  6.3548e+01
5158.6768  -5.6128e+01  7.1560e+01
5159.9272  -1.3611e+02  8.2690e+01
5161.1777  3.3474e+01  6.3625e+01
5162.4277  -4.8155e+00  7.7421e+01
5163.6782  1.7218e+01  8.1295e+01
5164.9287  -3.3308e+01  7.9073e+01
5166.1787  5.6608e+01  5.6800e+01
5167.4292  -1.7174e+01  6.2563e+01
5168.6797  -9.4589e+01  6.3956e+01
5169.9297  -8.6388e+01  7.2215e+01
5171.1802  2.1757e+01  6.1173e+01
5172.4307  2.8137e+01  6.2271e+01
5173.6812  4.0074e+01  6.0088e+01
5174.9312  5.9577e+01  6.1642e+01
5176.1816  2.5353e+01  6.8359e+01
5177.4321  5.6007e+01  6.6627e+01
5178.6821  -8.9957e+01  6.3280e+01
5179.9326  8.2247e+00  6.2869e+01
5181.1831  7.6130e+01  8.1974e+01
5182.4331  -2.3179e+01  7.3464e+01
5183.6836  -1.3635e+02  5.0392e+01
5184.9341  -1.1831e+02  6.2179e+01
5186.1841  -3.3245e+01  6.3650e+01
5187.4346  -1.4738e+01  7.5743e+01
5188.6851  1.2179e+01  7.9403e+01
5189.9351  -1.1499e+01  7.3414e+01
5191.1855  9.6356e+01  8.1939e+01
5192.4360  -8.2551e+01  8.9504e+01
5193.6860  1.0305e+02  8.1324e+01
5194.9365  -3.7937e+01  7.6500e+01
5196.1870  -1.0464e+02  7.9110e+01
5197.4370  -8.3577e+01  7.3442e+01
5198.6875  6.7468e+01  9.8151e+01
5199.9380  3.1219e+01  8.2924e+01
5201.1880  8.6472e+01  8.1754e+01
5202.4385  9.9125e+01  7.4836e+01
5203.6890  2.0262e+01  6.9847e+01
5204.9395  1.7150e+02  8.7376e+01
5206.1895  1.3007e+02  7.8726e+01
5207.4399  6.1344e+01  7.3041e+01
5208.6904  -1.5841e+01  9.0246e+01
5209.9404  -3.2703e+01  6.7116e+01
5211.1909  5.8110e+01  5.8703e+01
5212.4414  2.2730e+02  8.0597e+01
5213.6914  1.8971e+02  6.3766e+01
5214.9419  5.4522e+02  6.9260e+01
5216.1924  5.9066e+02  6.2599e+01
5217.4424  6.5556e+02  6.6361e+01
5218.6929  4.9144e+02  8.2252e+01
5219.9434  3.3766e+02  7.3804e+01
5221.1934  1.6400e+02  7.0345e+01
5222.4438  5.0592e+01  6.8020e+01
5223.6943  4.5963e+01  6.1905e+01
5224.9443  -4.9944e+01  7.2971e+01
5226.1948  1.0683e+02  6.8263e+01
5227.4453  -1.0311e+02  6.3308e+01
5228.6958  -2.6989e+01  6.3601e+01
5229.9458  2.2151e+01  6.5186e+01
5231.1963  2.6956e+01  6.2408e+01
5232.4468  2.4915e-01  6.3436e+01
5233.6968  1.5381e+01  8.0793e+01
5234.9473  1.2968e+02  6.7336e+01
5236.1978  6.1534e+01  7.4180e+01
5237.4478  -4.7797e+01  8.4504e+01
5238.6982  -4.6815e+01  7.5461e+01
5239.9487  -6.1156e+01  6.2822e+01
5241.1987  -2.1846e+02  7.0190e+01
5242.4492  -8.6890e+01  6.6282e+01
5243.6997  5.3493e+00  5.8018e+01
5244.9497  4.6404e+01  6.0854e+01
5246.2002  -3.3830e+01  7.2970e+01
5247.4507  -6.1547e+01  6.4271e+01
5248.7007  -1.1412e+02  6.5558e+01
5249.9512  -3.3687e+01  7.8984e+01
5251.2017  -9.6222e+01  6.9554e+01
5252.4517  -8.5973e+01  7.5153e+01
5253.7021  -8.7585e+00  6.8934e+01
5254.9526  -4.3161e+01  6.3200e+01
5256.2031  8.4561e+01  7.5555e+01
5257.4531  -3.6015e+01  8.1454e+01
5258.7036  -7.5310e+00  6.5065e+01
5259.9541  -6.7232e+01  6.3228e+01
5261.2041  -5.3972e+01  7.8148e+01
5262.4546  1.1364e+01  8.1350e+01
5263.7051  6.8721e+00  7.6490e+01
5264.9551  -2.5807e+00  6.6872e+01
5266.2056  6.5742e+01  5.1171e+01
5267.4561  -4.2529e+01  5.8817e+01
5268.7061  2.4361e+01  6.8879e+01
5269.9565  -9.2581e+01  6.3582e+01
5271.2070  -6.2959e+01  6.6288e+01
5272.4570  3.0358e+01  6.1911e+01
5273.7075  -4.7223e+01  6.8583e+01
5274.9580  4.9400e+01  6.5335e+01
5276.2080  3.1259e+01  5.9559e+01
5277.4585  3.9179e+01  6.6347e+01
5278.7090  1.3098e+02  8.5125e+01
5279.9590  -2.4157e+01  8.0986e+01
5281.2095  8.3545e+01  7.3612e+01
5282.4600  9.7106e+01  6.7629e+01
5283.7104  -1.2212e+01  7.2983e+01
5284.9604  -5.0206e+01  5.9788e+01
5286.2109  -8.3630e+00  5.6628e+01
5287.4614  -1.1318e+02  7.6850e+01
5288.7114  -5.9643e+01  5.8606e+01
5289.9619  -1.2070e+01  6.7032e+01
5291.2124  -2.6215e+01  5.9296e+01
5292.4624  -1.1695e+02  6.8300e+01
5293.7129  -9.2893e+01  7.3402e+01
5294.9634  -2.4639e+00  6.5825e+01
5296.2134  -6.4770e+01  6.2456e+01
5297.4639  4.8934e+01  6.7705e+01
5298.7144  9.8025e+01  5.6476e+01
5299.9644  1.2141e+02  6.6243e+01
5301.2148  -4.4410e+01  7.3582e+01
5302.4653  3.6770e+01  6.4638e+01
5303.7153  -5.6638e+01  5.6387e+01
