# SNR 12.9170
# Quality c
# flux_factor = 1.e-20
6582.9829  -2.1981e+01  6.1349e+01
6584.2334  7.1949e+01  5.2391e+01
6585.4834  2.8529e+01  5.2826e+01
6586.7339  6.9105e+01  5.8487e+01
6587.9844  4.5260e+01  5.0964e+01
6589.2349  -3.3419e+01  5.7299e+01
6590.4849  -1.2497e+01  4.6388e+01
6591.7354  -3.7044e+01  6.7427e+01
6592.9858  3.4246e+01  5.5815e+01
6594.2358  3.9249e+00  4.9478e+01
6595.4863  4.7826e+00  5.5487e+01
6596.7368  3.8810e+01  6.2621e+01
6597.9868  4.2323e+01  7.3627e+01
6599.2373  8.9249e+01  6.5012e+01
6600.4878  3.3489e+01  5.3672e+01
6601.7378  -7.4569e+01  4.5084e+01
6602.9883  3.1852e+01  5.6139e+01
6604.2388  -1.3343e+01  5.8182e+01
6605.4888  5.2008e+01  6.7733e+01
6606.7393  -7.2066e-01  6.1342e+01
6607.9897  -1.3408e+02  6.2067e+01
6609.2402  -2.7910e+01  5.5453e+01
6610.4902  8.2270e+01  4.7101e+01
6611.7407  4.9099e+01  4.8877e+01
6612.9912  3.9208e+01  6.2005e+01
6614.2412  -8.9171e+00  4.5106e+01
6615.4917  2.1839e+00  4.6235e+01
6616.7422  -2.6118e+01  6.0674e+01
6617.9922  -2.6564e+01  5.8668e+01
6619.2427  -7.4164e+00  5.0066e+01
6620.4932  -6.1125e+01  6.1283e+01
6621.7432  -4.4492e+00  4.6978e+01
6622.9937  9.3896e+01  5.1946e+01
6624.2441  7.5528e+01  4.9963e+01
6625.4941  3.7286e+01  6.4825e+01
6626.7446  -1.1166e+02  5.2306e+01
6627.9951  -1.7030e+01  5.4143e+01
6629.2456  5.0987e+01  6.7502e+01
6630.4956  -1.3245e+01  5.3377e+01
6631.7461  -4.0981e+01  4.6530e+01
6632.9966  -2.4551e+01  5.6653e+01
6634.2466  7.5242e+01  5.7590e+01
6635.4971  1.2093e+01  6.2866e+01
6636.7476  5.9179e+01  6.1715e+01
6637.9976  4.4631e+01  5.6004e+01
6639.2480  5.4200e+01  4.5104e+01
6640.4985  -9.0125e+00  4.5297e+01
6641.7485  5.7325e+01  5.2862e+01
6642.9990  -2.3533e+01  5.0479e+01
6644.2495  -1.1831e+01  4.6287e+01
6645.5000  -2.6717e+01  5.1345e+01
6646.7500  1.5170e+01  6.0666e+01
6648.0005  6.3396e+01  5.6515e+01
6649.2510  -5.4356e+01  4.7867e+01
6650.5010  -5.6230e+00  5.0498e+01
6651.7515  1.0607e+01  5.1600e+01
6653.0020  3.4251e-01  4.9302e+01
6654.2520  8.8284e+01  5.3257e+01
6655.5024  1.7718e+01  5.0444e+01
6656.7529  -3.9700e+01  4.7982e+01
6658.0029  -1.1457e+02  5.2473e+01
6659.2534  1.2175e+01  5.5314e+01
6660.5039  -1.7392e+01  5.4181e+01
6661.7539  -2.0672e+01  6.3593e+01
6663.0044  4.8207e+00  5.3377e+01
6664.2549  1.0322e+02  7.1125e+01
6665.5054  -8.3147e+00  5.2745e+01
6666.7554  -2.4617e+01  6.1358e+01
6668.0059  -9.2005e+00  5.2588e+01
6669.2563  3.8900e+01  5.8620e+01
6670.5063  1.1968e+01  5.0208e+01
6671.7568  1.2773e+00  5.8709e+01
6673.0073  -3.7185e+01  4.9514e+01
6674.2573  -3.5979e+01  4.7519e+01
6675.5078  -2.5939e+01  4.7411e+01
6676.7583  2.2476e+01  5.7868e+01
6678.0083  -1.2036e+01  6.2653e+01
6679.2588  7.2113e+01  5.3418e+01
6680.5093  5.6747e+01  5.2890e+01
6681.7593  5.4316e+01  4.3954e+01
6683.0098  2.6081e+01  4.4213e+01
6684.2603  1.1548e+01  4.6607e+01
6685.5107  3.3701e+01  5.1920e+01
6686.7607  7.7709e+00  4.9861e+01
6688.0112  3.9041e+01  5.5637e+01
6689.2617  -9.7263e+00  5.2387e+01
6690.5117  7.3578e+01  4.8413e+01
6691.7622  2.1276e+02  5.2582e+01
6693.0127  4.6284e+02  5.2577e+01
6694.2627  4.3795e+02  4.9584e+01
6695.5132  3.1738e+02  4.6286e+01
6696.7637  1.3245e+02  5.2866e+01
6698.0137  4.8923e+01  5.3125e+01
6699.2642  9.6005e+01  4.6711e+01
6700.5146  6.4538e+01  4.9225e+01
6701.7651  -9.0752e+01  4.9903e+01
6703.0151  -1.7369e+01  4.8207e+01
6704.2656  -2.7266e+01  5.1594e+01
6705.5161  -4.5987e+01  4.8850e+01
6706.7661  -5.7457e+01  4.7759e+01
6708.0166  -3.1534e+01  6.0610e+01
6709.2671  1.5468e+01  5.0887e+01
6710.5171  2.1590e+01  5.6370e+01
6711.7676  -1.7363e+01  4.8086e+01
6713.0181  2.6245e+01  4.7312e+01
6714.2681  5.7223e+01  6.0923e+01
6715.5186  1.0837e+02  5.4068e+01
6716.7690  9.0608e+00  5.2999e+01
6718.0190  3.2968e+01  5.1148e+01
6719.2695  5.1202e+01  5.4534e+01
6720.5200  -2.3161e+01  5.2977e+01
6721.7705  -4.1397e+01  5.1573e+01
6723.0205  5.1619e+01  5.4018e+01
6724.2710  -2.7653e+01  4.6923e+01
6725.5215  1.7267e+01  4.5881e+01
6726.7715  7.5466e+01  5.9166e+01
6728.0220  -3.8106e+01  4.5225e+01
6729.2725  6.2041e+01  5.7168e+01
6730.5225  4.2296e+01  5.0401e+01
6731.7729  4.3065e+01  5.0030e+01
6733.0234  3.8555e+01  4.8579e+01
6734.2734  -7.5271e+01  4.9509e+01
6735.5239  -2.1752e+01  5.1585e+01
6736.7744  -5.0643e+01  5.0443e+01
6738.0244  -3.7422e+01  5.2040e+01
6739.2749  -1.9624e+01  4.6739e+01
6740.5254  -1.4521e+01  4.7756e+01
6741.7759  1.3526e+01  4.6998e+01
6743.0259  -8.0947e+00  6.6059e+01
6744.2764  7.6509e-01  5.3827e+01
6745.5269  -3.9188e+01  5.7711e+01
6746.7769  -2.6437e+01  5.8670e+01
6748.0273  -5.5593e+01  5.2770e+01
6749.2778  7.2231e+01  4.5960e+01
6750.5278  1.3863e+01  5.5700e+01
6751.7783  -8.9184e+00  4.5828e+01
6753.0288  1.4850e+01  5.4296e+01
6754.2788  3.1661e+01  4.9422e+01
6755.5293  7.4388e+01  4.9036e+01
6756.7798  2.1495e+01  4.6060e+01
6758.0298  6.8781e+00  4.4715e+01
6759.2803  1.2684e+02  4.5182e+01
6760.5308  -9.5698e+00  4.4815e+01
6761.7812  1.6140e+00  5.3808e+01
6763.0312  3.8884e+01  4.5302e+01
6764.2817  -4.6147e+01  4.4977e+01
6765.5322  2.3345e+01  4.6181e+01
6766.7822  1.3300e+01  5.1979e+01
6768.0327  3.4034e+01  5.3868e+01
6769.2832  -7.2429e+00  4.4261e+01
6770.5332  -7.0500e+00  5.6645e+01
6771.7837  1.4324e+01  5.1309e+01
6773.0342  9.2234e+00  5.4190e+01
6774.2842  5.4839e+01  4.3892e+01
6775.5347  2.7101e+01  5.9676e+01
6776.7852  -5.3416e+01  5.3150e+01
6778.0356  -4.5852e+01  5.1771e+01
6779.2856  -5.7824e+01  5.2204e+01
6780.5361  1.3123e+01  6.0833e+01
6781.7866  -2.0228e+01  5.0641e+01
6783.0366  2.4249e+01  5.0628e+01
6784.2871  1.5677e+00  4.6053e+01
6785.5376  -8.8976e+01  4.6117e+01
6786.7876  1.1378e+01  5.3379e+01
6788.0381  2.5838e+01  4.4835e+01
6789.2886  4.0394e+01  4.9831e+01
6790.5386  -4.2329e+01  5.5034e+01
6791.7891  -3.5260e+01  5.1016e+01
6793.0396  2.9031e+01  5.1944e+01
6794.2896  -9.2186e+00  4.9925e+01
6795.5400  -2.6041e+00  4.9068e+01
6796.7905  1.6271e+01  4.9527e+01
6798.0410  3.7754e+01  4.3220e+01
6799.2910  -3.5557e+01  4.4180e+01
6800.5415  1.0217e+01  4.2963e+01
6801.7920  6.3351e+00  4.6481e+01
6803.0420  4.8155e+01  5.4394e+01
6804.2925  6.2590e+01  5.3570e+01
