# SNR 8.6794
# Quality c
# flux_factor = 1.e-20
5347.8560  2.0431e+01  1.2589e+02
5349.1060  -1.7629e+02  1.2749e+02
5350.3564  -5.4312e+01  1.2693e+02
5351.6069  9.1002e+01  1.2904e+02
5352.8569  1.5688e+02  1.2763e+02
5354.1074  -1.6225e+01  1.2753e+02
5355.3579  -2.1711e+02  1.2741e+02
5356.6079  8.4278e+01  1.2858e+02
5357.8584  -1.2741e+01  1.2793e+02
5359.1089  -1.5430e+02  1.2675e+02
5360.3589  -4.2582e+01  1.2686e+02
5361.6094  -1.6356e+02  1.2684e+02
5362.8599  -3.4379e+01  1.2589e+02
5364.1099  -9.6925e+01  1.2343e+02
5365.3604  -1.1870e+02  1.2460e+02
5366.6108  -1.4714e+02  1.2366e+02
5367.8608  1.1828e+01  1.2545e+02
5369.1113  -1.3416e+02  1.2613e+02
5370.3618  1.3166e+02  1.2662e+02
5371.6123  4.6083e+01  1.2510e+02
5372.8623  9.9413e+01  1.2413e+02
5374.1128  -1.1499e+01  1.2557e+02
5375.3633  -4.7555e+01  1.2488e+02
5376.6133  2.0545e+01  1.2714e+02
5377.8638  2.7684e+00  1.2671e+02
5379.1143  1.6305e+01  1.2534e+02
5380.3643  -1.5817e+02  1.2513e+02
5381.6147  1.0153e+02  1.2652e+02
5382.8652  5.0336e+01  1.2421e+02
5384.1152  7.7334e+01  1.2343e+02
5385.3657  -3.8467e+01  1.2394e+02
5386.6162  5.3719e+01  1.2531e+02
5387.8662  6.0138e+01  1.2443e+02
5389.1167  -5.0715e+00  1.2512e+02
5390.3672  -1.1323e+02  1.2367e+02
5391.6172  -9.2729e+01  1.2379e+02
5392.8677  4.5875e+01  1.2357e+02
5394.1182  5.7143e-01  1.2380e+02
5395.3687  4.5560e+01  1.2269e+02
5396.6187  7.0344e+01  1.2282e+02
5397.8691  -3.8755e+01  1.2188e+02
5399.1196  1.4558e+01  1.2084e+02
5400.3696  -6.0679e+01  1.2192e+02
5401.6201  2.4204e+01  1.2263e+02
5402.8706  -1.1602e+02  1.2110e+02
5404.1206  1.9128e+02  1.2236e+02
5405.3711  -7.1468e+01  1.1966e+02
5406.6216  -5.4542e+01  1.1922e+02
5407.8716  -1.2776e+02  1.2126e+02
5409.1221  -1.1696e+02  1.2020e+02
5410.3726  -1.5994e+02  1.2015e+02
5411.6226  -9.5602e+01  1.2085e+02
5412.8730  -2.1624e+01  1.2157e+02
5414.1235  5.2838e+01  1.2115e+02
5415.3735  1.1920e+02  1.2222e+02
5416.6240  1.1325e+02  1.2036e+02
5417.8745  -2.6387e+01  1.2177e+02
5419.1245  2.8645e+01  1.2071e+02
5420.3750  -7.7290e+01  1.2168e+02
5421.6255  9.7782e+00  1.2098e+02
5422.8760  -8.5539e+01  1.2176e+02
5424.1260  -9.7855e+01  1.2106e+02
5425.3765  -1.8952e+02  1.1988e+02
5426.6270  3.1655e+01  1.2079e+02
5427.8770  7.6106e+01  1.2196e+02
5429.1274  1.4678e+02  1.2168e+02
5430.3779  1.4428e+02  1.2023e+02
5431.6279  -3.7850e+01  1.1831e+02
5432.8784  -1.8197e+02  1.2085e+02
5434.1289  2.9311e+01  1.2098e+02
5435.3789  1.0094e+02  1.2016e+02
5436.6294  5.6200e+02  1.2174e+02
5437.8799  6.2011e+02  1.2099e+02
5439.1299  5.0710e+02  1.2134e+02
5440.3804  3.9917e+02  1.2133e+02
5441.6309  1.7402e+02  1.2127e+02
5442.8809  3.6435e+02  1.2054e+02
5444.1313  1.2689e+02  1.2143e+02
5445.3818  2.1836e+01  1.2088e+02
5446.6323  3.3861e+00  1.2129e+02
5447.8823  7.9842e+01  1.2023e+02
5449.1328  -3.6766e+01  1.2043e+02
5450.3833  8.8571e+01  1.2180e+02
5451.6333  -2.8577e+00  1.2296e+02
5452.8838  1.6847e+02  1.2236e+02
5454.1343  -5.0189e+01  1.2081e+02
5455.3843  -8.7582e+01  1.2116e+02
5456.6348  4.9679e+01  1.2029e+02
5457.8853  -5.2231e+01  1.2078e+02
5459.1353  6.8249e+01  1.2172e+02
5460.3857  1.5354e+02  1.2401e+02
5461.6362  1.5666e+02  1.2744e+02
5462.8862  -8.0117e+01  1.2814e+02
5464.1367  -5.0705e+00  1.2531e+02
5465.3872  -8.5526e+00  1.2234e+02
5466.6372  -2.1082e+01  1.2179e+02
5467.8877  -4.2347e+00  1.2249e+02
5469.1382  -4.3724e+01  1.2245e+02
5470.3887  2.2938e+01  1.2086e+02
5471.6387  -3.6573e+01  1.2154e+02
5472.8892  -1.0719e+02  1.2100e+02
5474.1396  -1.0905e+01  1.2102e+02
5475.3896  -1.1451e+02  1.2066e+02
5476.6401  -1.1423e+01  1.2056e+02
5477.8906  -8.3122e+01  1.1948e+02
5479.1406  2.8569e+01  1.1920e+02
5480.3911  1.0457e+02  1.2051e+02
5481.6416  -5.9984e+01  1.2021e+02
5482.8916  -9.9730e+01  1.2069e+02
5484.1421  -1.3501e+02  1.2135e+02
5485.3926  -8.6170e+01  1.2260e+02
5486.6426  -2.3043e+02  1.2145e+02
5487.8931  -4.1131e+01  1.2142e+02
5489.1436  2.9110e+01  1.2081e+02
5490.3936  -7.5691e+01  1.2047e+02
5491.6440  -5.3458e+01  1.2064e+02
5492.8945  7.2177e+01  1.2014e+02
5494.1445  7.5071e+01  1.2060e+02
5495.3950  5.3392e+01  1.1933e+02
5496.6455  1.1165e+02  1.2069e+02
5497.8960  1.6502e+02  1.2059e+02
5499.1460  -1.1480e+02  1.2093e+02
5500.3965  8.8257e+01  1.2292e+02
5501.6470  1.1488e+02  1.2273e+02
5502.8970  3.0765e+01  1.2179e+02
5504.1475  3.7441e+01  1.2159e+02
5505.3979  -2.2769e+01  1.2074e+02
5506.6479  1.0450e+02  1.2188e+02
5507.8984  2.9099e+01  1.2103e+02
5509.1489  -2.5352e+01  1.2157e+02
5510.3989  -2.0048e+01  1.2181e+02
5511.6494  4.0733e+01  1.2117e+02
5512.8999  -5.4116e+01  1.2184e+02
5514.1499  5.9613e+00  1.1941e+02
5515.4004  2.7636e+02  1.2071e+02
5516.6509  1.2575e+02  1.2218e+02
5517.9009  -2.5768e+01  1.1967e+02
5519.1514  4.5302e+01  1.2059e+02
5520.4019  -1.0762e+02  1.2100e+02
5521.6523  8.4131e+01  1.2192e+02
5522.9023  -1.0126e+02  1.2123e+02
5524.1528  4.9930e+01  1.2078e+02
5525.4033  3.1057e+01  1.2031e+02
5526.6533  2.7374e+01  1.2003e+02
5527.9038  3.9673e+01  1.1940e+02
