# SNR 10.3584
# Quality c
# flux_factor = 1.e-20
6151.5596  -2.3390e+01  7.0808e+01
6152.8101  -2.2811e+00  6.9842e+01
6154.0601  4.0817e+01  6.9958e+01
6155.3105  2.8054e+01  6.9203e+01
6156.5610  1.9789e+01  9.0134e+01
6157.8110  8.0989e+01  1.1442e+02
6159.0615  7.2351e+01  9.7358e+01
6160.3120  -8.1654e+01  8.4523e+01
6161.5620  -5.9682e+01  6.9995e+01
6162.8125  -2.4445e+01  8.3007e+01
6164.0630  -4.1331e+01  6.4457e+01
6165.3130  -4.4233e+00  7.3418e+01
6166.5635  7.6786e+01  8.7379e+01
6167.8140  9.3948e+01  6.4915e+01
6169.0640  -6.8269e+01  6.6368e+01
6170.3145  -1.5032e+02  7.3837e+01
6171.5649  5.6849e+01  8.7617e+01
6172.8154  2.9785e+01  9.3841e+01
6174.0654  1.1690e+02  7.5552e+01
6175.3159  2.7017e+01  6.8597e+01
6176.5664  7.0849e+01  7.0473e+01
6177.8164  -1.2704e+02  7.3117e+01
6179.0669  3.3408e+01  7.7384e+01
6180.3174  6.7797e+01  6.5793e+01
6181.5674  9.2980e+00  6.5107e+01
6182.8179  6.2309e+01  6.4912e+01
6184.0684  3.3421e+01  7.5385e+01
6185.3184  -6.1753e+01  6.7657e+01
6186.5688  1.7977e+01  6.9278e+01
6187.8193  -3.3429e+01  6.6374e+01
6189.0693  5.1416e+00  6.5666e+01
6190.3198  1.3914e+01  6.9484e+01
6191.5703  5.3777e+01  6.4752e+01
6192.8208  -4.8418e+01  6.5200e+01
6194.0708  4.7206e+01  7.8347e+01
6195.3213  2.8308e+01  6.7109e+01
6196.5718  1.2561e+02  6.4774e+01
6197.8218  4.1798e+01  8.0942e+01
6199.0723  2.7342e+01  7.9281e+01
6200.3228  -1.2563e+01  6.3133e+01
6201.5728  4.0264e+00  7.4180e+01
6202.8232  -4.1116e+01  7.4202e+01
6204.0737  -2.6040e-01  1.0031e+02
6205.3237  5.4668e+01  7.4580e+01
6206.5742  -1.2374e+02  6.4512e+01
6207.8247  6.9212e+01  7.8032e+01
6209.0747  -1.0956e+01  6.4482e+01
6210.3252  -3.1760e+01  6.4065e+01
6211.5757  -4.9636e+01  7.0480e+01
6212.8262  -9.8176e+01  6.9996e+01
6214.0762  -1.2360e+02  8.3173e+01
6215.3267  -1.3783e+01  6.8478e+01
6216.5771  -1.1931e+02  6.5955e+01
6217.8271  -7.0926e+01  7.2623e+01
6219.0776  3.0231e+01  6.3076e+01
6220.3281  5.9711e+01  8.9047e+01
6221.5781  -1.6792e+02  7.4579e+01
6222.8286  -8.4156e+01  8.3535e+01
6224.0791  -7.3140e+01  7.7716e+01
6225.3291  1.0710e+02  7.9823e+01
6226.5796  -1.3403e+01  6.5167e+01
6227.8301  -4.3456e+01  7.2990e+01
6229.0801  -1.6623e+01  6.1946e+01
6230.3306  -7.6419e+01  6.5631e+01
6231.5811  -1.1700e+01  6.3552e+01
6232.8315  -2.2063e+00  7.0812e+01
6234.0815  6.8919e+01  7.7204e+01
6235.3320  -7.3773e+01  9.4318e+01
6236.5825  3.9741e+00  1.1495e+02
6237.8325  -1.7582e+02  1.1441e+02
6239.0830  -2.7061e+01  8.9751e+01
6240.3335  3.7240e+01  8.3459e+01
6241.5835  7.7263e+01  8.5600e+01
6242.8340  -1.0111e+02  8.4718e+01
6244.0845  -5.7033e+01  8.7625e+01
6245.3345  9.0448e+01  7.8221e+01
6246.5850  -9.3715e+01  7.2044e+01
6247.8354  -1.1285e+02  6.5073e+01
6249.0854  7.6092e+01  6.7477e+01
6250.3359  -5.8024e+01  6.9774e+01
6251.5864  -1.9376e+01  6.3859e+01
6252.8364  1.9243e+02  7.0259e+01
6254.0869  5.2673e+02  6.9997e+01
6255.3374  6.1053e+02  6.1919e+01
6256.5879  4.4928e+02  6.6620e+01
6257.8379  2.0824e+02  1.0173e+02
6259.0884  9.0419e+01  1.2095e+02
6260.3389  3.5643e+02  1.0607e+02
6261.5889  1.6364e+02  7.5078e+01
6262.8394  1.3822e+02  7.6744e+01
6264.0898  2.2281e+02  7.5407e+01
6265.3398  -4.4405e+01  7.7017e+01
6266.5903  6.2485e+01  9.0375e+01
6267.8408  -5.2767e+01  7.8333e+01
6269.0908  4.0723e+01  7.3153e+01
6270.3413  4.2683e+01  7.0647e+01
6271.5918  -9.4577e+01  6.5315e+01
6272.8418  4.2731e+01  7.3623e+01
6274.0923  1.3866e+02  6.6589e+01
6275.3428  7.8647e+01  7.3425e+01
6276.5933  1.4342e+02  7.2671e+01
6277.8433  7.7725e+01  7.4326e+01
6279.0938  -1.3137e+02  7.5120e+01
6280.3442  -8.6872e+01  7.3152e+01
6281.5942  5.3116e+01  6.9756e+01
6282.8447  -1.1826e+01  7.5573e+01
6284.0952  4.9115e+01  6.9454e+01
6285.3452  -3.0371e+01  7.0612e+01
6286.5957  -8.6036e+01  6.9503e+01
6287.8462  5.6697e+01  1.0073e+02
6289.0962  -1.2065e+02  1.1582e+02
6290.3467  -2.4510e+01  8.7967e+01
6291.5972  -1.3619e+02  7.3687e+01
6292.8472  -4.2634e+01  8.1996e+01
6294.0977  1.7850e+02  7.2333e+01
6295.3481  -5.2372e+01  6.4230e+01
6296.5986  -5.6676e+01  6.8582e+01
6297.8486  2.8951e+01  7.7558e+01
6299.0991  1.4191e+02  9.8174e+01
6300.3496  -2.0368e+01  1.7246e+02
6301.5996  4.5772e+01  2.3953e+02
6302.8501  -9.2184e+00  1.8331e+02
6304.1006  1.5998e+01  1.2696e+02
6305.3506  -2.7514e+00  7.8985e+01
6306.6011  8.3920e+00  8.6243e+01
6307.8516  2.5824e+01  1.2870e+02
6309.1016  -8.2556e+01  1.2253e+02
6310.3521  1.7706e+01  8.5532e+01
6311.6025  1.1899e+01  6.5700e+01
6312.8525  -5.7042e+01  6.4525e+01
6314.1030  1.3237e+01  6.5375e+01
6315.3535  -3.0438e+01  7.3986e+01
6316.6040  2.5748e+01  6.1333e+01
6317.8540  -7.8581e+00  6.1886e+01
6319.1045  2.4511e+01  6.1957e+01
6320.3550  -1.3128e+01  6.8434e+01
6321.6050  1.0255e+02  9.1133e+01
6322.8555  -4.6957e+01  8.7971e+01
6324.1060  1.1415e+02  7.4947e+01
6325.3560  1.7822e+01  6.2892e+01
6326.6064  6.2002e+01  6.9516e+01
6327.8569  3.5562e+01  6.8884e+01
6329.1069  -6.3552e+01  9.3620e+01
6330.3574  -1.7204e+02  1.0468e+02
6331.6079  -6.9082e+01  1.1161e+02
6332.8579  1.3473e+02  9.4651e+01
6334.1084  8.6676e+00  6.3161e+01
6335.3589  7.7139e+01  6.1557e+01
6336.6094  -4.0276e+01  6.2158e+01
6337.8594  -7.0432e+01  6.6607e+01
6339.1099  6.2809e+01  6.6200e+01
6340.3604  4.4050e+01  6.3733e+01
6341.6104  1.1901e+01  6.2044e+01
6342.8608  1.7041e+02  6.2756e+01
6344.1113  1.5612e+01  6.3516e+01
6345.3613  7.2873e+01  7.0833e+01
6346.6118  8.0872e+01  6.2409e+01
6347.8623  9.4277e+00  6.2535e+01
6349.1123  4.1495e+01  7.4888e+01
6350.3628  1.9140e+02  7.7688e+01
6351.6133  7.0691e+01  6.8849e+01
6352.8633  -2.7372e+00  6.3410e+01
6354.1138  -7.8685e+01  6.9190e+01
6355.3643  7.2061e+01  6.3114e+01
6356.6147  1.7731e+02  8.3221e+01
6357.8647  -3.6540e+01  9.5310e+01
