# SNR 9.2435
# Quality c
# flux_factor = 1.e-20
5915.4961  -3.1135e+01  1.7231e+02
5916.7466  -2.7942e+02  1.9845e+02
5917.9971  -2.4674e+02  1.9324e+02
5919.2471  1.9496e+00  1.6711e+02
5920.4976  7.4602e+01  1.5870e+02
5921.7480  2.6398e+00  1.5996e+02
5922.9980  -2.7061e+01  1.5917e+02
5924.2485  4.0766e+00  1.6115e+02
5925.4990  -5.3311e+01  1.6917e+02
5926.7490  -1.5207e+01  1.7355e+02
5927.9995  -2.3827e+01  1.6593e+02
5929.2500  -1.2587e+02  1.5934e+02
5930.5000  5.4273e+01  1.5865e+02
5931.7505  -6.0267e+01  1.5927e+02
5933.0010  -7.9009e+01  1.7049e+02
5934.2515  3.1811e+01  1.9678e+02
5935.5015  1.7607e+02  1.9613e+02
5936.7520  2.7200e+01  1.6705e+02
5938.0024  -9.8590e+01  1.5817e+02
5939.2524  2.8319e+01  1.5623e+02
5940.5029  -1.7515e+02  1.5531e+02
5941.7534  6.4116e+01  1.5635e+02
5943.0034  8.7834e+01  1.5562e+02
5944.2539  5.7359e+01  1.5453e+02
5945.5044  -2.3903e+01  1.5687e+02
5946.7544  -8.3567e+01  1.6398e+02
5948.0049  -3.7065e+01  1.6883e+02
5949.2554  -3.0136e+02  1.6217e+02
5950.5054  1.3946e+02  1.5534e+02
5951.7559  -1.7624e+01  1.5366e+02
5953.0063  -5.9093e+01  1.5885e+02
5954.2568  3.5676e+01  1.7779e+02
5955.5068  -9.7054e+01  1.9060e+02
5956.7573  1.5770e+02  1.7122e+02
5958.0078  1.1105e+02  1.5568e+02
5959.2578  6.1557e+01  1.5382e+02
5960.5083  1.6029e+02  1.5500e+02
5961.7588  3.8287e+01  1.5640e+02
5963.0088  -2.9426e+01  1.5448e+02
5964.2593  -1.0548e+02  1.5351e+02
5965.5098  6.0050e+01  1.5484e+02
5966.7598  -9.5038e+01  1.5399e+02
5968.0103  2.2213e+02  1.5357e+02
5969.2607  -4.9988e+00  1.5289e+02
5970.5107  -2.9836e+00  1.5619e+02
5971.7612  3.2233e+02  1.6205e+02
5973.0117  4.4701e+01  1.6065e+02
5974.2622  -3.0323e+01  1.5433e+02
5975.5122  1.0358e+02  1.5341e+02
5976.7627  1.8626e+02  1.5428e+02
5978.0132  -1.0264e+01  1.6663e+02
5979.2632  1.4688e+02  1.7228e+02
5980.5137  1.0513e+02  1.6093e+02
5981.7642  -1.2113e+02  1.5345e+02
5983.0142  9.4071e+01  1.5219e+02
5984.2646  -5.1147e+01  1.5068e+02
5985.5151  1.4752e+02  1.5095e+02
5986.7651  -1.7842e+02  1.5039e+02
5988.0156  8.5675e+01  1.5027e+02
5989.2661  -1.6112e+01  1.4929e+02
5990.5161  1.0914e+02  1.5001e+02
5991.7666  -4.7325e+01  1.5123e+02
5993.0171  -7.1691e+01  1.4967e+02
5994.2671  6.4614e+01  1.4991e+02
5995.5176  -1.7386e+02  1.4890e+02
5996.7681  -4.1601e+01  1.4883e+02
5998.0186  2.8451e+01  1.4999e+02
5999.2686  4.5694e+01  1.5384e+02
6000.5190  8.9049e+01  1.5354e+02
6001.7695  4.3436e+01  1.4975e+02
6003.0195  -9.3779e+01  1.4948e+02
6004.2700  -1.2759e+02  1.5175e+02
6005.5205  6.6346e+01  1.5698e+02
6006.7705  7.4401e+01  1.5533e+02
6008.0210  1.0974e+02  1.4842e+02
6009.2715  1.7020e+02  1.4626e+02
6010.5215  1.7446e+02  1.4549e+02
6011.7720  1.3387e+02  1.4774e+02
6013.0225  7.0257e+02  1.4664e+02
6014.2725  6.5673e+02  1.4620e+02
6015.5229  5.9666e+02  1.4708e+02
6016.7734  5.2714e+02  1.4639e+02
6018.0239  4.5997e+02  1.4499e+02
6019.2739  7.6600e+01  1.4548e+02
6020.5244  8.8036e+01  1.4489e+02
6021.7749  1.7882e+02  1.4407e+02
6023.0249  6.8351e+01  1.4325e+02
6024.2754  -7.0120e+01  1.4475e+02
6025.5259  -1.2781e+02  1.4435e+02
6026.7759  1.0891e+02  1.4549e+02
6028.0264  9.8565e+01  1.4679e+02
6029.2769  -3.8728e+01  1.4746e+02
6030.5269  -2.1489e+02  1.4736e+02
6031.7773  -4.4023e+01  1.4347e+02
6033.0278  -2.1796e+02  1.4446e+02
6034.2778  -7.3687e+00  1.4643e+02
6035.5283  1.0918e+02  1.4912e+02
6036.7788  -2.3872e+01  1.4900e+02
6038.0293  -8.0199e+01  1.4515e+02
6039.2793  -1.0530e+01  1.4275e+02
6040.5298  -8.7940e+01  1.4326e+02
6041.7803  -1.1048e+02  1.4375e+02
6043.0303  -7.3342e+01  1.4366e+02
6044.2808  3.2880e+01  1.4242e+02
6045.5312  -5.6237e+00  1.4290e+02
6046.7812  -1.9220e+01  1.4202e+02
6048.0317  1.3473e+02  1.4346e+02
6049.2822  2.1644e+02  1.4330e+02
6050.5322  -3.9034e+01  1.4340e+02
6051.7827  -5.3408e+01  1.4182e+02
6053.0332  1.2142e+02  1.4192e+02
6054.2832  1.1452e+02  1.4058e+02
6055.5337  -8.7235e+00  1.4010e+02
6056.7842  -1.3768e+02  1.4142e+02
6058.0342  -1.7204e+01  1.4157e+02
6059.2847  1.0528e+02  1.4231e+02
6060.5352  1.4623e+02  1.4134e+02
6061.7856  1.8051e+02  1.4205e+02
6063.0356  -6.3436e+01  1.4280e+02
6064.2861  -1.5096e+02  1.4368e+02
6065.5366  -2.3176e+02  1.4195e+02
6066.7866  1.2362e+02  1.4094e+02
6068.0371  3.2847e+02  1.4237e+02
6069.2876  1.4073e+02  1.4501e+02
6070.5376  -4.1973e+00  1.4343e+02
6071.7881  1.9963e+02  1.4147e+02
6073.0386  -1.0424e+02  1.3944e+02
6074.2886  -1.8871e+02  1.3987e+02
6075.5391  4.2522e+01  1.3962e+02
6076.7896  -2.5964e+01  1.3920e+02
6078.0396  2.7420e+02  1.3948e+02
6079.2900  1.1392e+02  1.3820e+02
6080.5405  -6.2610e+00  1.3938e+02
6081.7910  1.3881e+01  1.3987e+02
6083.0410  4.5899e+01  1.3878e+02
6084.2915  1.5478e+02  1.3843e+02
6085.5420  -1.5508e+02  1.3880e+02
6086.7920  -1.4794e+01  1.3833e+02
6088.0425  5.7833e+01  1.3898e+02
6089.2930  -2.5698e+01  1.3977e+02
6090.5430  4.5866e+01  1.3935e+02
6091.7935  3.0803e+02  1.3804e+02
6093.0439  1.2795e+02  1.3718e+02
6094.2939  -7.5657e+01  1.3689e+02
6095.5444  -9.5847e+01  1.3728e+02
6096.7949  -1.6631e+02  1.3859e+02
6098.0449  -8.9279e+01  1.3971e+02
6099.2954  -3.0945e+01  1.3971e+02
6100.5459  -1.4153e+02  1.3866e+02
6101.7964  -1.4008e+02  1.3921e+02
6103.0464  -9.7969e+01  1.3875e+02
6104.2969  1.7405e+02  1.3649e+02
6105.5474  8.0126e+01  1.3907e+02
6106.7974  2.2124e+01  1.3961e+02
6108.0479  -1.1536e+02  1.3933e+02
6109.2983  1.9051e+02  1.3761e+02
6110.5483  -1.0954e+02  1.3714e+02
6111.7988  8.9342e+01  1.3747e+02
6113.0493  2.5819e+00  1.3640e+02
6114.2993  2.7210e+01  1.3702e+02
