# SNR 8.3483
# Quality c
# flux_factor = 1.e-20
8114.4766  5.7673e+01  3.6126e+01
8115.7266  3.1910e+01  4.8992e+01
8116.9771  -3.3965e+01  3.8736e+01
8118.2275  4.9597e+00  3.3964e+01
8119.4775  -2.7799e+01  3.9577e+01
8120.7280  2.7605e+01  3.6794e+01
8121.9785  5.7630e+01  4.0574e+01
8123.2285  1.4769e+01  3.9882e+01
8124.4790  -2.7943e+01  4.1018e+01
8125.7295  5.3835e+01  4.0568e+01
8126.9795  -8.1439e+01  4.2088e+01
8128.2300  -5.0309e+01  4.4918e+01
8129.4805  1.8817e+01  4.9063e+01
8130.7305  -3.5589e+01  4.0445e+01
8131.9810  2.3745e+01  3.8882e+01
8133.2314  5.9667e+01  4.5104e+01
8134.4819  4.3515e+01  4.8998e+01
8135.7319  9.5075e+00  4.6324e+01
8136.9824  6.2256e+00  3.9256e+01
8138.2329  5.4649e+00  4.4970e+01
8139.4829  -2.7287e+00  5.6221e+01
8140.7334  3.8851e+01  5.4876e+01
8141.9839  5.6329e+01  4.4285e+01
8143.2339  1.7239e+01  4.3474e+01
8144.4844  3.6528e+00  4.0272e+01
8145.7349  -1.0663e+01  4.2092e+01
8146.9849  -8.0024e+01  4.9302e+01
8148.2354  -8.0805e+01  5.7434e+01
8149.4858  -7.2601e+01  5.6336e+01
8150.7363  -6.9780e+01  4.0052e+01
8151.9863  -1.0952e+01  3.8237e+01
8153.2368  -2.9459e+01  4.3182e+01
8154.4873  6.8115e+01  3.8433e+01
8155.7373  7.0422e+01  4.0702e+01
8156.9878  -1.0270e+01  3.4619e+01
8158.2383  -2.2370e+01  4.1129e+01
8159.4883  6.0388e+00  3.5628e+01
8160.7388  6.0579e-01  4.2259e+01
8161.9893  7.4812e+01  4.4865e+01
8163.2393  -7.0689e+00  4.2106e+01
8164.4897  -1.0109e+02  3.8316e+01
8165.7402  -7.9174e+00  3.9386e+01
8166.9907  -3.9281e+01  3.6349e+01
8168.2407  -3.6203e+01  3.8868e+01
8169.4912  -4.7803e+01  3.6822e+01
8170.7417  -2.9717e+01  4.4606e+01
8171.9917  4.3399e+01  3.8231e+01
8173.2422  3.1618e+01  4.6523e+01
8174.4927  -7.1792e+01  4.1285e+01
8175.7427  -1.1315e+01  3.7338e+01
8176.9932  7.5504e+00  4.5315e+01
8178.2437  3.7768e+01  4.1322e+01
8179.4937  6.6274e+00  4.4044e+01
8180.7441  1.5813e+01  4.5204e+01
8181.9946  2.2451e+01  4.3196e+01
8183.2451  1.5207e+01  3.2914e+01
8184.4951  1.0029e+02  4.5351e+01
8185.7456  1.2136e+01  3.6602e+01
8186.9961  3.2768e+01  4.0978e+01
8188.2461  6.3442e+01  4.5607e+01
8189.4966  -3.7734e-01  5.4560e+01
8190.7471  -1.4084e+01  4.7060e+01
8191.9971  2.2628e+00  4.3305e+01
8193.2480  -4.0694e+01  4.5493e+01
8194.4980  -5.3136e+01  3.9159e+01
8195.7480  -2.7306e+01  4.9112e+01
8196.9990  1.1889e+01  5.2116e+01
8198.2490  -1.1862e+02  5.0364e+01
8199.4990  8.0107e+00  5.5128e+01
8200.7500  -3.8403e+01  4.0683e+01
8202.0000  3.5946e+01  3.8332e+01
8203.2500  -7.6644e+01  3.8719e+01
8204.5010  -4.0743e+01  4.3091e+01
8205.7510  4.5368e+01  4.3530e+01
8207.0010  6.2891e+01  4.7765e+01
8208.2520  -2.4092e+01  4.5230e+01
8209.5020  -7.5397e+01  4.7661e+01
8210.7520  -1.9764e+01  4.7703e+01
8212.0029  5.6002e+01  4.1842e+01
8213.2529  1.8746e+01  3.7731e+01
8214.5029  -6.2484e+01  4.1329e+01
8215.7539  5.8707e+00  4.7628e+01
8217.0039  1.4704e+01  4.5722e+01
8218.2539  1.5135e+01  4.5463e+01
8219.5049  -7.4480e+00  3.7485e+01
8220.7549  1.8384e+01  4.2510e+01
8222.0049  1.1922e+01  3.9090e+01
8223.2559  -1.7194e+01  3.8794e+01
8224.5059  -7.8896e+01  5.5476e+01
8225.7568  -4.4879e+01  5.4071e+01
8227.0068  -1.3230e+02  4.6433e+01
8228.2568  -9.7310e+01  4.7034e+01
8229.5078  8.2372e+00  4.6386e+01
8230.7578  -3.1295e+01  4.8391e+01
8232.0078  -3.2220e+01  4.1419e+01
8233.2588  -6.3593e+01  4.7097e+01
8234.5088  -1.2992e+01  4.6721e+01
8235.7588  -4.0210e+01  4.3209e+01
8237.0098  -7.2345e+01  4.1631e+01
8238.2598  2.6602e+01  3.9604e+01
8239.5098  -3.7781e+01  4.8314e+01
8240.7607  2.7832e+01  4.4268e+01
8242.0107  -3.3635e+01  5.1843e+01
8243.2607  6.9904e+01  5.3612e+01
8244.5117  -7.5848e+00  4.8946e+01
8245.7617  4.8019e+01  4.2057e+01
8247.0117  -1.7648e+01  4.5863e+01
8248.2627  1.0111e+02  4.2497e+01
8249.5127  1.4454e+02  5.2998e+01
8250.7627  2.1692e+02  4.7931e+01
8252.0137  1.5145e+02  4.5899e+01
8253.2637  1.5299e+02  4.6008e+01
8254.5137  1.7217e+02  4.1950e+01
8255.7646  8.2284e+01  4.7701e+01
8257.0146  6.3860e+01  4.7605e+01
8258.2656  1.0885e+02  4.1803e+01
8259.5156  1.1574e+02  3.8686e+01
8260.7656  1.0261e+02  4.1825e+01
8262.0166  -4.4971e+00  4.2058e+01
8263.2666  1.7121e+01  4.2927e+01
8264.5166  6.0847e+01  3.7411e+01
8265.7676  1.5576e+01  4.4744e+01
8267.0176  5.6630e+01  4.0449e+01
8268.2676  7.4405e+01  4.0585e+01
8269.5186  -1.4587e+01  4.0294e+01
8270.7686  -5.9572e+01  3.9289e+01
8272.0186  -6.6402e+01  4.8180e+01
8273.2695  -5.2561e+01  4.5701e+01
8274.5195  -4.5901e+01  4.4089e+01
8275.7695  4.9168e+01  4.7353e+01
8277.0205  -4.7328e+01  5.0199e+01
8278.2705  -1.2793e+02  6.2962e+01
8279.5205  -4.2411e+01  9.5386e+01
8280.7715  3.9110e+00  1.1316e+02
8282.0215  -4.0893e+00  1.3072e+02
8283.2715  -9.7882e+01  1.2931e+02
8284.5225  2.7048e+01  9.1502e+01
8285.7725  -3.7122e+01  7.4414e+01
8287.0225  -1.1858e+02  7.5751e+01
8288.2734  -1.1883e+02  1.2429e+02
8289.5234  -2.4847e+02  1.5486e+02
8290.7744  -2.2324e+02  1.5765e+02
8292.0244  1.4154e+01  8.4010e+01
8293.2744  8.2336e+01  5.0749e+01
8294.5254  4.1565e+01  4.2600e+01
8295.7754  2.4402e+01  5.5802e+01
8297.0254  -6.8389e-01  1.0337e+02
8298.2764  -1.4391e+02  1.1879e+02
8299.5264  -2.8223e+02  1.5452e+02
8300.7764  -1.4449e+02  1.6585e+02
8302.0273  1.7155e+02  9.5688e+01
8303.2773  -7.3870e+01  5.2607e+01
8304.5273  7.5547e+00  5.8734e+01
8305.7783  -1.0042e+01  5.1213e+01
8307.0283  4.0286e+01  4.5031e+01
8308.2783  1.4638e+00  4.1366e+01
8309.5293  1.7054e+01  5.5364e+01
8310.7793  3.0780e+01  8.3222e+01
8312.0293  -1.4888e+01  1.0891e+02
8313.2803  -7.4064e+01  8.5838e+01
8314.5303  -5.1805e+01  5.2681e+01
8315.7803  -5.5106e+01  4.5753e+01
8317.0312  -9.1771e+00  4.3858e+01
8318.2812  -3.2759e+00  5.0453e+01
8319.5312  -1.8592e+01  5.2933e+01
8320.7822  -3.1532e+01  4.4337e+01
8322.0322  -1.1702e+01  4.1583e+01
8323.2832  5.1879e+00  3.8245e+01
8324.5332  -1.5091e+01  4.0689e+01
8325.7832  3.8376e+01  4.2848e+01
8327.0342  8.3688e+01  4.4807e+01
8328.2842  5.8798e+01  3.4984e+01
8329.5342  -6.0465e+01  3.9049e+01
8330.7852  2.9135e+01  4.2251e+01
8332.0352  1.8137e+00  4.3108e+01
8333.2852  -4.8958e+01  3.8728e+01
8334.5361  6.4824e+01  4.2435e+01
8335.7861  1.2539e+01  4.9215e+01
8337.0361  8.7485e+00  4.0604e+01
8338.2871  -8.0762e+01  4.7215e+01
8339.5371  -5.4477e+00  4.9070e+01
8340.7871  5.8269e+01  4.9588e+01
8342.0381  2.0420e+01  7.2188e+01
8343.2881  -1.2313e+02  1.1985e+02
8344.5381  1.3713e+02  1.8359e+02
8345.7891  -5.6155e+01  2.6682e+02
8347.0391  5.6511e+01  2.1768e+02
8348.2891  2.1559e+02  1.6272e+02
8349.5400  1.2052e+02  5.2562e+01
8350.7900  7.8750e+01  5.5702e+01
8352.0400  -1.3903e+02  8.4445e+01
8353.2910  1.8577e+01  1.2557e+02
8354.5410  -1.4913e+01  1.5182e+02
8355.7920  2.5976e+01  1.0829e+02
8357.0420  1.1749e+02  5.2027e+01
8358.2920  1.6070e+01  4.3341e+01
8359.5430  -1.0782e+01  4.5643e+01
8360.7930  -8.2548e+01  4.6086e+01
8362.0430  6.3375e+01  5.8237e+01
8363.2939  -1.4693e+01  5.3449e+01
8364.5439  -2.7472e+01  7.1503e+01
8365.7939  -5.8271e+01  9.1754e+01
8367.0449  2.0931e+01  8.5797e+01
8368.2949  5.3652e+01  5.1924e+01
8369.5449  1.7172e+01  4.6852e+01
8370.7959  6.8909e+01  4.2802e+01
8372.0459  2.0675e+01  4.1138e+01
8373.2959  -2.3539e+01  4.1356e+01
8374.5469  -2.8203e+01  3.8469e+01
8375.7969  -2.4311e+01  3.7304e+01
8377.0469  -3.6207e+01  3.7094e+01
8378.2979  5.6247e+01  4.1938e+01
8379.5479  -1.1921e+01  4.9031e+01
8380.7979  2.5167e+01  5.2789e+01
8382.0488  -8.5096e+01  9.3125e+01
8383.2988  -4.6276e+01  1.2217e+02
8384.5488  1.2824e+01  1.3146e+02
8385.7998  8.4643e+01  7.0478e+01
8387.0498  -6.6720e+01  4.4628e+01
8388.3008  5.9359e+01  4.8788e+01
