# SNR 12.2304
# Quality c
# flux_factor = 1.e-20
5736.3311  6.7478e+01  6.0241e+01
5737.5815  3.3899e+01  5.6485e+01
5738.8315  3.0038e+01  5.1078e+01
5740.0820  1.6340e+01  6.2193e+01
5741.3325  -6.4659e+01  5.8269e+01
5742.5825  1.2324e+01  5.2219e+01
5743.8330  3.8224e+01  5.2801e+01
5745.0835  -4.8088e-01  5.6801e+01
5746.3340  -2.4055e+01  5.7723e+01
5747.5840  -9.1669e+00  5.2372e+01
5748.8345  -2.5363e+01  6.7321e+01
5750.0850  -8.8656e+00  5.7544e+01
5751.3350  3.5207e+00  5.7971e+01
5752.5854  -1.0401e+01  4.8808e+01
5753.8359  1.3758e+02  4.7072e+01
5755.0859  -5.8626e+01  6.9815e+01
5756.3364  -5.8118e+01  4.8631e+01
5757.5869  -4.9034e+01  6.2033e+01
5758.8369  6.5008e+01  5.0622e+01
5760.0874  -8.8169e+00  5.9284e+01
5761.3379  -9.3707e+01  5.9485e+01
5762.5879  1.1476e+01  5.4074e+01
5763.8384  5.0111e+01  5.4866e+01
5765.0889  -6.3365e+01  6.5025e+01
5766.3389  1.5459e+01  6.6825e+01
5767.5894  4.5238e+01  4.8009e+01
5768.8398  1.1777e+02  5.6493e+01
5770.0903  7.5311e+01  5.0365e+01
5771.3403  -6.2745e+01  5.1806e+01
5772.5908  -3.4786e+00  5.9532e+01
5773.8413  -1.9925e+01  6.0656e+01
5775.0913  -4.9383e+01  4.8706e+01
5776.3418  -7.8129e+01  6.1700e+01
5777.5923  5.4067e-01  4.5684e+01
5778.8423  -1.0364e+00  6.0239e+01
5780.0928  5.6319e+01  5.1106e+01
5781.3433  3.6439e+01  6.3570e+01
5782.5933  5.6082e+00  4.5331e+01
5783.8438  -9.6140e+01  5.7334e+01
5785.0942  5.1365e+01  5.0599e+01
5786.3442  2.8056e-01  5.2472e+01
5787.5947  -1.0639e+02  5.0526e+01
5788.8452  1.9346e+01  5.3714e+01
5790.0957  8.4340e+01  5.6647e+01
5791.3457  3.9941e+01  5.2068e+01
5792.5962  6.5332e+01  6.3408e+01
5793.8467  -3.5822e+01  6.1255e+01
5795.0967  -5.6037e+01  5.5685e+01
5796.3472  6.8541e+01  5.7457e+01
5797.5977  -8.9679e+01  4.9830e+01
5798.8477  2.1344e+01  6.1647e+01
5800.0981  -5.9028e+01  4.9829e+01
5801.3486  -9.2589e+01  5.8763e+01
5802.5986  -1.1020e+02  5.0083e+01
5803.8491  4.2022e+01  4.9478e+01
5805.0996  -1.7898e+00  6.2831e+01
5806.3496  1.0295e+02  5.1699e+01
5807.6001  5.9370e+00  5.3056e+01
5808.8506  1.2061e+01  4.5804e+01
5810.1006  1.5380e+01  5.1567e+01
5811.3511  -3.6778e+01  4.7231e+01
5812.6016  4.4804e+01  6.1448e+01
5813.8521  6.4984e+01  6.0821e+01
5815.1021  -1.5376e+01  4.5304e+01
5816.3525  8.1384e+00  5.1667e+01
5817.6030  -1.1722e+02  6.3088e+01
5818.8530  9.4214e+00  6.0742e+01
5820.1035  2.6965e+01  5.6553e+01
5821.3540  1.7020e+00  5.5507e+01
5822.6040  2.2805e+01  5.0038e+01
5823.8545  4.8040e+01  5.2233e+01
5825.1050  1.0316e+02  5.4701e+01
5826.3550  2.1018e+01  5.7293e+01
5827.6055  8.2069e+01  4.9832e+01
5828.8560  1.8611e+01  5.4314e+01
5830.1060  5.4288e+01  5.4902e+01
5831.3564  1.9664e+02  6.2940e+01
5832.6069  4.7954e+02  5.4040e+01
5833.8574  4.7875e+02  4.6987e+01
5835.1074  3.4719e+02  6.1957e+01
5836.3579  3.0280e+02  5.5747e+01
5837.6084  1.4454e+02  5.8524e+01
5838.8584  2.5934e+01  5.4896e+01
5840.1089  2.8493e+01  5.3044e+01
5841.3594  1.0911e+02  4.6798e+01
5842.6094  1.0374e+01  4.6051e+01
5843.8599  -7.0787e+01  5.4002e+01
5845.1104  4.9899e+01  5.4674e+01
5846.3604  8.7294e+01  4.7224e+01
5847.6108  -2.1590e+01  4.8855e+01
5848.8613  1.3270e+01  4.8847e+01
5850.1113  -2.5206e+01  5.7494e+01
5851.3618  -2.3623e+00  4.9074e+01
5852.6123  3.8316e+00  4.6729e+01
5853.8623  4.4327e+01  6.1619e+01
5855.1128  1.0809e+01  5.2538e+01
5856.3633  1.0276e+02  4.6906e+01
5857.6138  3.5312e+01  5.9117e+01
5858.8638  4.9917e+01  4.7516e+01
5860.1143  -2.4956e+01  5.0129e+01
5861.3647  1.3440e+01  4.9989e+01
5862.6147  8.1378e+00  5.8714e+01
5863.8652  1.5598e+01  5.7464e+01
5865.1157  1.4973e+02  5.4155e+01
5866.3657  1.6367e+02  6.7360e+01
5867.6162  8.0145e+01  7.2211e+01
5868.8667  -4.2921e+01  7.0055e+01
5870.1167  -3.6553e+01  6.1066e+01
5871.3672  1.1387e+02  6.9690e+01
5872.6177  1.6420e+02  5.7373e+01
5873.8677  5.9581e+01  6.3319e+01
5875.1182  -4.0809e+01  5.3404e+01
5876.3687  8.7142e+01  5.1662e+01
5877.6187  5.5585e+01  6.0223e+01
5878.8691  8.7819e+01  5.5029e+01
5880.1196  6.1923e+01  5.2434e+01
5881.3701  7.8239e+01  5.2783e+01
5882.6201  9.2328e+00  5.4529e+01
5883.8706  3.5601e+01  4.7743e+01
5885.1211  -4.3439e+01  4.7582e+01
5886.3711  -6.7320e+01  5.9676e+01
5887.6216  6.0330e+01  6.9917e+01
5888.8721  -2.3203e+01  8.5543e+01
5890.1221  3.9176e+01  1.0930e+02
5891.3726  -5.9954e+00  1.0704e+02
5892.6230  6.2433e+01  7.1053e+01
5893.8730  -7.8183e+01  5.4745e+01
5895.1235  -1.4676e+00  6.9357e+01
5896.3740  2.9962e+01  8.8679e+01
5897.6240  -4.5229e+01  8.0826e+01
5898.8745  4.2417e+01  6.5323e+01
5900.1250  -9.3764e+00  4.9994e+01
5901.3755  3.6247e+01  4.8852e+01
5902.6255  -9.2069e+01  4.8345e+01
5903.8760  -5.0725e+01  5.2009e+01
5905.1265  -6.0920e+01  6.3957e+01
5906.3765  -2.8557e+00  5.1678e+01
5907.6270  -7.5524e+01  5.3993e+01
5908.8774  2.1971e+01  5.0583e+01
5910.1274  -3.9633e+01  5.6041e+01
5911.3779  -2.5129e+00  4.6948e+01
5912.6284  -3.8301e+01  5.6501e+01
5913.8784  4.0848e+01  5.4177e+01
5915.1289  -4.4816e+01  6.0852e+01
5916.3794  -3.7535e+00  7.0875e+01
5917.6294  7.7579e+00  6.1343e+01
5918.8799  7.4982e+01  5.5357e+01
5920.1304  3.5971e+01  5.5012e+01
5921.3804  -1.2929e+01  5.6952e+01
5922.6309  -2.5947e+01  5.2914e+01
5923.8813  1.1965e+01  5.2505e+01
5925.1318  -2.5033e+00  5.5574e+01
5926.3818  -1.2131e+01  6.6598e+01
5927.6323  -3.9548e+01  4.8850e+01
5928.8828  -2.4870e+01  5.7988e+01
5930.1328  7.5362e+01  5.1507e+01
