# SNR 11.0869
# Quality c
# flux_factor = 1.e-20
5154.9331  -9.3105e+01  1.7168e+02
5156.1836  -2.5296e+02  1.7409e+02
5157.4341  -3.5876e+00  1.7529e+02
5158.6841  1.1711e+01  1.7458e+02
5159.9346  1.9558e+01  1.7445e+02
5161.1851  2.0567e+01  1.7473e+02
5162.4351  5.4249e+01  1.7189e+02
5163.6855  -1.0353e+02  1.7104e+02
5164.9360  3.9353e+01  1.6910e+02
5166.1860  -1.6122e+02  1.6609e+02
5167.4365  -5.7474e+01  1.5820e+02
5168.6870  -1.4946e+02  1.5549e+02
5169.9370  9.0766e+01  1.6041e+02
5171.1875  -2.1965e+01  1.6366e+02
5172.4380  -1.8604e+02  1.5713e+02
5173.6885  -1.2803e+02  1.5373e+02
5174.9385  3.4890e+01  1.6127e+02
5176.1890  1.0581e+02  1.6915e+02
5177.4395  8.8668e+01  1.7179e+02
5178.6895  2.3965e+02  1.7104e+02
5179.9399  2.4975e+02  1.7173e+02
5181.1904  -1.5535e+01  1.7035e+02
5182.4404  -4.8191e+01  1.6423e+02
5183.6909  -4.8356e+02  1.5302e+02
5184.9414  -6.1780e+01  1.5108e+02
5186.1914  1.0589e+02  1.6065e+02
5187.4419  6.9161e+01  1.7287e+02
5188.6924  5.7142e+01  1.7516e+02
5189.9424  4.7950e+00  1.7352e+02
5191.1929  2.5044e+01  1.7165e+02
5192.4434  3.2557e+01  1.6649e+02
5193.6934  5.8427e+01  1.6572e+02
5194.9438  2.8240e+01  1.6874e+02
5196.1943  -1.6387e+02  1.7408e+02
5197.4443  -7.3807e+01  1.9986e+02
5198.6948  2.5146e+02  2.4556e+02
5199.9453  1.8579e+02  2.4252e+02
5201.1958  2.0171e+02  2.1095e+02
5202.4458  -8.7923e+01  1.9625e+02
5203.6963  -1.4700e+02  1.8103e+02
5204.9468  3.2911e+01  1.7280e+02
5206.1968  9.3862e+01  1.6513e+02
5207.4473  1.6987e+02  1.6475e+02
5208.6978  1.5103e+01  1.6477e+02
5209.9478  -8.1461e+01  1.6797e+02
5211.1982  1.5864e+02  1.6878e+02
5212.4487  5.2775e+01  1.7017e+02
5213.6987  -8.0911e+01  1.7074e+02
5214.9492  7.7095e+01  1.6846e+02
5216.1997  3.0094e+02  1.6618e+02
5217.4497  1.9764e+02  1.6588e+02
5218.7002  -7.9432e+01  1.6907e+02
5219.9507  1.5776e+02  1.6990e+02
5221.2007  -1.4595e+02  1.7300e+02
5222.4512  -9.2732e+01  1.7037e+02
5223.7017  -2.9512e+01  1.7354e+02
5224.9517  5.0720e+01  1.7556e+02
5226.2021  2.6186e+02  1.6929e+02
5227.4526  2.5423e+01  1.5932e+02
5228.7031  -5.0479e+01  1.6020e+02
5229.9531  4.0980e+01  1.6423e+02
5231.2036  1.6018e+02  1.6670e+02
5232.4541  1.9132e+02  1.6834e+02
5233.7041  3.3877e+02  1.6488e+02
5234.9546  -2.0973e+02  1.6305e+02
5236.2051  9.0688e+00  1.6508e+02
5237.4551  1.7060e+02  1.6843e+02
5238.7056  2.9330e+02  1.7687e+02
5239.9561  8.0453e+02  1.7655e+02
5241.2061  1.2172e+03  1.7128e+02
5242.4565  1.1571e+03  1.6724e+02
5243.7070  6.6605e+02  1.6596e+02
5244.9570  6.1656e+02  1.6605e+02
5246.2075  8.0529e+02  1.6512e+02
5247.4580  2.2019e+02  1.6421e+02
5248.7080  2.4673e+02  1.6495e+02
5249.9585  3.6600e+02  1.6657e+02
5251.2090  -1.2025e+02  1.6557e+02
5252.4590  -1.0592e+02  1.6444e+02
5253.7095  3.5402e+02  1.6337e+02
5254.9600  -2.4189e+02  1.6763e+02
5256.2104  -1.4458e+01  1.7066e+02
5257.4604  -4.0448e+00  1.7578e+02
5258.7109  -1.8574e+01  1.6969e+02
5259.9614  -1.7940e+02  1.6522e+02
5261.2114  -1.9699e+01  1.6462e+02
5262.4619  -1.9906e+01  1.6044e+02
5263.7124  2.4309e+02  1.5718e+02
5264.9624  -1.2897e+01  1.5445e+02
5266.2129  6.1413e+01  1.5305e+02
5267.4634  2.4479e+02  1.5286e+02
5268.7134  -6.0850e+01  1.5609e+02
5269.9639  2.9248e+01  1.5279e+02
5271.2144  2.1687e+02  1.5326e+02
5272.4644  1.2719e+02  1.5855e+02
5273.7148  -2.3569e-01  1.6004e+02
5274.9653  2.3740e+01  1.6174e+02
5276.2153  -3.4759e+00  1.6549e+02
5277.4658  -2.9888e+01  1.6497e+02
5278.7163  1.1806e+02  1.6659e+02
5279.9663  1.5968e+02  1.6216e+02
5281.2168  1.0399e+02  1.6063e+02
5282.4673  1.0319e+02  1.5902e+02
5283.7178  4.0505e+01  1.5625e+02
5284.9678  -1.0074e+02  1.5658e+02
5286.2183  9.8834e+01  1.6147e+02
5287.4688  2.4066e+01  1.6252e+02
5288.7188  2.6812e+01  1.6247e+02
5289.9692  1.2720e+02  1.6186e+02
5291.2197  -4.0788e+01  1.6356e+02
5292.4697  -1.8926e+02  1.6288e+02
5293.7202  3.5682e+02  1.6172e+02
5294.9707  1.8579e+02  1.6329e+02
5296.2207  5.1213e+01  1.6050e+02
5297.4712  1.3053e+02  1.5765e+02
5298.7217  -3.9881e+01  1.5831e+02
5299.9717  9.2271e+00  1.6244e+02
5301.2222  2.4304e+02  1.6244e+02
5302.4727  -1.6227e+01  1.5811e+02
5303.7227  -7.9694e+01  1.5820e+02
5304.9731  -1.6764e+01  1.6007e+02
5306.2236  1.5877e+01  1.6125e+02
5307.4736  -8.6397e+00  1.6021e+02
5308.7241  -1.5449e+02  1.6098e+02
5309.9746  -2.4084e+01  1.6152e+02
5311.2251  8.6841e+01  1.6136e+02
5312.4751  -1.9192e+02  1.6454e+02
5313.7256  2.0580e+01  1.6419e+02
5314.9761  2.1388e+02  1.6228e+02
5316.2261  1.3592e+02  1.5964e+02
5317.4766  2.1717e+00  1.5911e+02
5318.7271  -6.7404e+01  1.6027e+02
5319.9771  -7.2805e+01  1.5911e+02
5321.2275  -2.3230e+02  1.5960e+02
5322.4780  -1.9715e+01  1.5954e+02
5323.7280  6.2432e+01  1.5780e+02
5324.9785  7.1018e+01  1.5725e+02
5326.2290  -4.4524e+01  1.5674e+02
5327.4790  -1.4303e+02  1.5647e+02
5328.7295  -9.9508e+01  1.5508e+02
