# SNR 10.7635
# Quality c
# flux_factor = 1.e-20
8090.7104  7.8820e+00  3.0493e+01
8091.9609  -5.9263e+01  3.5009e+01
8093.2114  4.0479e+01  4.2070e+01
8094.4614  -3.1169e+01  5.4722e+01
8095.7119  2.2108e+01  5.8182e+01
8096.9624  8.2693e+00  4.6920e+01
8098.2129  -6.8350e+01  3.6128e+01
8099.4629  1.8795e+01  4.3232e+01
8100.7134  -1.5249e+01  3.3934e+01
8101.9639  -3.7311e+01  5.0839e+01
8103.2139  -1.9322e+00  6.3078e+01
8104.4644  -4.2153e+01  6.7201e+01
8105.7148  3.7631e+01  4.8135e+01
8106.9648  -5.9863e+01  3.5712e+01
8108.2153  -4.8959e+00  3.9876e+01
8109.4658  -8.1501e+01  3.7150e+01
8110.7158  9.6804e+00  3.6891e+01
8111.9663  -2.4359e+01  3.8318e+01
8113.2168  -3.6821e+01  3.5075e+01
8114.4668  -3.0661e+01  3.7980e+01
8115.7173  -1.3631e+01  3.9207e+01
8116.9678  -1.3499e+01  3.6983e+01
8118.2183  -1.0132e+02  3.2621e+01
8119.4683  1.0007e+01  3.5573e+01
8120.7188  4.9631e+00  4.4840e+01
8121.9692  -5.5847e+01  3.5076e+01
8123.2192  -4.6632e+01  3.9804e+01
8124.4697  -2.2840e+01  3.6360e+01
8125.7202  -4.4039e+01  3.3408e+01
8126.9702  -4.3075e+01  3.8318e+01
8128.2207  -4.8522e+01  3.3767e+01
8129.4712  -1.0385e+02  3.9892e+01
8130.7212  -3.6100e+01  3.5069e+01
8131.9717  -6.7404e+01  4.0253e+01
8133.2222  2.7635e+01  4.0820e+01
8134.4727  6.3207e+00  3.6061e+01
8135.7227  -5.8338e+01  4.2277e+01
8136.9731  -3.3820e+01  3.4286e+01
8138.2236  -9.1950e+01  3.4450e+01
8139.4736  7.8325e+01  4.6286e+01
8140.7241  8.3281e+00  4.5580e+01
8141.9746  -6.6454e+01  4.4262e+01
8143.2246  -3.2975e+01  3.2847e+01
8144.4751  -4.0031e-01  4.4188e+01
8145.7256  -4.9962e+01  3.3282e+01
8146.9756  3.3950e+01  4.5445e+01
8148.2261  -7.8024e+01  5.7902e+01
8149.4766  -2.3610e+01  4.4525e+01
8150.7271  2.3301e+01  3.2386e+01
8151.9771  -2.4775e+01  3.8553e+01
8153.2275  -4.1237e+01  3.1616e+01
8154.4780  -5.4493e+01  3.5694e+01
8155.7280  -2.9904e+01  3.6105e+01
8156.9785  -6.8150e+01  3.3467e+01
8158.2290  -7.9653e+01  3.7624e+01
8159.4790  -5.6826e+01  3.8463e+01
8160.7295  -3.4958e+01  3.4202e+01
8161.9800  -5.3170e+01  3.9918e+01
8163.2300  -6.2272e+01  3.7348e+01
8164.4805  -4.5283e+01  3.4265e+01
8165.7310  6.5100e+00  3.9228e+01
8166.9814  -6.1795e+01  4.0576e+01
8168.2314  -1.3836e+01  3.2436e+01
8169.4819  -1.1182e+01  3.4097e+01
8170.7324  -4.0491e+01  3.6564e+01
8171.9824  -7.1872e+01  3.9974e+01
8173.2329  -1.3105e+01  3.1538e+01
8174.4834  -3.6457e+01  3.9177e+01
8175.7334  -7.9983e+00  4.3159e+01
8176.9839  3.6244e+01  3.8116e+01
8178.2344  -2.1188e+01  4.3674e+01
8179.4844  3.0746e+00  3.3962e+01
8180.7349  -9.7324e+00  3.9511e+01
8181.9854  -2.1883e+01  3.8860e+01
8183.2358  4.1292e+01  3.7577e+01
8184.4858  -4.4495e+01  3.6089e+01
8185.7363  -1.5668e+01  3.8660e+01
8186.9868  -2.0881e+00  3.1356e+01
8188.2368  -3.4169e+01  3.4413e+01
8189.4873  4.9224e-01  3.8105e+01
8190.7378  -7.2444e+01  4.1122e+01
8191.9878  -3.2056e+01  3.8891e+01
8193.2383  4.8738e+01  3.6611e+01
8194.4883  -2.9070e+01  3.6714e+01
8195.7393  1.0980e+01  3.8785e+01
8196.9893  -5.9403e+01  3.8514e+01
8198.2393  -6.2673e+00  3.6676e+01
8199.4902  -8.5888e+00  3.8557e+01
8200.7402  1.2091e+01  3.5086e+01
8201.9902  -2.2350e+01  3.1617e+01
8203.2412  4.4695e+00  4.2318e+01
8204.4912  8.2280e+00  3.0715e+01
8205.7422  -1.7853e+01  3.1753e+01
8206.9922  -7.7027e+01  4.0632e+01
8208.2422  -1.0160e+01  4.0362e+01
8209.4932  -5.5437e+00  3.3170e+01
8210.7432  -4.3571e+01  3.5337e+01
8211.9932  -3.4675e+01  4.5365e+01
8213.2441  5.0724e+01  3.8360e+01
8214.4941  -1.4139e+01  3.1416e+01
8215.7441  -2.1305e+01  4.5865e+01
8216.9951  -8.5709e+01  4.2307e+01
8218.2451  -2.1075e+01  3.5125e+01
8219.4951  -4.1376e+01  4.0300e+01
8220.7461  -7.0017e+00  3.8539e+01
8221.9961  -7.1998e+01  3.3945e+01
8223.2461  4.1415e+01  3.8975e+01
8224.4971  8.0728e+01  4.0526e+01
8225.7471  1.9825e+02  3.5675e+01
8226.9971  2.1659e+02  3.7190e+01
8228.2480  2.1171e+02  4.5002e+01
8229.4980  1.6742e+02  3.7585e+01
8230.7480  2.0030e+02  4.6624e+01
8231.9990  3.8805e+01  4.8820e+01
8233.2490  8.0809e+01  4.3501e+01
8234.4990  6.8599e+01  4.4812e+01
8235.7500  6.3125e+01  3.8002e+01
8237.0000  -4.8563e+01  3.6345e+01
8238.2500  -2.0227e+01  4.3061e+01
8239.5010  4.7537e+01  4.6764e+01
8240.7510  9.4778e+00  4.2465e+01
8242.0020  7.1979e+00  4.3392e+01
8243.2520  -1.1830e+01  3.9825e+01
8244.5020  -4.0616e+01  5.5976e+01
8245.7529  -5.2906e+01  4.6543e+01
8247.0029  -1.1115e+02  4.9400e+01
8248.2529  -9.0439e+01  3.9722e+01
8249.5039  8.0036e+00  4.3460e+01
8250.7539  -4.5884e+01  4.1420e+01
8252.0039  5.0398e+01  4.5633e+01
8253.2549  -3.5310e+01  4.1211e+01
8254.5049  -1.9570e+01  4.6828e+01
8255.7549  -1.3781e+01  4.1166e+01
8257.0059  -7.6599e+01  3.9057e+01
8258.2559  -4.9110e+00  4.1925e+01
8259.5059  2.9719e+01  3.7238e+01
8260.7568  -5.6571e+01  4.3210e+01
8262.0068  4.4982e+01  3.4882e+01
8263.2568  -3.8865e+01  3.3108e+01
8264.5078  4.9857e+00  3.2615e+01
8265.7578  -2.5044e+01  3.4697e+01
8267.0078  4.6062e+01  3.7664e+01
8268.2588  -1.9733e+01  3.8023e+01
8269.5088  -4.5886e+01  4.4545e+01
8270.7588  -6.8394e+00  3.9432e+01
8272.0098  -5.1745e+01  3.5281e+01
8273.2598  -4.0743e+01  4.0413e+01
8274.5107  -5.8821e+01  4.2674e+01
8275.7607  -2.3672e+01  4.4726e+01
8277.0107  -1.6806e+01  5.2087e+01
8278.2617  -1.0637e+02  5.8771e+01
8279.5117  -1.3722e+02  8.1217e+01
8280.7617  -3.2076e+01  8.0951e+01
8282.0127  -6.2319e+01  1.1718e+02
8283.2627  -2.5107e+02  1.1652e+02
8284.5127  -2.2633e+01  9.7608e+01
8285.7637  -6.1027e+01  4.6517e+01
8287.0137  -1.3109e+02  6.8162e+01
8288.2637  3.6995e+01  9.8073e+01
8289.5146  -2.1771e+02  1.3722e+02
8290.7646  1.0240e+02  1.2238e+02
8292.0146  -2.9734e+01  8.0072e+01
8293.2656  -9.9830e+01  4.0014e+01
8294.5156  -2.1589e+01  3.4397e+01
8295.7656  -3.1139e+01  5.6626e+01
8297.0166  1.0682e+02  9.2783e+01
8298.2666  1.5600e+02  9.9510e+01
8299.5166  -1.6983e+02  1.3704e+02
8300.7676  2.8607e+01  1.4090e+02
8302.0176  -6.5495e+01  9.5570e+01
8303.2676  -8.3543e+01  5.4458e+01
8304.5186  -8.9334e+01  5.3309e+01
8305.7686  3.4841e+01  4.2369e+01
8307.0195  -3.7027e+01  5.0174e+01
8308.2695  -2.2847e+01  4.9458e+01
8309.5195  8.3343e+01  4.0230e+01
8310.7705  -4.3462e+01  6.7908e+01
8312.0205  4.4738e+01  9.0207e+01
8313.2705  1.0101e+02  7.3708e+01
8314.5215  -3.5175e+01  5.2169e+01
8315.7715  3.3532e+01  3.5610e+01
8317.0215  -1.0604e+02  4.2700e+01
8318.2725  -1.1707e+02  4.3739e+01
8319.5225  -3.3275e+01  4.1842e+01
8320.7725  -2.0564e+00  4.7017e+01
8322.0234  -1.4054e+01  3.4026e+01
8323.2734  -3.2548e+01  4.1382e+01
8324.5234  2.5322e+01  3.8730e+01
8325.7744  -2.5586e+00  4.3744e+01
8327.0244  -1.4500e+01  2.8861e+01
8328.2744  -1.4299e-01  3.9430e+01
8329.5254  2.1447e+01  3.4502e+01
8330.7754  -7.2276e+01  3.3437e+01
8332.0254  2.1772e+01  3.4525e+01
8333.2764  3.9702e+00  3.2142e+01
8334.5264  -2.8680e+01  3.7052e+01
8335.7764  -1.3057e+01  3.6144e+01
8337.0273  -2.0988e+01  3.8378e+01
8338.2773  -2.4467e+01  3.8356e+01
8339.5283  2.8712e+01  4.5673e+01
8340.7783  2.2123e+01  3.9078e+01
8342.0283  3.8048e+01  5.8610e+01
8343.2793  1.1261e+02  1.5938e+02
8344.5293  -1.1251e+02  1.6091e+02
8345.7793  1.9205e+00  2.3466e+02
8347.0303  6.4193e+01  1.8473e+02
8348.2803  -2.8074e+01  1.2404e+02
8349.5303  1.3328e+01  5.1602e+01
8350.7812  4.1308e+01  5.8982e+01
8352.0312  1.3158e+01  7.8872e+01
8353.2812  -1.7922e+02  1.2032e+02
8354.5322  -1.1147e+02  1.3639e+02
8355.7822  -1.2965e+02  1.1219e+02
8357.0322  -1.7313e+01  4.9971e+01
8358.2832  -5.4861e+01  3.3074e+01
8359.5332  -3.1434e+01  4.9336e+01
8360.7832  1.6462e+01  4.5638e+01
8362.0342  -9.8014e-02  5.7501e+01
8363.2842  2.3736e+01  5.1897e+01
