# SNR 22.9816
# Quality c
# flux_factor = 1.e-20
6570.2998  4.7431e+01  5.1705e+01
6571.5503  -6.4239e+01  4.4443e+01
6572.8003  -3.0867e+00  4.6081e+01
6574.0508  -1.5224e+01  4.7500e+01
6575.3013  5.6357e+00  3.9570e+01
6576.5518  6.6619e+01  4.6766e+01
6577.8018  5.5173e+01  6.1197e+01
6579.0522  -5.3001e+01  5.9621e+01
6580.3027  7.8846e+01  4.8030e+01
6581.5527  -3.2164e+01  4.0116e+01
6582.8032  -2.4234e+01  4.2969e+01
6584.0537  -9.6708e+01  4.7552e+01
6585.3037  3.5205e+01  4.5037e+01
6586.5542  -9.6885e+00  3.7170e+01
6587.8047  5.8222e+00  3.4807e+01
6589.0547  2.6169e+01  3.5896e+01
6590.3052  8.5242e+00  3.9189e+01
6591.5557  3.6349e+01  4.1668e+01
6592.8062  -2.9354e+01  4.5173e+01
6594.0562  -6.7001e+00  3.6384e+01
6595.3066  5.9753e+01  3.6751e+01
6596.5571  -3.8458e+01  4.0959e+01
6597.8071  -1.6961e+01  5.0015e+01
6599.0576  -4.9182e+01  3.8155e+01
6600.3081  -3.9157e+00  4.0248e+01
6601.5581  -4.1144e+01  4.3084e+01
6602.8086  4.6290e+01  4.4905e+01
6604.0591  7.8918e+00  4.3758e+01
6605.3091  4.0350e+01  5.5955e+01
6606.5596  -1.6982e+01  4.5818e+01
6607.8101  6.7718e+01  3.6052e+01
6609.0601  2.0883e+01  3.8817e+01
6610.3105  9.4109e+00  3.8785e+01
6611.5610  -7.1145e+01  4.3925e+01
6612.8115  3.7922e+00  3.5387e+01
6614.0615  3.5529e+01  3.5299e+01
6615.3120  -1.9486e+01  3.4560e+01
6616.5625  6.8361e+01  3.6019e+01
6617.8125  -1.5300e+01  3.4621e+01
6619.0630  3.7966e+00  3.3290e+01
6620.3135  -6.0969e+00  3.4176e+01
6621.5635  1.3154e+02  4.0021e+01
6622.8140  2.8713e+01  3.7289e+01
6624.0645  -5.4886e+01  4.0762e+01
6625.3145  -8.2938e+00  3.8584e+01
6626.5649  3.1944e-01  4.3018e+01
6627.8154  1.2345e+01  4.5999e+01
6629.0654  2.5137e+01  4.4652e+01
6630.3159  2.3304e+01  3.8235e+01
6631.5664  -5.6027e+01  3.9341e+01
6632.8169  -6.9688e+00  3.6317e+01
6634.0669  1.5409e+01  5.2667e+01
6635.3174  -4.6255e+00  5.1925e+01
6636.5679  -5.2113e+01  3.7546e+01
6637.8179  -5.5154e+01  3.3954e+01
6639.0684  -6.2729e+00  3.9642e+01
6640.3188  -9.8712e+01  3.5223e+01
6641.5688  8.0447e+01  3.6405e+01
6642.8193  3.4374e+01  3.9283e+01
6644.0698  2.2123e+01  4.0528e+01
6645.3198  -3.7788e+01  3.3981e+01
6646.5703  -1.6440e+01  3.6297e+01
6647.8208  -6.4768e+01  3.5735e+01
6649.0708  -4.8337e+01  3.2899e+01
6650.3213  -6.0359e+01  4.0206e+01
6651.5718  -2.7447e+01  3.9313e+01
6652.8223  6.4883e+01  3.8017e+01
6654.0723  2.0744e+01  3.3111e+01
6655.3228  -1.1348e+01  3.8667e+01
6656.5732  1.5049e+01  3.3695e+01
6657.8232  1.7471e+00  4.4311e+01
6659.0737  -5.3496e+01  3.8279e+01
6660.3242  -2.8963e+01  3.8156e+01
6661.5742  -5.4349e+01  4.0297e+01
6662.8247  -7.5827e+01  4.6171e+01
6664.0752  -7.9568e+01  3.7767e+01
6665.3252  -5.0954e+01  3.8232e+01
6666.5757  6.1866e+01  3.7295e+01
6667.8262  8.8373e+01  4.3600e+01
6669.0762  3.6495e+01  3.9577e+01
6670.3267  6.7787e+01  3.5258e+01
6671.5771  -1.7201e+01  3.7735e+01
6672.8276  7.8055e+01  4.2055e+01
6674.0776  1.2958e+02  3.5039e+01
6675.3281  1.0494e+02  3.9237e+01
6676.5786  1.5786e+02  3.9977e+01
6677.8286  2.4905e+02  4.0425e+01
6679.0791  5.0036e+02  4.0810e+01
6680.3296  5.6706e+02  3.8374e+01
6681.5796  5.3884e+02  4.3070e+01
6682.8301  4.1331e+02  4.3229e+01
6684.0806  1.7087e+02  3.4237e+01
6685.3306  1.5518e+02  4.5436e+01
6686.5811  1.7066e+02  4.2536e+01
6687.8315  1.4823e+01  4.0057e+01
6689.0820  2.6023e+01  3.9279e+01
6690.3320  3.8665e+01  3.7287e+01
6691.5825  1.9014e+01  3.8708e+01
6692.8330  2.3754e+01  4.1451e+01
6694.0830  -1.2885e+01  3.6881e+01
6695.3335  7.0036e+00  3.2848e+01
6696.5840  3.3558e+01  4.0968e+01
6697.8340  -4.0792e+01  4.0310e+01
6699.0845  4.8625e+01  3.9486e+01
6700.3350  6.8876e+01  4.0334e+01
6701.5850  -7.7441e+01  3.4866e+01
6702.8354  -3.1754e+01  3.9905e+01
6704.0859  3.5332e+01  3.9864e+01
6705.3359  -1.3102e+01  4.9145e+01
6706.5864  7.5255e+01  3.8953e+01
6707.8369  -5.0071e+01  3.5773e+01
6709.0874  -1.0645e+01  4.7962e+01
6710.3374  1.1194e+02  3.7362e+01
6711.5879  -5.4026e+00  4.0771e+01
6712.8384  -2.4459e+01  3.8778e+01
6714.0884  2.7041e+01  3.6729e+01
6715.3389  1.5669e+01  3.6674e+01
6716.5894  -3.8859e+00  4.4759e+01
6717.8394  4.5711e+01  4.1993e+01
6719.0898  -8.2091e-01  3.5378e+01
6720.3403  1.3303e+01  3.9995e+01
6721.5903  -4.0546e+01  3.5833e+01
6722.8408  -4.0500e+01  3.4647e+01
6724.0913  3.7409e+00  4.1956e+01
6725.3413  4.4446e+01  3.9063e+01
6726.5918  6.7469e+00  3.5212e+01
6727.8423  3.4007e+01  4.3931e+01
6729.0928  2.3454e+01  3.9630e+01
6730.3428  7.7939e+01  3.3912e+01
6731.5933  1.3828e+01  3.8430e+01
6732.8438  5.7136e+00  4.7790e+01
6734.0938  -3.3969e+01  4.4657e+01
6735.3442  -1.5522e+01  3.8195e+01
6736.5947  -4.5554e+01  3.4828e+01
6737.8447  5.1413e+00  4.1733e+01
6739.0952  -7.0387e+00  4.1167e+01
6740.3457  2.5278e+01  3.7485e+01
6741.5957  -3.6410e+00  4.1813e+01
6742.8462  -2.9605e+01  3.9480e+01
6744.0967  1.2660e+00  4.5203e+01
6745.3472  -1.7361e+01  4.9670e+01
6746.5972  -2.2026e+01  4.2590e+01
6747.8477  -3.1833e+00  3.8617e+01
6749.0981  -3.1220e+01  3.5303e+01
6750.3481  -5.9760e+00  3.4036e+01
6751.5986  2.7776e+00  3.6634e+01
6752.8491  1.3275e+00  3.8381e+01
6754.0991  1.3621e+01  3.8265e+01
6755.3496  1.9307e+01  3.3040e+01
6756.6001  2.3980e+01  3.6508e+01
6757.8501  -3.1951e+01  3.3225e+01
6759.1006  -4.0010e+00  3.6196e+01
6760.3511  2.4608e+01  3.5855e+01
6761.6011  -2.9193e+01  4.0335e+01
6762.8516  -1.1698e+01  4.2849e+01
6764.1021  -2.0151e+01  3.2835e+01
6765.3525  8.9807e+00  4.0370e+01
6766.6025  1.1715e+01  3.7037e+01
6767.8530  6.9618e+01  3.9036e+01
6769.1035  -4.3564e+01  3.5144e+01
6770.3535  -1.8079e+01  3.3356e+01
6771.6040  1.0327e+01  3.8820e+01
6772.8545  2.3914e+01  3.2599e+01
6774.1045  -2.3735e+00  4.2080e+01
6775.3550  -1.4927e+01  3.9829e+01
6776.6055  -8.2325e+01  3.5803e+01
6777.8555  -7.1718e+01  3.3223e+01
6779.1060  1.5411e+01  3.3357e+01
6780.3564  5.7894e+01  3.2795e+01
6781.6064  3.1323e+00  3.5710e+01
6782.8569  9.5530e-02  3.7886e+01
6784.1074  -2.3188e+01  3.6833e+01
6785.3579  1.6236e+01  3.6767e+01
6786.6079  4.0190e+01  3.3375e+01
6787.8584  -5.1971e+01  3.7532e+01
6789.1089  9.5643e+00  3.9296e+01
6790.3589  7.4068e+01  3.4220e+01
6791.6094  1.8740e+01  3.7390e+01
