# SNR 19.8223
# Quality c
# flux_factor = 1.e-20
6837.9888  8.8563e+00  6.1736e+01
6839.2388  -8.0260e+00  5.5906e+01
6840.4893  -8.8831e+00  5.6856e+01
6841.7397  5.7945e+01  6.0613e+01
6842.9897  1.2902e+02  7.6565e+01
6844.2402  1.5078e+02  6.9644e+01
6845.4907  4.2883e+01  5.2298e+01
6846.7407  -2.8035e+01  4.8912e+01
6847.9912  -1.2320e+01  4.8053e+01
6849.2417  -8.3356e+01  5.1786e+01
6850.4917  -1.2546e+02  5.7984e+01
6851.7422  -3.2849e+01  7.3823e+01
6852.9927  -3.7624e+01  6.0328e+01
6854.2432  -7.9864e+00  5.4285e+01
6855.4932  3.8715e+01  4.8761e+01
6856.7437  3.1309e+01  4.9054e+01
6857.9941  6.6615e+01  4.9023e+01
6859.2441  7.1573e+01  5.8941e+01
6860.4946  -1.0951e+01  6.8102e+01
6861.7451  -2.5778e+01  6.0691e+01
6862.9951  -7.4198e+01  8.2868e+01
6864.2456  1.0614e+02  1.2627e+02
6865.4961  4.1213e+01  1.6074e+02
6866.7461  -1.2706e+02  1.2015e+02
6867.9966  -5.8096e+01  9.8772e+01
6869.2471  -5.9336e+01  6.4814e+01
6870.4971  5.5734e+01  8.7357e+01
6871.7476  5.1776e+01  8.7893e+01
6872.9980  1.0768e+02  9.0040e+01
6874.2485  1.5553e+02  7.0259e+01
6875.4985  8.4974e+00  6.1394e+01
6876.7490  -8.5257e+01  5.6527e+01
6877.9995  2.6390e+00  7.5300e+01
6879.2495  2.4546e+01  5.4557e+01
6880.5000  -4.3051e+01  6.1432e+01
6881.7505  -2.3776e+01  7.7451e+01
6883.0005  -3.8546e+01  9.3974e+01
6884.2510  1.1220e+02  6.6829e+01
6885.5015  7.5401e+01  6.0537e+01
6886.7515  2.0476e+01  7.5034e+01
6888.0020  -1.6994e+01  6.0587e+01
6889.2524  -9.7864e+00  8.6666e+01
6890.5024  9.1852e+01  1.0769e+02
6891.7529  7.4505e+01  1.0272e+02
6893.0034  5.6285e+01  6.1375e+01
6894.2539  -1.0529e+01  5.9064e+01
6895.5039  8.6396e+01  6.2522e+01
6896.7544  1.1519e+02  7.9183e+01
6898.0049  3.2867e+01  5.3587e+01
6899.2549  -1.2813e+02  5.2091e+01
6900.5054  -5.1995e+01  7.2986e+01
6901.7559  -9.5904e+01  9.4989e+01
6903.0059  8.1735e+01  9.1362e+01
6904.2563  6.7435e+01  6.3615e+01
6905.5068  2.8896e+01  5.3598e+01
6906.7568  -6.4778e+01  5.2456e+01
6908.0073  2.5131e+01  5.2480e+01
6909.2578  -1.7900e+01  5.1384e+01
6910.5083  6.4758e+01  5.6023e+01
6911.7583  8.2189e+01  7.4830e+01
6913.0088  -7.8633e+01  8.5615e+01
6914.2593  4.5540e+01  1.0442e+02
6915.5093  1.2685e+02  7.7218e+01
6916.7598  -5.3960e+01  6.0927e+01
6918.0103  -3.6463e+01  4.9526e+01
6919.2603  3.3849e+01  5.0100e+01
6920.5107  -1.6116e+01  4.8799e+01
6921.7612  2.0651e+01  5.7082e+01
6923.0112  6.7377e+01  9.3304e+01
6924.2617  4.3296e+01  1.2957e+02
6925.5122  5.3186e+00  1.1882e+02
6926.7622  5.5168e+01  8.7163e+01
6928.0127  -3.2525e+01  5.0602e+01
6929.2632  7.1705e+01  6.5369e+01
6930.5137  -5.5738e+01  6.0254e+01
6931.7637  3.8861e+01  5.8660e+01
6933.0142  6.0091e+01  4.9055e+01
6934.2646  4.1929e+00  4.8273e+01
6935.5146  -4.7449e+01  5.7745e+01
6936.7651  -3.9163e+01  5.6482e+01
6938.0156  -3.7249e+01  4.9130e+01
6939.2656  1.1772e+01  6.7151e+01
6940.5161  8.7060e+01  9.3004e+01
6941.7666  1.4808e+02  1.0557e+02
6943.0166  1.7013e+02  6.3046e+01
6944.2671  1.9943e+01  5.4148e+01
6945.5176  -8.6476e+01  5.0326e+01
6946.7681  3.4304e+01  4.8276e+01
6948.0181  -8.1577e+01  7.2623e+01
6949.2686  -1.2390e+02  1.0041e+02
6950.5190  -9.5723e+01  1.3607e+02
6951.7690  4.2321e+02  1.0473e+02
6953.0195  7.0344e+02  6.8008e+01
6954.2700  6.2838e+02  5.4723e+01
6955.5200  5.2431e+02  4.9628e+01
6956.7705  4.8985e+02  5.1038e+01
6958.0210  3.5578e+02  5.2623e+01
6959.2710  2.1981e+02  5.2619e+01
6960.5215  1.8742e+02  5.3234e+01
6961.7720  1.2960e+02  5.5497e+01
6963.0220  1.9308e+02  5.7576e+01
6964.2725  3.8031e+01  5.2919e+01
6965.5229  -2.9619e+01  4.9860e+01
6966.7734  1.0953e+01  5.1506e+01
6968.0234  1.1529e+02  5.2908e+01
6969.2739  7.0944e+00  5.3097e+01
6970.5244  6.4600e+01  7.4754e+01
6971.7744  -1.2227e+01  9.4499e+01
6973.0249  2.6057e+01  6.7125e+01
6974.2754  4.9236e+00  4.9752e+01
6975.5254  1.7106e+01  5.0332e+01
6976.7759  -1.2156e+02  6.2462e+01
6978.0264  -1.4883e+02  6.1713e+01
6979.2764  5.4111e+01  1.0280e+02
6980.5269  -1.9562e+01  1.0361e+02
6981.7773  4.8989e+00  7.0249e+01
6983.0278  -7.5132e+00  4.9744e+01
6984.2778  -1.6150e+01  5.6352e+01
6985.5283  7.3545e+01  5.7737e+01
6986.7788  5.4680e+01  5.9903e+01
6988.0288  -4.2580e+00  5.1645e+01
6989.2793  2.7261e+01  5.7008e+01
6990.5298  8.7283e+00  6.1415e+01
6991.7798  8.5857e+01  5.1688e+01
6993.0303  -1.4092e+01  6.4470e+01
6994.2808  4.9505e+01  5.5090e+01
6995.5308  5.7593e+01  4.8203e+01
6996.7812  -6.0185e+01  5.6061e+01
6998.0317  -6.8910e+01  5.1672e+01
6999.2817  -1.0956e+02  6.0227e+01
7000.5322  7.2269e-01  4.9713e+01
7001.7827  -4.2134e+01  6.5476e+01
7003.0332  -7.1393e+01  5.6690e+01
7004.2832  1.1388e+02  6.7236e+01
7005.5337  5.6675e+01  6.8376e+01
7006.7842  1.2693e+01  6.0134e+01
7008.0342  -9.9759e+00  5.4815e+01
7009.2847  -5.7448e+00  4.6863e+01
7010.5352  -8.1816e+01  4.9441e+01
7011.7852  3.9394e+01  7.5893e+01
7013.0356  3.1160e+01  8.2080e+01
7014.2861  3.6682e+01  6.3730e+01
7015.5361  1.0807e+01  6.0970e+01
7016.7866  6.5329e+01  4.7351e+01
7018.0371  3.7087e+01  4.5091e+01
7019.2871  2.7603e+01  5.0963e+01
7020.5376  8.4370e+01  4.6886e+01
7021.7881  8.3949e+01  5.6254e+01
7023.0386  6.2764e+00  4.7942e+01
7024.2886  7.1386e+01  4.6388e+01
7025.5391  5.3332e+01  4.6086e+01
7026.7896  2.3054e+01  4.5824e+01
7028.0396  6.7542e+01  5.2638e+01
7029.2900  2.7968e+01  5.3015e+01
7030.5405  3.9383e+00  4.9985e+01
7031.7905  6.7128e+00  5.3922e+01
7033.0410  2.0189e+01  4.6645e+01
7034.2915  -2.2164e+01  5.5868e+01
7035.5415  2.1772e+00  4.8569e+01
7036.7920  -9.5185e+01  4.5695e+01
7038.0425  2.3906e+01  4.9679e+01
7039.2930  5.4280e+00  4.7388e+01
7040.5430  7.3007e+01  4.6704e+01
7041.7935  6.4995e+01  5.3733e+01
7043.0439  2.3491e+01  5.9292e+01
7044.2939  1.8054e+01  5.7948e+01
7045.5444  1.1712e+02  4.9510e+01
7046.7949  8.5355e+01  5.1202e+01
7048.0449  -9.1619e+00  6.0146e+01
7049.2954  -6.2597e+01  8.1658e+01
7050.5459  3.0991e+01  6.6897e+01
7051.7959  -1.5032e+01  5.7271e+01
7053.0464  -1.3945e+01  6.0460e+01
7054.2969  -2.7240e+01  5.8400e+01
7055.5469  7.1737e+01  6.3191e+01
7056.7974  -3.0729e+01  5.8641e+01
7058.0479  -2.3246e+01  4.8800e+01
7059.2983  1.0699e+02  4.5664e+01
7060.5483  1.3109e+02  4.7350e+01
7061.7988  8.3667e+01  5.5931e+01
7063.0493  3.0011e+01  5.9271e+01
7064.2993  -7.1272e+01  5.2187e+01
7065.5498  6.7182e+01  5.1409e+01
7066.8003  1.3745e+01  6.0861e+01
7068.0503  -2.8246e+01  5.2820e+01
7069.3008  -6.1779e+01  5.1279e+01
