# SNR 17.2309
# Quality c
# flux_factor = 1.e-20
5725.0732  6.9866e+01  6.4298e+01
5726.3237  6.7258e+01  6.1726e+01
5727.5737  1.1919e+02  6.2142e+01
5728.8242  7.8890e+01  6.1872e+01
5730.0747  1.1291e+01  6.1900e+01
5731.3247  1.8237e+01  5.9268e+01
5732.5752  8.3002e+00  5.5981e+01
5733.8257  1.0534e+02  5.4867e+01
5735.0757  1.0292e+02  5.8842e+01
5736.3262  -4.4112e+01  6.5626e+01
5737.5767  1.7893e+01  5.9768e+01
5738.8267  -6.3512e+00  5.7114e+01
5740.0771  2.6514e+01  6.8824e+01
5741.3276  1.4119e+02  5.5469e+01
5742.5776  2.4063e+01  5.8702e+01
5743.8281  7.7219e+01  6.1672e+01
5745.0786  -5.2758e+01  6.5536e+01
5746.3291  -6.7960e+00  6.5315e+01
5747.5791  6.0710e+01  6.5161e+01
5748.8296  3.6695e+01  5.2443e+01
5750.0801  -4.8043e+01  5.3513e+01
5751.3301  -4.6471e+01  5.3870e+01
5752.5806  5.7812e+01  5.4250e+01
5753.8311  7.7720e+01  6.2122e+01
5755.0811  7.0598e+01  5.8759e+01
5756.3315  -1.8235e+01  6.2408e+01
5757.5820  -9.3803e+00  4.9355e+01
5758.8320  -7.8947e+01  5.2674e+01
5760.0825  1.1641e+02  5.8095e+01
5761.3330  8.9067e+01  5.8354e+01
5762.5830  -4.6521e+00  6.3256e+01
5763.8335  2.5752e+01  6.7060e+01
5765.0840  -7.4098e+01  5.6725e+01
5766.3340  8.0624e+01  6.3682e+01
5767.5845  2.4503e+01  5.9949e+01
5768.8350  2.9361e+01  6.3504e+01
5770.0854  -7.7814e+01  5.7586e+01
5771.3354  -8.8558e+01  5.6969e+01
5772.5859  -2.8292e+01  5.1796e+01
5773.8364  -5.3545e+01  5.9623e+01
5775.0864  -5.5495e+01  6.0243e+01
5776.3369  1.0222e+01  4.9421e+01
5777.5874  -1.5777e+00  4.9518e+01
5778.8374  -7.5491e+01  6.0812e+01
5780.0879  3.2290e+01  4.9924e+01
5781.3384  -5.8273e+01  6.0753e+01
5782.5884  -8.5841e+01  5.4796e+01
5783.8389  -1.1471e+01  5.4786e+01
5785.0894  6.5975e+00  5.5195e+01
5786.3394  -1.7339e+01  6.6644e+01
5787.5898  7.3715e+00  5.2121e+01
5788.8403  -7.0762e+01  4.9473e+01
5790.0908  -5.5711e+01  5.2607e+01
5791.3408  4.2512e+00  6.1181e+01
5792.5913  2.5691e+01  5.7108e+01
5793.8418  1.9814e+00  5.6196e+01
5795.0918  -1.7559e+02  5.8409e+01
5796.3423  -9.9969e+01  5.0982e+01
5797.5928  3.3262e+01  5.2276e+01
5798.8428  -1.1988e+01  5.6733e+01
5800.0933  -3.2999e+01  6.1518e+01
5801.3438  -7.1661e-01  6.2818e+01
5802.5938  9.9595e+01  5.2756e+01
5803.8442  -1.6140e+01  5.2362e+01
5805.0947  5.2475e+01  5.2489e+01
5806.3447  3.1612e+01  5.4251e+01
5807.5952  8.6457e+01  5.5662e+01
5808.8457  5.0058e+01  5.8746e+01
5810.0957  -4.3071e+01  5.8915e+01
5811.3462  1.3904e+01  5.5295e+01
5812.5967  -6.6853e-01  5.6971e+01
5813.8472  7.0506e+01  5.2629e+01
5815.0972  1.7281e+02  5.4687e+01
5816.3477  7.9626e+01  5.9961e+01
5817.5981  9.8909e+01  5.6719e+01
5818.8481  2.8441e+02  6.4997e+01
5820.0986  5.2977e+02  5.0338e+01
5821.3491  6.0106e+02  5.4998e+01
5822.5991  4.5965e+02  5.0180e+01
5823.8496  3.8152e+02  5.5071e+01
5825.1001  1.8058e+02  5.8278e+01
5826.3501  8.9247e+01  5.3210e+01
5827.6006  2.7451e+01  5.4888e+01
5828.8511  -7.3778e+01  6.0327e+01
5830.1011  -3.0501e+00  5.8494e+01
5831.3516  3.6800e+01  5.7709e+01
5832.6021  -1.4718e+00  6.0873e+01
5833.8521  -6.8607e+01  6.6673e+01
5835.1025  -1.3412e+01  5.8548e+01
5836.3530  -7.0368e+00  5.4959e+01
5837.6035  -1.0709e+02  6.2849e+01
5838.8535  -3.9222e+01  5.3820e+01
5840.1040  -1.3595e+01  6.3244e+01
5841.3545  6.4546e+01  5.5470e+01
5842.6045  -8.6139e+01  5.4256e+01
5843.8550  -4.2714e+01  5.4838e+01
5845.1055  7.6120e+01  5.0615e+01
5846.3555  4.1510e+01  5.9876e+01
5847.6060  -1.6894e+00  6.2077e+01
5848.8564  6.5924e-01  5.4231e+01
5850.1064  9.0393e+00  6.4287e+01
5851.3569  1.2667e+01  5.5329e+01
5852.6074  3.4861e+01  5.7202e+01
5853.8574  1.0487e+01  5.3580e+01
5855.1079  -1.3769e+01  6.0401e+01
5856.3584  1.5924e+01  5.9195e+01
5857.6089  -4.6135e+01  4.7292e+01
5858.8589  -1.0507e+01  5.8686e+01
5860.1094  -7.9326e+00  4.9472e+01
5861.3599  2.1565e+00  6.2226e+01
5862.6099  2.1902e+01  6.0255e+01
5863.8604  -1.3950e+01  5.3869e+01
5865.1108  -4.6556e+00  6.0736e+01
5866.3608  6.1197e+01  7.0070e+01
5867.6113  1.6871e+02  7.4564e+01
5868.8618  -7.2156e+01  8.5198e+01
5870.1118  -6.1229e+01  6.9932e+01
5871.3623  -4.4798e+00  5.2910e+01
5872.6128  -2.2812e+01  6.2506e+01
5873.8628  -4.3495e+01  6.0562e+01
5875.1133  1.9917e+01  5.1338e+01
5876.3638  1.0920e+02  6.1298e+01
5877.6138  1.9800e+01  5.1144e+01
5878.8643  -1.3639e+01  4.8433e+01
5880.1147  -1.5955e+01  5.4677e+01
5881.3652  -7.5238e+01  5.9912e+01
5882.6152  -3.9879e+01  6.8586e+01
5883.8657  1.4555e+01  6.7096e+01
5885.1162  2.0587e+00  5.1695e+01
5886.3662  -1.4605e+02  6.6604e+01
5887.6167  -1.5040e+02  7.0903e+01
5888.8672  -3.3300e+01  8.3745e+01
5890.1172  1.2909e+02  1.1081e+02
5891.3677  -6.4059e+01  1.1021e+02
5892.6182  1.7001e+02  8.3126e+01
5893.8682  -3.7749e+00  7.5130e+01
5895.1187  4.9770e+01  7.1702e+01
5896.3691  4.2101e+01  9.0087e+01
5897.6191  -3.9821e+01  8.6367e+01
5898.8696  -4.9223e+01  6.0481e+01
5900.1201  -5.8012e+01  6.7103e+01
5901.3706  -4.8188e+01  6.5857e+01
5902.6206  -3.7762e+01  5.6382e+01
5903.8711  4.3953e+01  6.4992e+01
5905.1216  2.3953e+01  5.9020e+01
5906.3716  1.6360e+01  5.6455e+01
5907.6221  4.9418e+01  5.5612e+01
5908.8726  5.5342e+01  5.7111e+01
5910.1226  3.8713e+01  4.8799e+01
5911.3730  4.2977e+01  5.2811e+01
5912.6235  2.7916e+00  6.0675e+01
5913.8735  -8.5844e+01  8.0893e+01
5915.1240  5.0368e+00  7.8707e+01
5916.3745  9.4921e+01  7.6076e+01
5917.6245  1.8825e+02  7.0975e+01
