# SNR 11.2120
# Quality c
# flux_factor = 1.e-20
6224.0791  5.0955e+01  9.6408e+01
6225.3291  -1.1243e+02  7.1981e+01
6226.5796  8.8276e+01  7.4256e+01
6227.8301  -6.5055e+01  8.1034e+01
6229.0801  4.8762e+01  6.5320e+01
6230.3306  4.2344e+01  6.5163e+01
6231.5811  1.0440e+02  6.5958e+01
6232.8315  -3.2220e+01  6.7311e+01
6234.0815  2.4952e+01  7.9003e+01
6235.3320  -1.4971e+02  1.1385e+02
6236.5825  -3.5146e+01  1.2497e+02
6237.8325  -9.0677e+01  1.2371e+02
6239.0830  1.6092e+00  9.5640e+01
6240.3335  2.8683e+02  9.2497e+01
6241.5835  5.7377e+01  9.7222e+01
6242.8340  -1.9981e+01  8.7255e+01
6244.0845  5.7486e+01  8.7365e+01
6245.3345  5.8931e+01  8.7423e+01
6246.5850  3.4561e+01  9.9805e+01
6247.8354  -6.3861e+01  6.7819e+01
6249.0854  3.6088e+01  7.7419e+01
6250.3359  -2.7194e+01  6.8481e+01
6251.5864  8.5955e+01  7.2193e+01
6252.8364  -1.0871e+02  6.5761e+01
6254.0869  -1.3773e+02  6.4645e+01
6255.3374  8.6292e+01  7.1745e+01
6256.5879  5.0814e+01  7.6493e+01
6257.8379  -8.9316e+01  1.1734e+02
6259.0884  9.2563e+01  1.2830e+02
6260.3389  1.1032e+01  1.1440e+02
6261.5889  -5.2245e+01  7.3954e+01
6262.8394  -9.3175e+01  7.1361e+01
6264.0898  -1.5263e+01  8.5827e+01
6265.3398  8.5097e+01  8.8949e+01
6266.5903  2.5698e+01  9.5936e+01
6267.8408  -2.8761e+01  8.4232e+01
6269.0908  5.7196e+01  7.2418e+01
6270.3413  -8.3419e+01  7.5348e+01
6271.5918  -1.4551e+00  7.0716e+01
6272.8418  -1.4317e+01  6.5917e+01
6274.0923  3.2382e+01  6.9223e+01
6275.3428  2.4518e+01  6.9895e+01
6276.5933  -6.7895e+01  7.5593e+01
6277.8433  -2.5804e+01  8.5070e+01
6279.0938  4.1870e+01  9.0714e+01
6280.3442  -3.8712e+01  8.6142e+01
6281.5942  -6.7852e+01  6.4237e+01
6282.8447  -1.5611e+02  8.0767e+01
6284.0952  -1.8652e+02  6.8983e+01
6285.3452  7.0613e+00  6.7968e+01
6286.5957  -1.1804e+02  7.1878e+01
6287.8462  -4.1286e+01  1.1391e+02
6289.0962  4.0337e+01  1.1650e+02
6290.3467  -1.3153e+01  1.1897e+02
6291.5972  -1.5307e+02  8.1282e+01
6292.8472  -1.5352e+02  6.7641e+01
6294.0977  -9.8020e+01  6.6052e+01
6295.3481  -1.6256e+01  8.6895e+01
6296.5986  4.5374e+00  7.4662e+01
6297.8486  -2.5832e+01  8.9009e+01
6299.0991  -3.3658e+01  1.0710e+02
6300.3496  8.4465e+01  1.4768e+02
6301.5996  -3.3711e+01  1.9424e+02
6302.8501  8.7419e+01  1.5659e+02
6304.1006  2.6864e+01  1.3247e+02
6305.3506  3.7679e+00  7.5952e+01
6306.6011  9.9763e+01  9.6437e+01
6307.8516  -1.5353e+00  1.2748e+02
6309.1016  1.3372e+01  1.2046e+02
6310.3521  1.0774e+02  8.9521e+01
6311.6025  -3.8941e+00  8.1882e+01
6312.8525  5.9571e+01  6.7670e+01
6314.1030  5.1300e+01  6.6426e+01
6315.3535  6.5249e+00  6.9578e+01
6316.6040  -1.0046e+02  7.2357e+01
6317.8540  -8.5452e+01  6.7553e+01
6319.1045  1.0703e+02  8.2000e+01
6320.3550  5.4108e+01  6.9749e+01
6321.6050  9.1637e+01  8.8518e+01
6322.8555  -3.7749e+01  9.1411e+01
6324.1060  2.9910e+01  9.2911e+01
6325.3560  1.4851e+02  7.7255e+01
6326.6064  4.8222e+02  6.5741e+01
6327.8569  6.0613e+02  6.7599e+01
6329.1069  4.7866e+02  7.4087e+01
6330.3574  4.5863e+02  1.0745e+02
6331.6079  2.6894e+02  1.1798e+02
6332.8579  6.3519e+02  8.6925e+01
6334.1084  3.7442e+02  6.6140e+01
6335.3589  3.6046e+02  6.3113e+01
6336.6094  3.3413e+02  6.3141e+01
6337.8594  1.4594e+02  7.3667e+01
6339.1099  2.3615e+02  6.4529e+01
6340.3604  1.2902e+02  6.4930e+01
6341.6104  8.2694e+00  6.3138e+01
6342.8608  3.2772e+01  7.4813e+01
6344.1113  5.4150e+00  7.6407e+01
6345.3613  1.0415e+01  7.0000e+01
6346.6118  5.4127e+01  6.7209e+01
6347.8623  3.7178e+01  6.6684e+01
6349.1123  1.0083e+01  8.7405e+01
6350.3628  3.8623e+01  1.0018e+02
6351.6133  1.2248e+01  7.8025e+01
6352.8633  -4.4462e+01  6.5842e+01
6354.1138  4.7471e+01  6.9502e+01
6355.3643  -1.0413e+01  7.3794e+01
6356.6147  4.1632e+01  9.1077e+01
6357.8647  -1.5703e+01  1.0571e+02
6359.1152  1.8678e+01  9.2516e+01
6360.3657  4.5803e+01  7.5456e+01
6361.6157  -8.2338e+00  6.9980e+01
6362.8662  1.1409e+01  1.0212e+02
6364.1167  -4.3079e+01  1.0633e+02
6365.3667  1.2540e+02  1.2328e+02
6366.6172  7.1563e+01  1.1357e+02
6367.8677  5.3872e+01  7.3168e+01
6369.1177  4.1658e+01  7.6132e+01
6370.3682  7.8813e+01  7.1496e+01
6371.6187  6.3431e+01  7.0999e+01
6372.8687  3.9464e+00  6.5365e+01
6374.1191  2.1095e+01  6.4123e+01
6375.3696  5.0044e+01  7.4991e+01
6376.6201  2.6415e+01  7.2911e+01
6377.8701  2.2652e+01  7.0082e+01
6379.1206  7.1209e+01  7.7590e+01
6380.3711  -7.3931e+00  7.5916e+01
6381.6211  1.1867e+01  7.4826e+01
6382.8716  -3.6877e+01  8.4145e+01
6384.1221  3.1238e+01  6.5601e+01
6385.3721  6.3887e+01  6.9479e+01
6386.6226  -3.0370e+01  8.8668e+01
6387.8730  -1.3268e+02  8.9575e+01
6389.1230  -1.4220e+01  7.7773e+01
6390.3735  -7.6345e+01  7.5565e+01
6391.6240  -7.7472e+01  7.3226e+01
6392.8740  -4.1090e+01  6.3889e+01
6394.1245  -1.1642e+02  6.4567e+01
6395.3750  6.2460e+00  6.4672e+01
6396.6255  3.9635e+01  6.7262e+01
6397.8755  -6.3846e+01  6.7380e+01
6399.1260  -1.2413e+02  7.5037e+01
6400.3765  -5.4357e+01  6.9250e+01
6401.6265  -3.8418e+01  6.2068e+01
6402.8770  4.5098e+00  6.5305e+01
6404.1274  6.2927e+01  6.3506e+01
6405.3774  -2.5000e+01  6.6038e+01
6406.6279  -3.3720e+01  6.2589e+01
6407.8784  4.8113e+01  6.4141e+01
6409.1284  -1.6580e+02  6.0872e+01
6410.3789  -5.2449e+01  7.3291e+01
6411.6294  1.6246e+02  6.2291e+01
6412.8794  -8.0520e+01  6.2007e+01
6414.1299  7.8730e+01  7.9890e+01
6415.3804  -6.6449e+01  7.2399e+01
6416.6309  1.7156e+02  6.6843e+01
6417.8809  5.3093e+01  6.2358e+01
6419.1313  5.4377e+01  6.1802e+01
6420.3818  9.1737e+01  7.6342e+01
6421.6318  -7.7858e+01  7.4488e+01
6422.8823  -1.0468e+01  7.3049e+01
6424.1328  -1.4443e+02  6.4025e+01
6425.3828  -4.4308e+01  6.7080e+01
6426.6333  5.6405e+01  6.4367e+01
6427.8838  3.4910e+01  6.2038e+01
6429.1338  -5.8818e+01  6.6375e+01
6430.3843  1.3099e+00  6.1424e+01
6431.6348  -1.1928e+02  6.3630e+01
6432.8848  -3.4554e+00  6.7871e+01
6434.1353  6.2352e+01  5.9618e+01
