# SNR 8.3257
# Quality c
# flux_factor = 1.e-20
5110.0264  -2.1041e+02  8.2189e+01
5111.2764  -1.4959e+02  9.3047e+01
5112.5269  1.0133e+02  1.2563e+02
5113.7773  3.3312e+01  9.2074e+01
5115.0278  4.8213e+01  1.0414e+02
5116.2778  -5.3133e+01  8.4040e+01
5117.5283  1.9397e+02  9.9135e+01
5118.7788  2.3147e+02  9.8476e+01
5120.0288  4.7317e+01  8.8792e+01
5121.2793  -1.7725e+00  9.7046e+01
5122.5298  -9.0729e+01  1.1692e+02
5123.7798  -1.7508e+02  8.2923e+01
5125.0303  -3.3575e+01  1.0880e+02
5126.2808  2.7521e+01  1.1425e+02
5127.5308  7.4759e+01  8.5601e+01
5128.7812  9.4142e+01  9.7952e+01
5130.0317  1.2268e+02  8.4585e+01
5131.2817  1.4592e+01  8.4540e+01
5132.5322  -1.2367e+01  8.7451e+01
5133.7827  -7.0137e+01  8.6606e+01
5135.0327  1.2615e+02  8.5846e+01
5136.2832  -3.3052e+01  9.2302e+01
5137.5337  8.3504e+01  8.5242e+01
5138.7837  6.6050e+01  8.4752e+01
5140.0342  1.3961e+02  9.1108e+01
5141.2847  -1.6486e+02  1.0129e+02
5142.5352  -4.1954e+01  1.0206e+02
5143.7852  -7.1191e+01  9.8115e+01
5145.0356  -2.5223e+02  1.0580e+02
5146.2861  1.4019e+02  1.0639e+02
5147.5361  6.8181e+01  1.1186e+02
5148.7866  -2.3208e+02  1.0264e+02
5150.0371  1.4181e+01  9.2686e+01
5151.2871  -9.8314e+01  8.4631e+01
5152.5376  -9.7710e+01  9.5615e+01
5153.7881  -2.4398e+01  1.0438e+02
5155.0381  4.7358e+01  9.5569e+01
5156.2886  -9.2735e+00  1.1264e+02
5157.5391  -1.4864e+01  9.8195e+01
5158.7891  -1.2900e+02  8.5949e+01
5160.0396  -9.5331e+01  9.7757e+01
5161.2900  -5.1241e+01  8.8408e+01
5162.5400  3.3738e+01  8.9520e+01
5163.7905  3.2652e+01  8.4005e+01
5165.0410  1.2390e+02  8.1899e+01
5166.2910  -1.6170e+02  9.2319e+01
5167.5415  -8.1892e+01  8.9300e+01
5168.7920  1.2151e+01  1.0458e+02
5170.0425  -1.5438e+02  1.0125e+02
5171.2925  1.8480e+01  8.8190e+01
5172.5430  -1.3271e+02  9.4346e+01
5173.7935  3.0374e+01  8.1035e+01
5175.0435  9.1176e+01  1.1682e+02
5176.2939  8.2102e+01  9.9931e+01
5177.5444  -1.4336e+02  8.9895e+01
5178.7944  -7.9490e+01  8.2196e+01
5180.0449  -7.7195e+01  9.4700e+01
5181.2954  -5.4591e+01  8.9256e+01
5182.5454  -7.5340e+01  8.2629e+01
5183.7959  -3.1635e+01  8.0118e+01
5185.0464  2.0214e+01  8.0605e+01
5186.2964  1.5465e+02  8.5883e+01
5187.5469  1.3480e+02  8.7075e+01
5188.7974  8.6769e+01  9.5022e+01
5190.0474  1.1371e+02  9.5260e+01
5191.2979  1.6468e+01  1.0634e+02
5192.5483  -1.2135e+02  8.8392e+01
5193.7983  -9.8295e+01  8.4704e+01
5195.0488  2.8361e+02  1.0696e+02
5196.2993  4.9112e+02  9.2502e+01
5197.5498  4.3229e+02  9.3028e+01
5198.7998  1.9133e+02  9.5021e+01
5200.0503  6.2265e+01  1.0800e+02
5201.3008  1.9244e+02  1.0857e+02
5202.5508  -6.5054e+01  1.0434e+02
5203.8013  -1.2276e+01  1.0895e+02
5205.0518  -1.5315e+02  9.5840e+01
5206.3018  -9.9723e+00  1.0374e+02
5207.5522  -9.9680e+01  8.4895e+01
5208.8027  -1.2107e+02  8.2131e+01
5210.0527  6.4848e+01  9.3582e+01
5211.3032  4.3981e+01  9.3697e+01
5212.5537  -1.6250e+02  1.0304e+02
5213.8037  -1.1715e+02  1.0580e+02
5215.0542  -1.1592e+02  8.3220e+01
5216.3047  -1.0797e+02  1.1065e+02
5217.5547  -1.3623e+02  9.0641e+01
5218.8052  -4.3204e+01  8.6618e+01
5220.0557  -1.0504e+02  1.0210e+02
5221.3057  -3.2042e+01  8.8862e+01
5222.5562  -1.1315e+02  1.0036e+02
5223.8066  -2.4473e+02  9.5489e+01
5225.0571  -9.4910e+01  9.8547e+01
5226.3071  8.2018e+01  1.0043e+02
5227.5576  6.0366e+00  1.1376e+02
5228.8081  -1.5948e+02  8.4429e+01
5230.0581  -5.2013e+01  8.8969e+01
5231.3086  4.6424e+01  9.9948e+01
5232.5591  1.8003e+01  9.9409e+01
5233.8091  -7.4543e+01  9.2943e+01
5235.0596  2.3776e+01  8.2481e+01
5236.3101  -6.8259e+01  9.6681e+01
5237.5601  -1.3101e+02  9.6877e+01
5238.8105  -2.2709e+02  1.1679e+02
5240.0610  -1.1905e+02  9.1133e+01
5241.3110  5.0701e+01  1.0390e+02
5242.5615  -9.0689e+01  8.1737e+01
5243.8120  -7.9007e+01  8.5767e+01
5245.0620  -5.1471e+01  8.8557e+01
5246.3125  1.1890e+01  9.6577e+01
5247.5630  1.9735e+01  8.4948e+01
5248.8130  -1.4582e+02  9.1499e+01
5250.0635  -3.7085e+01  9.8730e+01
5251.3140  -6.8595e+01  8.8772e+01
5252.5645  3.5921e+01  1.0084e+02
5253.8145  -5.3911e+01  9.9777e+01
5255.0649  -1.0029e+02  8.1378e+01
5256.3154  -1.1646e+02  8.8889e+01
5257.5654  -1.0864e+02  9.2557e+01
5258.8159  -7.5353e+01  1.0599e+02
5260.0664  -1.0117e+02  7.9655e+01
5261.3164  -2.4678e+01  8.8640e+01
5262.5669  9.3363e+00  1.0247e+02
5263.8174  -4.1212e+01  8.9497e+01
5265.0674  4.0190e+01  9.2824e+01
5266.3179  -3.8673e+01  9.1015e+01
5267.5684  3.1999e+01  8.4999e+01
5268.8184  -1.2299e+02  8.1309e+01
5270.0688  -4.9040e+00  7.4728e+01
5271.3193  -3.2554e+01  7.5242e+01
5272.5693  -7.4786e+01  8.5732e+01
5273.8198  -2.6181e+02  1.0030e+02
5275.0703  -6.1853e+01  8.6936e+01
5276.3203  -6.9889e+01  9.7503e+01
5277.5708  1.6984e+01  8.5542e+01
5278.8213  6.8823e+01  8.5432e+01
5280.0718  1.1375e+01  9.3747e+01
5281.3218  -1.1618e+02  8.7825e+01
5282.5723  7.0399e+01  9.8279e+01
