# SNR 10.8629
# Quality c
# flux_factor = 1.e-20
8111.2363  1.2816e+01  5.0508e+01
8112.4863  3.3438e+01  5.0040e+01
8113.7368  2.9105e+01  4.9106e+01
8114.9873  2.0283e+01  4.8722e+01
8116.2373  -3.9878e+01  4.8994e+01
8117.4878  -6.5286e+00  4.8534e+01
8118.7383  -2.9422e+01  4.8240e+01
8119.9888  4.5351e+00  4.7769e+01
8121.2388  -2.5809e+01  4.7910e+01
8122.4893  -1.0805e+02  4.8040e+01
8123.7397  -1.1904e+01  4.8302e+01
8124.9897  -5.8804e+01  4.8584e+01
8126.2402  3.8844e+01  4.9216e+01
8127.4907  2.4861e+01  4.8974e+01
8128.7407  -2.9229e+00  4.9042e+01
8129.9912  -9.0588e+00  5.0484e+01
8131.2417  -5.5253e+01  4.9928e+01
8132.4917  -2.8741e+01  4.9249e+01
8133.7422  -1.0509e+00  5.1005e+01
8134.9927  5.5989e+01  5.2252e+01
8136.2432  3.6757e+01  5.1860e+01
8137.4932  -4.5881e+01  5.2386e+01
8138.7437  -6.3330e+00  5.2598e+01
8139.9941  5.9095e+00  5.3211e+01
8141.2441  2.7814e+01  6.1133e+01
8142.4946  7.0863e+01  6.5960e+01
8143.7451  1.8625e+01  5.8786e+01
8144.9951  -3.7434e+01  5.1445e+01
8146.2456  -1.2853e+01  4.9487e+01
8147.4961  -4.3875e+01  5.1156e+01
8148.7461  -3.7080e+01  6.3526e+01
8149.9966  -7.6505e+01  7.3527e+01
8151.2471  -6.4864e+01  6.4863e+01
8152.4976  -3.9390e+01  5.2382e+01
8153.7476  -8.9077e+01  5.0323e+01
8154.9980  1.8337e+01  5.0145e+01
8156.2485  4.7649e+00  5.1150e+01
8157.4985  2.4250e+01  5.1315e+01
8158.7490  2.5301e+01  5.0221e+01
8159.9995  -3.4193e+01  4.9695e+01
8161.2495  -3.4331e+01  4.9866e+01
8162.5000  4.8014e+01  5.0259e+01
8163.7505  9.6489e-01  5.2457e+01
8165.0005  -1.5420e+01  5.4752e+01
8166.2510  1.1197e+01  5.4510e+01
8167.5015  -3.7613e+01  5.3345e+01
8168.7520  -4.9854e+01  5.1754e+01
8170.0020  4.1133e+01  4.9129e+01
8171.2524  4.8163e+01  5.0335e+01
8172.5029  -3.3346e+01  5.2720e+01
8173.7529  2.0714e+01  5.1734e+01
8175.0034  -3.8721e+01  5.0136e+01
8176.2539  -2.7859e+01  4.8887e+01
8177.5039  -3.9686e+01  4.8781e+01
8178.7544  -2.5235e+01  5.0382e+01
8180.0049  -3.0563e+00  5.3686e+01
8181.2549  -8.7448e+01  5.4705e+01
8182.5054  -1.0487e+02  5.2629e+01
8183.7559  -1.1648e+02  5.0994e+01
8185.0063  -6.8028e+01  5.0100e+01
8186.2563  -4.4940e+01  5.0102e+01
8187.5068  -4.9724e+01  4.9841e+01
8188.7573  -9.3171e+00  5.0667e+01
8190.0073  -3.3524e+00  5.3930e+01
8191.2578  5.3151e+00  5.9893e+01
8192.5078  -3.7924e+01  5.7827e+01
8193.7588  -1.2076e+01  5.1943e+01
8195.0088  3.5862e+01  5.0301e+01
8196.2588  2.1473e+01  5.2589e+01
8197.5098  -6.3860e+00  5.7118e+01
8198.7598  -4.7683e+01  5.9104e+01
8200.0098  2.9006e+01  5.4367e+01
8201.2607  2.4509e+01  5.2023e+01
8202.5107  -5.5724e+01  5.1131e+01
8203.7607  2.9762e+01  5.0830e+01
8205.0117  1.6425e+01  4.9769e+01
8206.2617  -7.6848e+01  4.9276e+01
8207.5117  -8.4688e+01  4.9818e+01
8208.7627  -1.3919e+01  5.0292e+01
8210.0127  -4.6011e+01  5.1196e+01
8211.2637  -6.3202e+01  5.0914e+01
8212.5137  -6.2546e+01  5.0505e+01
8213.7637  -8.5261e+01  4.9973e+01
8215.0146  4.7881e+01  4.9537e+01
8216.2646  -1.7576e+01  4.9827e+01
8217.5146  5.5270e+01  5.0779e+01
8218.7656  -8.6611e+01  5.0334e+01
8220.0156  -4.5582e+01  4.9812e+01
8221.2656  -4.1126e+01  5.0161e+01
8222.5166  -1.8339e+01  4.9461e+01
8223.7666  -3.0717e+01  4.9372e+01
8225.0166  4.6552e+01  5.0372e+01
8226.2676  -1.9498e+01  5.2143e+01
8227.5176  -7.4264e+01  5.3079e+01
8228.7676  5.4591e+00  5.3970e+01
8230.0186  2.5393e+01  5.6725e+01
8231.2686  2.1180e+00  5.9561e+01
8232.5186  -3.6429e+01  5.8374e+01
8233.7695  -6.0263e+01  5.5551e+01
8235.0195  -9.6364e+01  5.3988e+01
8236.2695  3.8656e+00  5.2715e+01
8237.5205  -5.6495e+01  5.1497e+01
8238.7705  1.7017e+01  5.0728e+01
8240.0205  -8.1323e+01  4.9593e+01
8241.2715  -2.7026e+01  5.0038e+01
8242.5215  -2.8222e+01  5.0003e+01
8243.7725  6.3866e+00  5.2919e+01
8245.0225  1.1266e+02  5.5669e+01
8246.2725  2.4503e+02  5.4140e+01
8247.5234  2.5028e+02  5.2126e+01
8248.7734  2.3637e+02  5.1487e+01
8250.0234  1.7180e+02  5.4320e+01
8251.2744  2.3862e+02  5.5665e+01
8252.5244  1.4838e+02  5.2146e+01
8253.7744  8.5003e+01  4.9977e+01
8255.0254  7.9364e+00  4.9754e+01
8256.2754  -6.6044e-01  5.0796e+01
8257.5254  4.7757e+01  5.3112e+01
8258.7764  5.5494e+01  5.4950e+01
8260.0264  -1.4646e+01  5.2481e+01
8261.2764  -6.6434e+01  5.1329e+01
8262.5273  4.3253e+01  5.0884e+01
8263.7773  7.8091e+01  5.0766e+01
8265.0273  -4.1639e+01  5.0199e+01
8266.2783  3.9588e+01  5.0238e+01
8267.5283  -2.8963e+01  5.0194e+01
8268.7783  -2.8540e+01  4.9827e+01
8270.0293  5.1134e+00  4.9733e+01
8271.2793  3.6675e+01  4.9972e+01
8272.5293  -2.8022e+00  4.9860e+01
8273.7803  -1.6859e+01  5.0850e+01
8275.0303  1.8232e+00  5.1726e+01
8276.2812  -3.8218e+01  5.2606e+01
8277.5312  -1.8196e+01  5.3194e+01
8278.7812  -5.3991e+01  5.7241e+01
8280.0322  7.7546e+00  8.3013e+01
8281.2822  -2.5561e+01  1.1501e+02
8282.5322  5.8099e+01  1.1687e+02
8283.7832  -3.4489e+02  1.4175e+02
8285.0332  1.3104e+02  1.5949e+02
8286.2832  1.1969e+02  1.1341e+02
8287.5342  8.6596e+01  7.0898e+01
8288.7842  1.3984e+02  9.7079e+01
8290.0342  -5.0350e+01  1.3838e+02
8291.2852  -1.4837e+01  2.3417e+02
8292.5352  3.7866e+02  2.1417e+02
8293.7852  9.4560e+01  9.6692e+01
8295.0361  -2.8384e+01  5.8743e+01
8296.2861  -3.1086e+01  5.3825e+01
8297.5361  -4.4422e+01  7.2905e+01
8298.7871  -1.7028e+02  1.1877e+02
8300.0371  1.8080e+01  1.3568e+02
8301.2871  -1.6104e+02  2.2071e+02
8302.5381  3.7178e+00  2.3500e+02
8303.7881  2.6810e+02  1.1724e+02
8305.0381  -1.2892e+01  6.6526e+01
8306.2891  4.3078e+01  6.3994e+01
8307.5391  -3.7662e+01  6.0311e+01
8308.7900  -6.8633e+01  5.5768e+01
8310.0400  1.0587e+01  5.2454e+01
8311.2900  4.0826e+00  5.6040e+01
8312.5410  8.9192e+01  9.0929e+01
8313.7910  7.9899e+00  1.2404e+02
8315.0410  -1.4499e+02  1.0237e+02
8316.2920  -4.4144e+01  5.6407e+01
8317.5420  -7.9645e+01  5.0214e+01
8318.7920  1.6588e+01  5.0530e+01
8320.0430  -4.7125e+01  5.5813e+01
8321.2930  3.1315e+01  6.1443e+01
8322.5430  3.1191e+01  5.7501e+01
8323.7939  -1.0562e+01  5.3504e+01
8325.0439  -8.0780e-02  5.3470e+01
8326.2939  -4.3635e+00  5.1612e+01
8327.5449  -2.8785e+01  4.9949e+01
8328.7949  4.3630e+00  4.9511e+01
8330.0449  8.2671e+00  4.8975e+01
8331.2959  -4.3916e+00  4.9580e+01
8332.5459  -6.3305e+01  5.0417e+01
8333.7959  -4.9804e+00  5.0139e+01
8335.0469  -4.5864e+01  4.9903e+01
8336.2969  -6.9756e+00  4.9634e+01
8337.5469  -8.3490e+00  4.9849e+01
8338.7979  -2.3653e+00  5.0764e+01
8340.0479  1.2649e+01  5.5328e+01
8341.2988  6.1251e+00  6.0059e+01
8342.5488  -5.6254e+01  5.7715e+01
8343.7988  -8.2477e+01  6.1615e+01
8345.0498  -8.5494e+01  1.1257e+02
8346.2998  2.5956e+01  2.5903e+02
8347.5498  -1.2458e+01  3.7787e+02
8348.8008  -4.9832e+01  3.0724e+02
8350.0508  -1.9552e+02  1.1246e+02
8351.3008  1.8666e+01  6.1311e+01
8352.5518  7.8071e+01  7.3873e+01
8353.8018  -3.9556e+01  9.0049e+01
8355.0518  -2.5843e+00  1.8410e+02
8356.3027  -1.9948e+02  2.2142e+02
8357.5527  -1.4502e+01  1.2513e+02
8358.8027  -5.8782e+01  5.8100e+01
8360.0537  -7.4164e+01  5.1092e+01
8361.3037  -2.9203e+01  5.0887e+01
8362.5537  -5.7053e+01  5.5471e+01
8363.8047  -5.7221e+01  6.5606e+01
8365.0547  -5.6923e+01  6.8784e+01
8366.3047  4.8085e+01  8.2033e+01
8367.5557  -4.2604e+00  1.1257e+02
8368.8057  1.6558e+01  1.0525e+02
8370.0557  -7.8525e+00  6.6704e+01
8371.3066  -1.8945e+01  5.2156e+01
8372.5566  -2.4426e+01  5.0536e+01
8373.8076  3.0587e+01  4.9962e+01
8375.0576  -2.5005e+01  5.0520e+01
8376.3076  -4.9598e+00  5.0940e+01
8377.5586  3.2560e+01  5.0732e+01
8378.8086  -3.4185e+01  5.1770e+01
8380.0586  -1.9822e+01  5.1675e+01
8381.3096  8.2905e+00  5.3245e+01
8382.5596  1.5115e-01  6.8445e+01
8383.8096  -1.7071e+01  1.0068e+02
8385.0605  1.0158e+02  1.4730e+02
