# SNR 8.6932
# Quality c
# flux_factor = 1.e-20
4851.2129  -5.9337e+01  1.4301e+02
4852.4634  -3.2942e+02  1.4807e+02
4853.7134  -9.7207e+01  1.5375e+02
4854.9639  -8.9803e+01  1.3175e+02
4856.2144  2.0941e+02  1.3140e+02
4857.4644  4.4602e+00  1.4370e+02
4858.7148  -5.7669e+01  1.3538e+02
4859.9653  -1.7784e+02  1.4153e+02
4861.2153  -1.7349e+02  1.4181e+02
4862.4658  -1.1752e+02  1.5177e+02
4863.7163  -1.8360e+02  1.4980e+02
4864.9663  -5.8448e+01  1.2384e+02
4866.2168  -8.9674e+01  1.3745e+02
4867.4673  -1.3651e+02  1.3864e+02
4868.7178  -1.3594e+02  1.3946e+02
4869.9678  7.8151e+01  1.2873e+02
4871.2183  1.0276e+02  1.1756e+02
4872.4688  -7.2591e+01  1.2836e+02
4873.7188  -3.9445e+01  1.2801e+02
4874.9692  -1.8951e+01  1.4625e+02
4876.2197  1.9802e+02  1.3448e+02
4877.4697  3.1397e+01  1.3472e+02
4878.7202  -1.4026e+01  1.3236e+02
4879.9707  -8.9982e+01  1.2284e+02
4881.2207  9.6724e+01  1.2447e+02
4882.4712  2.9051e+02  1.2274e+02
4883.7217  -2.0532e+02  1.1628e+02
4884.9717  -2.2279e+02  1.1740e+02
4886.2222  -1.4270e+02  1.2282e+02
4887.4727  -6.1720e+01  1.2246e+02
4888.7227  6.3786e+01  1.2678e+02
4889.9731  1.3967e+02  1.5278e+02
4891.2236  7.4292e+01  1.5415e+02
4892.4736  6.8533e+01  1.4087e+02
4893.7241  -2.5242e+02  1.3087e+02
4894.9746  -7.7193e+01  1.2985e+02
4896.2246  -6.3590e+00  1.2186e+02
4897.4751  -5.8115e+01  1.4362e+02
4898.7256  -1.4935e+02  1.3927e+02
4899.9756  -1.4191e+02  1.5375e+02
4901.2261  -2.5490e+01  1.5121e+02
4902.4766  1.6689e+02  1.2679e+02
4903.7271  -1.1345e+02  1.2428e+02
4904.9771  -1.6698e+02  1.2716e+02
4906.2275  1.0110e+02  1.4790e+02
4907.4780  1.3690e+02  1.4104e+02
4908.7280  -1.7379e+02  1.4163e+02
4909.9785  1.9891e+02  1.3049e+02
4911.2290  1.0023e+02  1.3288e+02
4912.4790  2.4174e+01  1.1568e+02
4913.7295  1.2352e+02  1.1020e+02
4914.9800  1.2163e+02  1.2720e+02
4916.2300  4.4863e+01  1.3320e+02
4917.4805  -5.3259e+01  1.2779e+02
4918.7310  1.5864e+02  1.2861e+02
4919.9810  -4.5991e+01  1.5732e+02
4921.2314  -5.0737e+01  1.0028e+02
4922.4819  -2.7798e+02  1.5334e+02
4923.7319  -3.1468e+02  1.3090e+02
4924.9824  7.5012e+01  1.3529e+02
4926.2329  2.1432e+02  1.2703e+02
4927.4829  -1.0709e+01  1.0349e+02
4928.7334  8.0953e+00  1.0661e+02
4929.9839  3.1906e+02  1.2709e+02
4931.2339  5.1147e+02  1.4000e+02
4932.4844  7.9843e+02  1.3851e+02
4933.7349  9.9233e+02  1.4411e+02
4934.9854  5.5749e+02  1.4679e+02
4936.2354  3.3162e+02  1.4831e+02
4937.4858  1.2259e+02  1.2918e+02
4938.7363  2.3146e+02  1.4771e+02
4939.9863  2.0742e+02  1.4836e+02
4941.2368  8.2446e+01  1.2046e+02
4942.4873  -9.1615e+01  1.1311e+02
4943.7373  -3.7622e+01  1.3285e+02
4944.9878  9.5187e+01  1.4126e+02
4946.2383  -1.2764e+02  1.1247e+02
4947.4883  -1.1144e+02  1.3699e+02
4948.7388  -2.8365e+02  1.2926e+02
4949.9893  3.1025e+00  1.3218e+02
4951.2393  1.1789e+02  1.4405e+02
4952.4897  1.8562e+02  1.5025e+02
4953.7402  -1.3095e+01  1.2341e+02
4954.9902  1.9270e+02  1.2353e+02
4956.2407  2.4139e+02  1.0126e+02
4957.4912  2.1405e+02  1.1913e+02
4958.7412  8.4301e+01  1.3275e+02
4959.9917  4.4852e+01  1.4574e+02
4961.2422  5.2727e+01  1.3444e+02
4962.4922  -8.5611e+01  1.0766e+02
4963.7427  -1.4374e+02  1.2630e+02
4964.9932  -2.3279e+02  1.3768e+02
4966.2437  -1.8554e+02  1.1159e+02
4967.4937  2.8274e+02  1.1644e+02
4968.7441  -1.4523e+01  1.0674e+02
4969.9946  -7.7483e+01  1.3755e+02
4971.2446  2.6659e+02  1.2622e+02
4972.4951  -8.5708e+01  1.1355e+02
4973.7456  6.3834e+00  1.2833e+02
4974.9956  -1.4802e+02  1.1453e+02
4976.2461  8.8845e+01  1.2810e+02
4977.4966  1.5787e+02  1.1936e+02
4978.7466  -3.1765e+02  1.2252e+02
4979.9971  2.8281e+00  1.2977e+02
4981.2476  2.0114e+02  1.2953e+02
4982.4976  -1.1791e+02  1.0638e+02
4983.7480  -1.6261e+02  1.3440e+02
4984.9985  4.5343e+01  1.2791e+02
4986.2485  3.9610e+01  1.3040e+02
4987.4990  3.4561e+02  1.2331e+02
4988.7495  -7.8513e+01  1.2184e+02
4989.9995  3.9946e+01  1.3270e+02
4991.2500  2.2358e+02  1.3326e+02
4992.5005  1.2215e+02  1.1158e+02
4993.7505  1.7977e+02  1.4465e+02
4995.0010  2.4788e+02  1.1296e+02
4996.2515  -1.3638e+02  1.4479e+02
4997.5020  1.5968e+01  1.2903e+02
4998.7520  -6.9857e+01  1.2680e+02
5000.0024  3.0285e+01  1.2916e+02
5001.2529  1.0094e+02  1.1272e+02
5002.5029  9.7737e+01  1.2551e+02
5003.7534  -7.6495e+01  1.0535e+02
5005.0039  -1.4901e+02  1.4617e+02
5006.2539  -8.8056e+01  1.4168e+02
5007.5044  -1.7116e+02  1.2438e+02
5008.7549  -1.0467e+02  9.8817e+01
5010.0049  6.4853e+01  1.3136e+02
5011.2554  -2.7153e+01  1.0102e+02
5012.5059  8.7790e+01  1.1574e+02
5013.7559  1.8231e+02  1.4712e+02
5015.0063  1.4124e+02  9.9786e+01
