# SNR 27.0909
# Quality c
# flux_factor = 1.e-20
6085.3462  2.1746e+01  5.6239e+01
6086.5967  9.9644e+01  5.6741e+01
6087.8472  4.8632e+01  5.5574e+01
6089.0977  8.2853e+01  7.1714e+01
6090.3477  1.2875e+02  5.5256e+01
6091.5981  8.7262e+01  6.0439e+01
6092.8486  -7.3403e+01  6.2798e+01
6094.0986  -1.9885e+01  5.6568e+01
6095.3491  3.9569e+01  7.2084e+01
6096.5996  -9.7923e+01  6.2701e+01
6097.8496  6.9787e+00  6.2560e+01
6099.1001  -3.1623e+01  5.5645e+01
6100.3506  1.0793e+01  5.6108e+01
6101.6006  -5.6860e+01  6.3561e+01
6102.8511  -3.6030e+01  6.2884e+01
6104.1016  -1.6902e+01  6.7983e+01
6105.3516  -3.9935e+01  6.4480e+01
6106.6021  1.1968e+02  7.4439e+01
6107.8525  1.2327e+01  7.2272e+01
6109.1030  4.3991e+01  6.4380e+01
6110.3530  -4.1631e+01  5.4981e+01
6111.6035  -5.6113e+00  6.0866e+01
6112.8540  3.5779e+01  5.5702e+01
6114.1040  -6.5520e+01  6.6174e+01
6115.3545  -5.7945e+01  5.8073e+01
6116.6050  9.6048e+01  6.2660e+01
6117.8550  4.6057e+01  5.9601e+01
6119.1055  1.1840e+01  7.3924e+01
6120.3560  -8.4116e+01  5.4062e+01
6121.6060  -5.7653e+01  5.4178e+01
6122.8564  7.6822e+01  6.4482e+01
6124.1069  2.7340e+01  5.4791e+01
6125.3569  -2.0010e+01  5.6764e+01
6126.6074  7.6778e+01  6.6128e+01
6127.8579  -2.3860e+01  6.5747e+01
6129.1084  -1.4721e+02  5.5506e+01
6130.3584  1.0178e+02  7.7852e+01
6131.6089  1.0629e+02  5.4150e+01
6132.8594  -3.8632e+01  6.4864e+01
6134.1094  3.5097e+01  5.7174e+01
6135.3599  -6.2467e+01  6.4179e+01
6136.6104  7.8920e+01  7.1104e+01
6137.8604  3.5090e+01  7.1319e+01
6139.1108  1.4917e+01  6.1662e+01
6140.3613  4.4763e+01  7.7248e+01
6141.6113  8.7269e+01  7.2913e+01
6142.8618  -1.6692e+01  6.1992e+01
6144.1123  1.6097e+01  6.2827e+01
6145.3623  -5.1697e+01  6.7481e+01
6146.6128  -7.2910e+01  6.5877e+01
6147.8633  1.5660e+01  6.4596e+01
6149.1138  8.7947e+01  6.2526e+01
6150.3638  1.1573e+02  5.4383e+01
6151.6143  5.8506e+01  5.9015e+01
6152.8647  -3.7932e+01  6.5650e+01
6154.1147  3.7879e+01  7.5258e+01
6155.3652  1.2284e+02  5.4690e+01
6156.6157  7.0794e+01  5.7201e+01
6157.8657  -9.2562e+01  7.8612e+01
6159.1162  2.2521e+01  6.1812e+01
6160.3667  -6.5415e+01  6.7200e+01
6161.6167  7.6580e+01  5.8774e+01
6162.8672  2.2517e+01  6.1554e+01
6164.1177  -5.9690e+01  5.1933e+01
6165.3677  9.7338e+00  5.7018e+01
6166.6182  3.8796e+01  5.5284e+01
6167.8687  3.0912e+00  5.8634e+01
6169.1187  6.4411e+01  6.2473e+01
6170.3691  7.4799e+01  5.9640e+01
6171.6196  7.6208e+01  7.0382e+01
6172.8701  7.1442e+01  6.8238e+01
6174.1201  -3.1970e+01  6.2249e+01
6175.3706  -6.1828e+01  6.1085e+01
6176.6211  -2.0341e+01  6.0083e+01
6177.8711  -2.5179e+01  6.7880e+01
6179.1216  -5.2644e+00  5.6317e+01
6180.3721  6.4784e+01  5.7930e+01
6181.6221  1.8122e+02  6.4294e+01
6182.8726  1.3823e+02  5.2938e+01
6184.1230  3.7517e+01  6.9132e+01
6185.3730  2.0985e+02  5.6407e+01
6186.6235  6.9739e+02  6.9705e+01
6187.8740  1.0949e+03  6.0978e+01
6189.1240  1.0091e+03  5.9042e+01
6190.3745  8.6788e+02  5.9870e+01
6191.6250  5.0679e+02  6.2905e+01
6192.8755  3.6907e+02  5.7127e+01
6194.1255  2.7629e+02  5.7175e+01
6195.3760  1.2511e+02  5.6418e+01
6196.6265  1.1772e+02  5.9647e+01
6197.8765  1.3820e+02  5.2782e+01
6199.1270  7.8657e+01  5.2321e+01
6200.3774  -2.6089e+01  5.7897e+01
6201.6274  3.9641e+01  5.3753e+01
6202.8779  -4.0438e+01  5.9563e+01
6204.1284  -8.5869e+00  6.7904e+01
6205.3784  1.6421e+02  6.2775e+01
6206.6289  1.4840e+02  6.3088e+01
6207.8794  -1.9899e+01  6.6443e+01
6209.1294  1.6245e+01  5.3670e+01
6210.3799  3.1586e+01  5.2553e+01
6211.6304  -7.8854e+01  5.3396e+01
6212.8809  7.1039e+01  7.1567e+01
6214.1309  1.0797e+02  6.6649e+01
6215.3813  4.4807e+01  7.0240e+01
6216.6318  7.7501e+01  6.2894e+01
6217.8818  2.4630e+01  6.6205e+01
6219.1323  -2.3845e+01  6.1385e+01
6220.3828  7.7986e+00  6.1690e+01
6221.6328  2.7699e+01  7.9644e+01
6222.8833  7.6165e+01  7.1650e+01
6224.1338  1.2311e+02  6.8191e+01
6225.3838  1.6013e+01  6.1855e+01
6226.6343  1.5619e+01  5.2553e+01
6227.8848  2.2294e+01  5.9960e+01
6229.1348  5.8542e+01  5.1553e+01
6230.3853  -3.8510e+01  5.3889e+01
6231.6357  -8.7894e+01  6.1170e+01
6232.8862  -2.6527e+01  5.7773e+01
6234.1362  -3.9131e+01  7.7117e+01
6235.3867  8.5810e+01  7.7766e+01
6236.6372  4.0784e+01  9.5848e+01
6237.8872  1.4808e+02  9.5762e+01
6239.1377  2.0757e+02  7.5166e+01
6240.3882  -4.1161e+01  6.4070e+01
6241.6382  -1.7858e+01  7.5234e+01
6242.8887  1.1302e+01  6.7811e+01
6244.1392  -5.1464e+01  7.6553e+01
6245.3892  4.6019e+01  7.2525e+01
6246.6396  9.7339e+01  6.5723e+01
6247.8901  1.1426e+02  5.2934e+01
6249.1401  9.8933e+01  6.5115e+01
6250.3906  -6.7644e+01  5.2994e+01
6251.6411  -1.0866e+02  5.4560e+01
6252.8916  -6.3509e+01  5.3005e+01
6254.1416  6.0523e+01  4.9216e+01
6255.3921  -1.9029e+01  5.9957e+01
6256.6426  8.3187e+00  6.1880e+01
6257.8926  -1.5512e+02  7.4366e+01
6259.1431  6.4574e+01  9.9437e+01
6260.3936  3.7033e+01  8.7308e+01
6261.6436  3.0717e+01  6.6082e+01
6262.8940  9.9314e+01  7.2892e+01
6264.1445  1.0082e+02  6.9817e+01
6265.3945  -1.1825e+01  8.3790e+01
6266.6450  1.7754e+02  7.8622e+01
6267.8955  4.5243e+01  6.8214e+01
6269.1455  5.9480e+01  5.7816e+01
6270.3960  4.5579e+01  6.8781e+01
6271.6465  -1.6368e+01  5.1737e+01
6272.8970  -3.0779e+01  6.2618e+01
6274.1470  1.0478e+01  6.6323e+01
6275.3975  -4.7681e+01  5.7223e+01
6276.6479  9.4683e+00  6.4127e+01
6277.8979  -3.5858e+00  6.4145e+01
6279.1484  7.4780e+01  7.3733e+01
6280.3989  1.7082e+01  6.7875e+01
6281.6489  3.3838e+01  5.0685e+01
6282.8994  -1.4816e+00  5.7952e+01
6284.1499  7.8773e+01  5.4932e+01
6285.3999  3.0086e+01  5.6219e+01
6286.6504  1.4631e+02  5.9090e+01
6287.9009  9.9943e+01  7.8114e+01
6289.1509  3.7573e+01  9.0971e+01
6290.4014  -3.1939e+01  9.4203e+01
