# SNR 12.0537
# Quality c
# flux_factor = 1.e-20
5007.3877  -7.7397e+01  8.7402e+01
5008.6382  -2.7269e+01  8.7889e+01
5009.8882  -1.0392e+02  8.5876e+01
5011.1387  -3.8767e+01  9.2759e+01
5012.3892  -1.3331e+02  8.3191e+01
5013.6392  -2.5953e+01  8.3378e+01
5014.8896  -1.6090e+02  8.7497e+01
5016.1401  -2.4912e+01  9.7892e+01
5017.3901  1.3099e+02  9.0884e+01
5018.6406  -7.1684e+01  8.4511e+01
5019.8911  -7.3025e+01  1.1162e+02
5021.1411  -1.1560e+02  9.9057e+01
5022.3916  -1.9041e+00  1.0356e+02
5023.6421  -3.4060e+01  8.7288e+01
5024.8921  -2.2709e+01  9.7835e+01
5026.1426  -1.1686e+02  1.0928e+02
5027.3931  4.8278e+01  9.8326e+01
5028.6431  3.4331e+01  8.7366e+01
5029.8936  8.9208e+01  7.9550e+01
5031.1440  -8.8128e+01  8.1264e+01
5032.3945  9.7460e+01  8.3038e+01
5033.6445  1.0778e+01  1.0009e+02
5034.8950  -1.2200e+02  9.5925e+01
5036.1455  -8.3702e+01  1.0624e+02
5037.3955  -1.1395e+02  8.2294e+01
5038.6460  -1.4438e+02  8.4777e+01
5039.8965  -9.8228e+01  8.9423e+01
5041.1465  -1.2252e+02  8.5813e+01
5042.3970  2.1732e+01  8.7475e+01
5043.6475  -1.1763e+01  1.1218e+02
5044.8975  -2.8901e+01  9.3951e+01
5046.1479  -2.9910e+02  8.2866e+01
5047.3984  6.5704e+01  9.7611e+01
5048.6484  1.5720e+02  9.8836e+01
5049.8989  4.7327e+01  1.0928e+02
5051.1494  2.2179e+00  8.5668e+01
5052.3994  2.0091e+01  7.9281e+01
5053.6499  -9.8714e+01  9.6364e+01
5054.9004  -1.4920e+02  9.0512e+01
5056.1504  -1.7706e+02  9.5975e+01
5057.4009  -5.4753e+01  9.0109e+01
5058.6514  -1.1553e+02  9.6044e+01
5059.9019  1.0716e+01  1.0862e+02
5061.1519  1.9055e+02  1.0993e+02
5062.4023  -6.1578e+01  8.8526e+01
5063.6528  -3.5431e+01  9.0674e+01
5064.9028  -9.2241e+01  9.1920e+01
5066.1533  -2.3934e+02  8.7551e+01
5067.4038  -9.1057e+01  7.8299e+01
5068.6538  -2.9054e+01  8.2769e+01
5069.9043  1.1261e+02  1.0045e+02
5071.1548  2.1331e+01  7.8296e+01
5072.4048  -1.0779e+02  9.0393e+01
5073.6553  -2.4346e+02  9.0570e+01
5074.9058  2.6236e+01  1.0210e+02
5076.1558  1.7543e+01  9.9889e+01
5077.4062  9.8278e+01  9.6887e+01
5078.6567  -8.7637e+00  1.0722e+02
5079.9067  7.7904e+00  9.1855e+01
5081.1572  -6.1356e+01  9.6604e+01
5082.4077  -8.1277e+01  7.7906e+01
5083.6577  2.3907e+02  7.8062e+01
5084.9082  2.5147e+02  1.1192e+02
5086.1587  1.9309e+02  9.0018e+01
5087.4087  5.7415e+00  1.1100e+02
5088.6592  6.1452e+01  1.0419e+02
5089.9097  2.6672e+02  8.4776e+01
5091.1602  7.8273e+02  1.0263e+02
5092.4102  7.7379e+02  9.6267e+01
5093.6606  4.0033e+02  7.9783e+01
5094.9111  1.5821e+02  1.0081e+02
5096.1611  5.7442e+01  8.9487e+01
5097.4116  2.5595e+02  9.6365e+01
5098.6621  1.0876e+02  8.5968e+01
5099.9121  1.6505e+01  8.2443e+01
5101.1626  -1.8664e+01  9.9646e+01
5102.4131  -2.8599e+01  1.0560e+02
5103.6631  -7.6335e+01  8.8622e+01
5104.9136  -6.3681e+01  8.4335e+01
5106.1641  -7.8657e+01  8.9803e+01
5107.4141  -4.6500e+01  7.8791e+01
5108.6646  -9.6515e+01  9.4621e+01
5109.9150  5.5304e+01  8.6038e+01
5111.1650  3.5944e+01  7.9780e+01
5112.4155  -2.7021e+02  7.6635e+01
5113.6660  -4.2195e+01  7.8272e+01
5114.9160  -6.1090e+01  1.0177e+02
5116.1665  -1.3528e+02  9.0661e+01
5117.4170  6.7037e+00  8.8540e+01
5118.6675  4.3858e+01  8.9720e+01
5119.9175  -2.6417e-01  9.6609e+01
5121.1680  -7.1847e+01  7.9199e+01
5122.4185  5.0516e+01  7.4219e+01
5123.6685  4.5905e+01  8.5350e+01
5124.9189  -4.5904e+01  7.9292e+01
5126.1694  2.1542e+01  8.3870e+01
5127.4194  5.5050e+00  8.5642e+01
5128.6699  2.0761e+01  8.6338e+01
5129.9204  -7.7134e+00  9.0417e+01
5131.1704  -2.9128e+01  9.6221e+01
5132.4209  -5.6614e+01  9.0043e+01
5133.6714  2.7670e+01  1.0199e+02
5134.9214  5.9614e+01  8.9348e+01
5136.1719  -9.9700e+01  8.6937e+01
5137.4224  -3.4910e+01  8.8351e+01
5138.6724  -2.5309e+02  7.8469e+01
5139.9229  -7.4334e+01  8.1271e+01
5141.1733  2.4324e+01  8.4428e+01
5142.4233  7.7232e+00  9.5035e+01
5143.6738  -1.1848e+02  9.8111e+01
5144.9243  -2.6031e+01  9.0455e+01
5146.1748  -1.1415e+02  1.1153e+02
5147.4248  -3.6094e+01  8.4324e+01
5148.6753  -1.5764e+02  9.1456e+01
5149.9258  -2.0237e+02  9.1392e+01
5151.1758  3.7014e+01  9.5686e+01
5152.4263  -4.3609e+01  1.0581e+02
5153.6768  -1.8031e+02  9.1381e+01
5154.9268  -1.5981e+01  7.7425e+01
5156.1772  -4.9689e+01  1.1636e+02
5157.4277  -6.4880e+01  8.9643e+01
5158.6777  -7.1159e+01  8.0006e+01
5159.9282  -1.3836e+02  7.8697e+01
5161.1787  -6.3544e+01  7.9149e+01
5162.4287  -2.9711e+01  1.0125e+02
5163.6792  3.5204e+01  8.5772e+01
5164.9297  1.1038e+02  9.3315e+01
5166.1797  2.5352e+01  8.8210e+01
5167.4302  5.6504e+01  8.9180e+01
5168.6807  3.7022e+01  7.7676e+01
5169.9307  -3.7885e+01  9.2677e+01
5171.1812  -2.5205e+01  7.1958e+01
5172.4316  -3.2770e+01  7.5061e+01
5173.6821  2.0027e+01  7.7466e+01
5174.9321  3.2195e+01  9.2836e+01
5176.1826  -3.1412e+01  8.3942e+01
