# SNR 21.5878
# Quality c
# flux_factor = 1.e-20
6977.9199  3.6006e+01  5.5782e+01
6979.1699  3.5515e+01  7.1142e+01
6980.4204  -8.3677e+00  6.4988e+01
6981.6709  -5.2804e+00  4.2856e+01
6982.9209  2.8697e+01  3.5735e+01
6984.1714  4.4823e+01  3.4514e+01
6985.4219  5.6447e+01  3.4538e+01
6986.6724  4.3302e+01  3.4297e+01
6987.9224  3.3240e+01  4.3078e+01
6989.1729  1.5485e+01  3.6497e+01
6990.4233  9.5155e+01  3.9416e+01
6991.6733  4.8113e+01  3.6303e+01
6992.9238  5.1886e+01  3.5309e+01
6994.1743  2.6712e+01  3.7401e+01
6995.4243  3.6604e+01  3.8033e+01
6996.6748  7.0498e+01  3.4137e+01
6997.9253  4.1661e+01  3.8185e+01
6999.1753  2.6429e+01  3.7745e+01
7000.4258  4.9782e+00  4.0602e+01
7001.6763  5.8379e+01  4.1353e+01
7002.9263  1.4252e+01  3.6522e+01
7004.1768  5.7290e+01  4.5760e+01
7005.4272  8.9804e+01  4.6318e+01
7006.6777  3.8759e+01  4.6813e+01
7007.9277  1.1257e+02  3.2815e+01
7009.1782  3.1125e+01  3.6709e+01
7010.4287  7.2569e+01  4.4056e+01
7011.6787  8.5161e+01  5.2410e+01
7012.9292  1.0533e+02  5.8548e+01
7014.1797  3.2345e+01  3.9804e+01
7015.4297  6.7654e+01  3.6220e+01
7016.6802  1.1515e+02  3.5278e+01
7017.9307  2.2725e+01  3.5596e+01
7019.1807  2.2587e+01  3.4808e+01
7020.4312  4.6968e+00  4.1812e+01
7021.6816  4.7222e+01  3.4373e+01
7022.9321  4.2238e+01  3.7980e+01
7024.1821  5.3728e+01  3.6041e+01
7025.4326  7.0410e+01  3.3670e+01
7026.6831  9.0583e+01  3.2337e+01
7027.9331  5.9260e+01  3.8346e+01
7029.1836  1.3978e+02  3.6915e+01
7030.4341  5.7138e+01  3.4623e+01
7031.6841  1.0604e+01  4.7647e+01
7032.9346  1.4489e+01  4.0639e+01
7034.1851  2.6864e+01  3.1176e+01
7035.4351  6.1782e+01  3.6309e+01
7036.6855  1.2482e+01  3.1132e+01
7037.9360  8.9736e+01  3.1161e+01
7039.1860  7.1249e+01  4.1230e+01
7040.4365  6.9053e+01  4.1129e+01
7041.6870  3.5978e+01  3.7190e+01
7042.9375  2.4991e+01  4.5132e+01
7044.1875  -4.3823e+01  3.6408e+01
7045.4380  1.0063e+02  3.9071e+01
7046.6885  1.1122e+02  3.6741e+01
7047.9385  4.7229e+01  4.4728e+01
7049.1890  1.2640e+01  5.1749e+01
7050.4395  -5.5572e+00  4.5203e+01
7051.6895  1.0962e+02  3.9643e+01
7052.9399  1.3952e+02  4.4819e+01
7054.1904  8.7139e+01  4.0774e+01
7055.4404  6.8098e+01  3.6411e+01
7056.6909  2.1367e+01  3.4432e+01
7057.9414  -2.1300e+01  4.1041e+01
7059.1919  -1.0981e+01  3.4918e+01
7060.4419  -1.7918e+01  3.3759e+01
7061.6924  -1.0929e+01  3.4133e+01
7062.9429  -1.2237e+01  4.2324e+01
7064.1929  -3.7569e+01  3.6397e+01
7065.4434  5.7051e+01  4.2799e+01
7066.6938  1.3803e+00  4.0613e+01
7067.9438  1.4739e+01  3.7106e+01
7069.1943  6.2763e+01  3.6384e+01
7070.4448  6.5634e+01  3.7055e+01
7071.6948  3.4052e+01  3.9820e+01
7072.9453  8.0346e+01  3.4853e+01
7074.1958  6.7458e+01  3.5825e+01
7075.4458  9.6379e+01  3.7987e+01
7076.6963  5.9425e+01  3.8425e+01
7077.9468  8.9851e+01  3.8044e+01
7079.1973  6.3072e+01  3.6876e+01
7080.4473  6.7851e+01  3.7264e+01
7081.6978  5.3118e+01  3.8990e+01
7082.9482  1.4724e+01  3.8452e+01
7084.1982  -2.7201e+01  4.3483e+01
7085.4487  2.9760e+01  3.7108e+01
7086.6992  6.1285e+01  3.6202e+01
7087.9492  1.1622e+01  3.4905e+01
7089.1997  -7.0372e-01  4.0331e+01
7090.4502  5.4022e+01  4.0597e+01
7091.7002  1.2556e+02  3.6966e+01
7092.9507  2.3872e+02  4.1876e+01
7094.2012  4.9363e+02  3.3412e+01
7095.4517  5.3561e+02  3.5409e+01
7096.7017  4.8993e+02  3.3784e+01
7097.9521  3.3314e+02  4.0799e+01
7099.2026  2.8978e+02  4.5831e+01
7100.4526  2.0871e+02  3.4126e+01
7101.7031  1.9976e+02  3.6453e+01
7102.9536  2.2552e+02  3.4929e+01
7104.2036  1.9785e+02  3.4016e+01
7105.4541  4.8099e+01  3.1897e+01
7106.7046  7.5515e+01  4.2273e+01
7107.9546  1.1507e+02  3.1118e+01
7109.2051  8.6918e+01  3.6065e+01
7110.4556  -4.4942e+01  4.1712e+01
7111.7056  -2.6832e+01  4.1303e+01
7112.9561  7.2600e+01  3.4554e+01
7114.2065  3.8740e+01  3.9801e+01
7115.4570  2.7495e+01  3.3804e+01
7116.7070  -7.7927e+00  3.4044e+01
7117.9575  2.8384e+01  4.1564e+01
7119.2080  -1.1587e+01  3.4413e+01
7120.4580  1.5101e+01  3.3548e+01
7121.7085  9.7665e+01  3.1980e+01
7122.9590  2.7145e+00  3.2290e+01
7124.2090  2.9284e+01  3.3334e+01
7125.4595  1.2729e+02  3.7566e+01
7126.7100  7.2560e+00  3.2264e+01
7127.9600  4.1158e+01  3.5765e+01
7129.2104  6.0933e+00  4.1928e+01
7130.4609  2.0920e+00  3.6803e+01
7131.7114  5.5534e+01  3.1371e+01
7132.9614  2.2276e+01  3.4450e+01
7134.2119  9.0410e+01  3.6060e+01
7135.4624  5.6124e+01  3.6201e+01
7136.7124  5.4919e+01  4.1072e+01
7137.9629  2.5347e+01  3.5792e+01
7139.2134  -1.9310e+01  3.5316e+01
7140.4634  7.1401e+01  3.7177e+01
7141.7139  4.0597e+01  3.3209e+01
7142.9644  -1.0022e-01  3.8425e+01
7144.2144  -4.1612e+01  4.3898e+01
7145.4648  3.0656e+01  3.9822e+01
7146.7153  3.5973e+01  4.3636e+01
7147.9653  7.8150e+01  3.9739e+01
7149.2158  1.0923e+02  3.6482e+01
7150.4663  -9.7718e+00  3.7336e+01
7151.7168  4.9023e+01  4.0064e+01
7152.9668  8.9856e+01  3.8151e+01
7154.2173  7.0416e+01  3.3898e+01
7155.4678  4.3275e+01  3.0851e+01
7156.7178  4.7109e+01  3.4822e+01
7157.9683  2.1747e+01  3.3533e+01
7159.2188  1.0062e+01  4.4187e+01
7160.4688  -1.1765e+01  3.4752e+01
7161.7192  8.9868e+00  3.4730e+01
7162.9697  4.9257e+01  3.7860e+01
7164.2197  2.3469e+01  3.4340e+01
7165.4702  -2.4800e+01  3.7068e+01
7166.7207  2.1673e+00  3.7632e+01
7167.9712  1.1991e+02  3.8304e+01
7169.2212  6.5919e+01  3.3962e+01
7170.4717  4.9651e+01  4.0650e+01
7171.7222  -4.0457e+00  4.4192e+01
7172.9722  -7.9333e+00  3.3678e+01
7174.2227  -1.7777e+01  4.3273e+01
7175.4731  3.2245e+01  4.2500e+01
7176.7231  9.8729e+00  4.5925e+01
7177.9736  -2.6933e+01  4.7794e+01
7179.2241  2.0824e+01  4.5606e+01
7180.4741  -2.9913e+01  4.1974e+01
7181.7246  1.0889e+02  4.3704e+01
7182.9751  7.5095e+01  4.5956e+01
7184.2251  4.1477e+01  3.8241e+01
7185.4756  7.2004e+01  3.9576e+01
7186.7261  1.1044e+01  4.3307e+01
7187.9766  4.2951e+01  4.1298e+01
7189.2266  1.3176e+02  3.4459e+01
7190.4771  3.8954e+01  3.9395e+01
7191.7275  8.1982e+01  3.2499e+01
7192.9775  1.3612e+02  4.0616e+01
7194.2280  4.3149e+01  3.7975e+01
7195.4785  5.6336e+01  3.9284e+01
7196.7285  1.6125e+01  3.1319e+01
7197.9790  3.6866e+01  3.1996e+01
7199.2295  4.6309e+01  3.7114e+01
7200.4795  8.6336e+01  3.3245e+01
7201.7300  5.1828e+01  3.7038e+01
7202.9805  7.3505e+01  3.4567e+01
7204.2310  3.6552e+00  3.3032e+01
7205.4810  4.0412e+01  3.4037e+01
7206.7314  7.9473e+01  3.9345e+01
7207.9819  8.7949e+01  3.7996e+01
7209.2319  1.8024e+01  4.7254e+01
7210.4824  -1.3957e+01  3.8830e+01
7211.7329  5.3136e+01  3.4650e+01
7212.9829  1.7486e+01  3.0290e+01
