# SNR 8.9720
# Quality c
# flux_factor = 1.e-20
8364.6553  4.7089e+01  9.5158e+01
8365.9062  -1.6640e+02  1.5453e+02
8367.1562  -1.1516e+01  1.3022e+02
8368.4072  -1.4501e+01  8.4747e+01
8369.6572  4.8827e+01  5.8295e+01
8370.9072  9.9928e+00  5.3983e+01
8372.1582  -1.8242e+01  6.2281e+01
8373.4082  9.7278e+01  6.0984e+01
8374.6582  8.7019e+01  4.9662e+01
8375.9092  -4.2986e+01  4.7456e+01
8377.1592  4.4453e+01  7.2263e+01
8378.4092  -2.1945e+01  6.0514e+01
8379.6602  3.6011e+01  5.8122e+01
8380.9102  3.8262e+01  6.8967e+01
8382.1602  8.1952e+01  1.3106e+02
8383.4111  1.8373e+01  1.6745e+02
8384.6611  -7.8390e+01  1.8569e+02
8385.9111  3.2430e+02  1.2268e+02
8387.1621  3.6046e+01  6.9297e+01
8388.4121  1.2946e+01  7.0403e+01
8389.6621  6.9855e+00  5.7129e+01
8390.9131  6.8466e+01  6.1783e+01
8392.1631  3.3843e+01  6.0989e+01
8393.4131  2.1071e+01  6.3174e+01
8394.6641  7.9024e+00  7.4176e+01
8395.9141  9.3184e+01  5.3620e+01
8397.1641  1.0123e+02  7.7232e+01
8398.4150  -1.6863e+01  1.5820e+02
8399.6650  1.6504e+02  2.3055e+02
8400.9160  -1.1000e+02  3.2918e+02
8402.1660  2.4421e+02  2.4611e+02
8403.4160  2.5083e+02  1.6130e+02
8404.6670  4.5127e+01  5.3654e+01
8405.9170  7.4257e+01  6.5637e+01
8407.1670  -2.7221e+01  5.3881e+01
8408.4180  8.5555e+00  5.4770e+01
8409.6680  -4.2117e+01  6.5430e+01
8410.9180  -4.3202e+00  6.0358e+01
8412.1689  6.8937e+01  6.7487e+01
8413.4189  3.4844e+01  6.1210e+01
8414.6689  5.8627e+01  9.7294e+01
8415.9199  -5.6707e+01  1.6704e+02
8417.1699  2.7142e+02  2.1345e+02
8418.4199  5.2393e+00  1.4551e+02
8419.6709  1.2241e+02  9.3275e+01
8420.9209  2.2802e+00  5.4124e+01
8422.1709  -7.7595e+01  6.4429e+01
8423.4219  -2.2502e+01  5.5087e+01
8424.6719  6.7675e+01  5.9450e+01
8425.9219  -8.0391e+01  6.1765e+01
8427.1729  -4.3297e+01  6.8183e+01
8428.4229  1.6771e+02  9.2533e+01
8429.6729  1.1963e+01  2.6477e+02
8430.9238  -1.7853e+02  2.8413e+02
8432.1738  2.2619e+02  3.5736e+02
8433.4248  -6.6230e+01  2.4690e+02
8434.6748  4.0623e+02  1.4864e+02
8435.9248  -1.4185e+01  7.8835e+01
8437.1758  5.7456e+01  7.0483e+01
8438.4258  2.3713e+00  5.9585e+01
8439.6758  -1.8243e+01  7.6824e+01
8440.9268  5.1014e+01  5.6837e+01
8442.1768  -1.8874e+01  4.9234e+01
8443.4268  8.7025e+00  6.3311e+01
8444.6777  -1.4958e+01  5.2194e+01
8445.9277  -3.1297e+01  6.5851e+01
8447.1777  1.9810e+01  9.7593e+01
8448.4287  4.0978e+01  1.1210e+02
8449.6787  3.3746e+01  8.4511e+01
8450.9287  1.3305e+02  8.3202e+01
8452.1797  -1.2821e+02  1.1326e+02
8453.4297  1.3821e+02  1.8770e+02
8454.6797  -2.6947e+01  1.9044e+02
8455.9307  -1.9097e+02  1.0064e+02
8457.1807  9.6139e+01  6.3533e+01
8458.4307  4.8968e+01  5.0867e+01
8459.6816  2.9329e+01  7.4369e+01
8460.9316  7.4410e+01  5.2394e+01
8462.1816  2.8112e+01  5.9037e+01
8463.4326  1.5611e+02  6.9015e+01
8464.6826  4.2250e+01  1.8617e+02
8465.9336  -2.1903e+02  2.2235e+02
8467.1836  2.8388e+01  3.0572e+02
8468.4336  2.3719e+02  2.2672e+02
8469.6846  2.1329e+02  1.5984e+02
8470.9346  4.5296e+01  5.7617e+01
8472.1846  -2.6113e+01  6.0285e+01
8473.4355  -7.6191e+01  6.0400e+01
8474.6855  -1.1133e+01  5.7471e+01
8475.9355  3.9835e+01  6.8858e+01
8477.1865  4.7107e+01  6.3517e+01
8478.4365  -1.7720e+01  5.4557e+01
8479.6865  1.3805e+01  4.9293e+01
8480.9375  1.4479e+01  6.1438e+01
8482.1875  1.3400e+02  5.3631e+01
8483.4375  5.2905e+01  5.0526e+01
8484.6885  9.1754e+01  5.2835e+01
8485.9385  -8.3932e+01  6.4928e+01
8487.1885  4.6127e+01  6.8317e+01
8488.4395  -4.9184e+01  6.2590e+01
8489.6895  5.0763e+01  5.3121e+01
8490.9395  -6.1473e+01  6.4840e+01
8492.1904  -8.3335e+00  8.3900e+01
8493.4404  4.2388e+01  1.1700e+02
8494.6904  5.3615e+01  1.5320e+02
8495.9414  3.2787e+01  1.6470e+02
8497.1914  1.1352e+02  9.9442e+01
8498.4424  4.7712e+01  6.0929e+01
8499.6924  1.1411e+02  6.6137e+01
8500.9424  6.6896e+01  5.4941e+01
8502.1934  2.0675e+02  5.8485e+01
8503.4434  4.0931e+02  9.7803e+01
8504.6934  5.9592e+02  1.5607e+02
8505.9443  4.9528e+02  2.0598e+02
8507.1943  2.7202e+02  2.1684e+02
8508.4443  4.8184e+02  1.5775e+02
8509.6953  4.9831e+02  6.1828e+01
8510.9453  2.7662e+02  5.7815e+01
8512.1953  1.9824e+02  5.8703e+01
8513.4463  2.3350e+02  4.8708e+01
8514.6963  2.4906e+02  7.2233e+01
8515.9463  2.4263e+02  6.5198e+01
8517.1973  2.3938e+02  5.5278e+01
8518.4473  8.2487e+01  6.1542e+01
8519.6973  5.4831e+01  5.1631e+01
8520.9482  -6.4408e+01  5.7576e+01
8522.1982  4.2813e+01  5.6384e+01
8523.4482  3.7402e+01  5.3076e+01
8524.6992  -5.4098e+00  6.1788e+01
8525.9492  -6.7242e+01  5.4572e+01
8527.1992  7.6491e+01  6.1608e+01
8528.4502  3.5672e+01  5.5001e+01
8529.7002  9.6594e+01  6.4050e+01
8530.9512  6.8994e+01  6.5380e+01
8532.2012  -8.8019e+00  6.2576e+01
8533.4512  8.6046e+01  4.9921e+01
8534.7021  4.5923e+01  6.1203e+01
8535.9521  4.8986e+01  6.3402e+01
8537.2021  4.6854e+01  7.0686e+01
8538.4531  7.3790e+01  8.3985e+01
8539.7031  -3.2758e+01  1.0385e+02
8540.9531  -2.4440e+01  1.1310e+02
8542.2041  -1.8041e+01  7.8405e+01
8543.4541  8.5674e+01  5.5790e+01
8544.7041  2.4310e+01  5.9332e+01
8545.9551  1.8722e+01  7.9272e+01
8547.2051  1.1990e+02  5.6339e+01
8548.4551  -8.1276e+01  1.0850e+02
8549.7061  -2.5134e+02  1.3708e+02
8550.9561  3.5654e+00  1.6707e+02
8552.2061  8.2422e+01  1.2742e+02
8553.4570  1.1252e+02  6.8612e+01
8554.7070  5.3385e+00  6.4658e+01
8555.9570  4.6011e+01  6.2291e+01
8557.2080  -3.8814e+00  4.6086e+01
8558.4580  -5.3581e+01  5.9493e+01
8559.7080  5.2592e+01  5.1723e+01
8560.9590  4.3826e+01  5.6648e+01
8562.2090  1.1034e+02  5.6362e+01
8563.4600  9.1546e+01  4.9879e+01
8564.7100  2.6705e+01  5.7324e+01
8565.9600  1.7496e+01  6.1552e+01
8567.2109  2.3927e+01  5.4135e+01
8568.4609  8.8560e+01  6.1585e+01
8569.7109  1.1715e+02  6.0975e+01
8570.9619  4.6032e+01  5.6161e+01
8572.2119  4.3282e+00  5.8587e+01
8573.4619  -3.1073e+01  6.0719e+01
8574.7129  -7.5063e+01  5.8963e+01
8575.9629  -1.1363e+01  6.1606e+01
8577.2129  -3.7966e+00  5.8424e+01
8578.4639  -2.4212e+00  6.5768e+01
8579.7139  4.4046e+01  6.9126e+01
8580.9639  2.2175e+01  5.3424e+01
8582.2148  -1.8693e+01  5.9289e+01
8583.4648  -2.7681e+01  6.9099e+01
8584.7148  -1.5028e+01  5.9271e+01
8585.9658  3.6521e+01  6.1994e+01
8587.2158  6.9417e+01  5.7598e+01
8588.4658  1.3211e+01  7.7429e+01
8589.7168  -1.9057e+02  9.4757e+01
8590.9668  3.1138e+01  9.2190e+01
8592.2168  1.5755e+01  6.1984e+01
8593.4678  8.9416e+01  6.7007e+01
8594.7178  9.9677e+01  6.3566e+01
8595.9688  2.7001e+01  5.8106e+01
8597.2188  -7.6704e+01  8.9450e+01
8598.4688  3.3173e+01  1.1316e+02
8599.7197  1.7895e+02  1.0197e+02
8600.9697  5.3776e+01  6.8481e+01
8602.2197  3.9451e+01  6.4680e+01
8603.4707  3.8553e+01  5.3024e+01
8604.7207  -9.2819e-01  6.2370e+01
8605.9707  5.1404e+01  6.4197e+01
8607.2217  1.4408e+02  6.5744e+01
8608.4717  8.7120e+01  6.1267e+01
8609.7217  -2.9647e+01  7.4577e+01
8610.9727  -1.5810e+02  6.6258e+01
8612.2227  1.1251e+02  8.3016e+01
8613.4727  1.7508e+02  8.9698e+01
8614.7236  5.6282e+01  9.3549e+01
8615.9736  1.9327e+02  1.0772e+02
8617.2236  -1.6214e+01  1.1463e+02
8618.4746  -3.7196e+01  1.2198e+02
8619.7246  3.0714e+01  1.3532e+02
8620.9746  1.8801e+02  1.4335e+02
8622.2256  -1.6491e+02  1.6537e+02
8623.4756  2.8666e+02  1.6235e+02
8624.7256  -7.9202e+01  1.6405e+02
8625.9766  3.5321e+01  1.7599e+02
8627.2266  1.5266e+02  1.8220e+02
8628.4775  9.5905e+01  1.7712e+02
8629.7275  -2.3259e+01  1.8729e+02
8630.9775  5.6941e+02  1.8869e+02
8632.2285  2.4939e+02  1.7626e+02
8633.4785  -1.0884e+02  1.9209e+02
8634.7285  1.3160e+01  1.8335e+02
8635.9795  8.6688e+01  1.5856e+02
8637.2295  -5.5627e+01  1.7012e+02
8638.4795  6.6321e+01  1.7460e+02
8639.7305  -2.6786e+02  1.2582e+02
8640.9805  1.0280e+02  1.3402e+02
8642.2305  -1.8236e+02  1.2472e+02
8643.4814  -3.2288e+02  1.2207e+02
8644.7314  -8.0957e+00  8.9265e+01
8645.9814  6.6551e+01  7.4543e+01
8647.2324  -5.3555e+00  8.3959e+01
