# SNR 22.0907
# Quality c
# flux_factor = 1.e-20
5157.4268  2.2929e+02  6.3219e+01
5158.6768  1.9159e+02  7.1396e+01
5159.9272  1.4637e+02  8.2443e+01
5161.1777  1.7958e+02  6.3577e+01
5162.4277  1.1210e+02  7.6856e+01
5163.6782  2.1001e+02  8.0977e+01
5164.9287  2.0296e+02  7.8578e+01
5166.1787  1.9724e+02  5.7125e+01
5167.4292  1.5775e+02  6.2532e+01
5168.6797  1.9441e+02  6.4009e+01
5169.9297  9.9553e+01  7.2018e+01
5171.1802  1.2657e+02  6.1382e+01
5172.4307  1.5151e+02  6.2249e+01
5173.6812  6.8678e+01  5.9970e+01
5174.9312  2.2159e+02  6.1478e+01
5176.1816  1.3830e+02  6.8186e+01
5177.4321  2.9480e+02  6.6563e+01
5178.6821  2.0884e+02  6.3155e+01
5179.9326  1.6656e+02  6.3008e+01
5181.1831  1.2009e+02  8.1661e+01
5182.4331  8.3935e+01  7.3062e+01
5183.6836  2.3911e+02  5.0623e+01
5184.9341  2.0567e+02  6.2323e+01
5186.1841  2.9697e+02  6.3814e+01
5187.4346  1.5134e+02  7.5466e+01
5188.6851  1.4177e+01  7.9146e+01
5189.9351  1.7721e+02  7.3093e+01
5191.1855  1.1650e+02  8.1401e+01
5192.4360  1.6759e+02  8.9172e+01
5193.6860  1.9637e+02  8.0845e+01
5194.9365  2.2518e+02  7.6159e+01
5196.1870  2.7311e+02  7.8915e+01
5197.4370  1.2166e+02  7.3176e+01
5198.6875  1.1866e+02  9.7817e+01
5199.9380  2.4233e+02  8.2543e+01
5201.1880  1.9121e+02  8.1282e+01
5202.4385  9.3332e+01  7.4415e+01
5203.6890  2.4914e+02  6.9705e+01
5204.9395  1.2777e+02  8.6896e+01
5206.1895  1.6701e+02  7.8526e+01
5207.4399  1.5001e+02  7.2746e+01
5208.6904  5.7960e+01  8.9869e+01
5209.9404  5.6027e+01  6.7035e+01
5211.1909  5.9302e+01  5.8822e+01
5212.4414  1.0325e+02  8.0312e+01
5213.6914  2.0258e+02  6.3915e+01
5214.9419  2.0082e+02  6.9280e+01
5216.1924  9.1937e+01  6.2634e+01
5217.4424  2.3538e+02  6.5958e+01
5218.6929  1.6425e+02  8.2251e+01
5219.9434  9.1164e+01  7.3402e+01
5221.1934  2.9859e+02  6.9943e+01
5222.4438  1.3783e+02  6.7818e+01
5223.6943  1.4157e+02  6.1723e+01
5224.9443  1.4306e+02  7.3036e+01
5226.1948  2.1430e+02  6.8237e+01
5227.4453  7.6381e+01  6.3427e+01
5228.6958  2.9201e+02  6.4015e+01
5229.9458  2.3696e+02  6.5057e+01
5231.1963  3.5241e+02  6.2631e+01
5232.4468  4.0236e+02  6.3424e+01
5233.6968  3.5756e+02  8.0500e+01
5234.9473  3.6927e+02  6.7151e+01
5236.1978  2.8275e+02  7.4006e+01
5237.4478  1.9369e+02  8.4259e+01
5238.6982  1.1213e+02  7.5240e+01
5239.9487  2.0843e+02  6.3300e+01
5241.1987  4.5416e+02  7.0164e+01
5242.4492  6.3145e+02  6.6353e+01
5243.6997  1.0930e+03  5.8426e+01
5244.9497  1.0986e+03  6.0846e+01
5246.2002  8.6169e+02  7.2970e+01
5247.4507  7.9523e+02  6.4264e+01
5248.7007  6.7075e+02  6.5357e+01
5249.9512  5.3683e+02  7.8477e+01
5251.2017  3.8660e+02  6.9712e+01
5252.4517  3.3353e+02  7.5042e+01
5253.7021  3.1585e+02  6.8950e+01
5254.9526  2.6106e+02  6.3466e+01
5256.2031  2.3303e+02  7.5426e+01
5257.4531  1.4654e+02  8.1150e+01
5258.7036  7.8200e+01  6.4894e+01
5259.9541  2.4610e+02  6.2973e+01
5261.2041  2.5463e+02  7.7844e+01
5262.4546  1.4068e+02  8.1061e+01
5263.7051  1.7604e+02  7.6021e+01
5264.9551  1.6524e+02  6.6581e+01
5266.2056  2.9054e+02  5.0818e+01
5267.4561  1.5498e+02  5.8685e+01
5268.7061  2.0964e+02  6.8642e+01
5269.9565  1.5982e+02  6.3391e+01
5271.2070  7.5953e+01  6.6050e+01
5272.4570  4.3511e+01  6.1833e+01
5273.7075  1.4307e+02  6.8472e+01
5274.9580  2.4028e+02  6.5165e+01
5276.2080  1.4932e+02  5.9970e+01
5277.4585  1.6566e+02  6.6649e+01
5278.7090  2.1236e+02  8.4937e+01
5279.9590  2.4615e+02  8.1109e+01
5281.2095  2.1324e+02  7.3684e+01
5282.4600  1.7808e+02  6.8130e+01
5283.7104  1.6638e+02  7.2904e+01
5284.9604  2.1934e+02  5.9976e+01
5286.2109  1.9505e+02  5.6885e+01
5287.4614  1.9516e+01  7.6643e+01
5288.7114  1.6036e+02  5.8651e+01
5289.9619  5.3757e+01  6.7160e+01
5291.2124  1.3006e+02  5.9699e+01
5292.4624  7.3125e+01  6.8566e+01
5293.7129  2.4266e+02  7.3261e+01
5294.9634  9.5537e+01  6.5826e+01
5296.2134  2.0311e+02  6.2829e+01
5297.4639  2.2541e+02  6.7421e+01
5298.7144  2.3687e+02  5.6969e+01
5299.9644  1.0740e+02  6.6371e+01
5301.2148  6.3357e+01  7.3987e+01
5302.4653  1.0799e+02  6.4574e+01
5303.7153  2.4258e+02  5.6192e+01
5304.9658  1.4032e+02  6.2205e+01
5306.2163  1.8988e+02  6.2033e+01
5307.4663  1.5952e+02  7.0613e+01
5308.7168  1.3650e+02  6.5994e+01
5309.9673  2.0780e+02  5.2380e+01
5311.2178  1.7466e+02  6.6971e+01
5312.4678  1.0580e+02  6.1825e+01
5313.7183  1.4376e+02  5.5411e+01
5314.9688  2.7927e+02  6.4363e+01
5316.2188  1.8534e+02  7.0647e+01
5317.4692  2.5939e+02  7.2247e+01
5318.7197  1.0028e+02  6.4937e+01
5319.9697  2.8902e+02  7.4557e+01
5321.2202  2.8518e+02  6.8033e+01
5322.4707  1.6024e+02  5.4209e+01
5323.7207  1.9831e+02  6.4843e+01
5324.9712  1.3295e+02  5.3624e+01
5326.2217  6.6290e+01  6.0147e+01
5327.4717  2.1555e+02  5.9408e+01
5328.7222  1.4722e+02  7.3616e+01
5329.9727  1.1404e+02  7.0906e+01
5331.2227  9.3909e+01  7.7742e+01
