# SNR 9.5221
# Quality c
# flux_factor = 1.e-20
5232.5693  -4.2927e+00  8.9924e+01
5233.8193  -2.2168e+02  1.0097e+02
5235.0698  -7.2304e+01  1.1391e+02
5236.3203  1.4563e+02  9.4182e+01
5237.5703  -5.3263e+01  1.0663e+02
5238.8208  -1.2716e+02  9.3743e+01
5240.0713  3.5193e+01  9.8542e+01
5241.3213  8.4987e+01  8.4608e+01
5242.5718  4.2717e+01  8.7659e+01
5243.8223  1.2928e+01  9.8165e+01
5245.0723  4.5772e+01  9.9826e+01
5246.3228  -1.4977e+02  1.0963e+02
5247.5732  -1.9714e+02  9.8467e+01
5248.8232  -1.0619e+02  1.0560e+02
5250.0737  1.0263e+02  1.1023e+02
5251.3242  3.6176e+01  8.5334e+01
5252.5747  6.1301e+00  9.7369e+01
5253.8247  1.4462e+02  1.0700e+02
5255.0752  5.0858e+01  9.8254e+01
5256.3257  5.7491e-01  1.0014e+02
5257.5757  1.0137e+02  1.0921e+02
5258.8262  5.2531e+01  1.0464e+02
5260.0767  -8.1205e-01  7.6735e+01
5261.3267  -1.7326e+02  8.4885e+01
5262.5771  -1.0933e+02  7.5938e+01
5263.8276  -2.5611e+01  8.2867e+01
5265.0776  1.1556e+02  9.0303e+01
5266.3281  -5.1563e+01  8.5432e+01
5267.5786  -5.9963e+01  1.0404e+02
5268.8286  7.9220e+01  8.1834e+01
5270.0791  -1.3146e+02  9.8403e+01
5271.3296  -2.5592e+02  8.3216e+01
5272.5796  -6.5020e-01  8.9645e+01
5273.8301  -5.0500e+01  9.9998e+01
5275.0806  -1.3887e+02  1.0033e+02
5276.3306  -4.9712e+01  1.0343e+02
5277.5811  9.1828e+01  1.0067e+02
5278.8315  4.8715e+01  1.0382e+02
5280.0820  4.7309e+01  9.8026e+01
5281.3320  6.9513e-01  9.5566e+01
5282.5825  -8.8772e+01  9.5967e+01
5283.8330  -2.2172e+02  9.7441e+01
5285.0830  8.7056e+00  9.3525e+01
5286.3335  4.0571e+01  9.1406e+01
5287.5840  -6.7242e+01  1.0945e+02
5288.8340  -3.0995e+01  8.8847e+01
5290.0845  2.3181e+01  9.0782e+01
5291.3350  -1.1947e+02  1.0623e+02
5292.5850  1.3643e+02  9.0645e+01
5293.8354  2.2954e+01  8.3837e+01
5295.0859  7.4220e+01  1.1246e+02
5296.3359  5.4168e+01  8.1744e+01
5297.5864  1.2794e+02  9.0874e+01
5298.8369  7.8576e+01  1.2774e+02
5300.0869  -6.8780e+01  1.0326e+02
5301.3374  -1.2673e+02  9.5906e+01
5302.5879  -4.3182e+00  8.9021e+01
5303.8384  -5.0446e+01  7.7262e+01
5305.0884  4.9711e-01  9.5942e+01
5306.3389  -3.0432e+01  8.6189e+01
5307.5894  4.7305e+01  9.5548e+01
5308.8394  -7.3697e+01  8.3288e+01
5310.0898  9.0997e+01  1.0098e+02
5311.3403  1.7210e+02  1.0393e+02
5312.5903  -5.0430e+00  1.1510e+02
5313.8408  4.4480e+01  1.0558e+02
5315.0913  -6.2072e+01  8.1691e+01
5316.3413  6.4633e+01  8.3327e+01
5317.5918  3.7475e+02  8.2550e+01
5318.8423  4.3486e+02  8.3969e+01
5320.0923  4.2798e+02  8.1339e+01
5321.3428  3.9720e+02  9.7809e+01
5322.5933  4.7841e+02  9.2822e+01
5323.8433  3.0159e+02  1.1993e+02
5325.0938  2.6885e+02  9.5965e+01
5326.3442  2.8868e+02  1.0957e+02
5327.5942  2.2007e+02  1.1089e+02
5328.8447  9.8913e+01  9.2004e+01
5330.0952  1.7134e+00  9.0502e+01
5331.3457  -3.2605e+01  1.1893e+02
5332.5957  -1.4780e+02  1.0989e+02
5333.8462  1.0585e+02  8.8766e+01
5335.0967  -5.2124e+01  1.0024e+02
5336.3467  1.3532e+02  9.7195e+01
5337.5972  1.5382e+02  9.5711e+01
5338.8477  -6.8200e+01  9.9917e+01
5340.0977  -5.2991e+01  1.0770e+02
5341.3481  7.9035e+01  8.8563e+01
5342.5986  -1.4282e+02  8.5495e+01
5343.8486  1.0139e+02  9.7048e+01
5345.0991  1.0304e+02  1.0811e+02
5346.3496  1.6567e+01  8.3478e+01
5347.5996  -6.4701e+01  9.7145e+01
5348.8501  -1.1462e+02  7.7471e+01
5350.1006  -5.2547e+01  9.6211e+01
5351.3506  4.0317e+01  9.4232e+01
5352.6011  -1.1864e+02  9.3930e+01
5353.8516  -8.6504e+01  9.1624e+01
5355.1021  -1.1729e+02  1.0071e+02
5356.3521  -6.1187e+01  8.2331e+01
5357.6025  -9.5710e+01  8.0350e+01
5358.8530  5.2508e+01  1.0082e+02
5360.1030  -4.3639e+01  9.1417e+01
5361.3535  1.1384e+01  9.9593e+01
5362.6040  -8.0590e+00  8.8313e+01
5363.8540  -4.6348e+01  7.6578e+01
5365.1045  -1.5354e+02  9.6733e+01
5366.3550  2.6838e+01  8.2375e+01
5367.6050  -1.3529e+02  9.2717e+01
5368.8555  -4.9426e+01  7.5886e+01
5370.1060  -3.3083e+00  9.0189e+01
5371.3560  -8.1850e+01  1.0442e+02
5372.6064  -9.3970e+01  1.0373e+02
5373.8569  2.5043e+01  8.4901e+01
5375.1069  2.0686e+01  1.0254e+02
5376.3574  -1.4390e+02  8.8153e+01
5377.6079  7.0548e+01  8.4114e+01
5378.8579  -2.6827e+01  1.0209e+02
5380.1084  -1.5134e+02  9.6974e+01
5381.3589  8.2010e+00  9.1836e+01
5382.6094  -1.6228e+01  8.3344e+01
5383.8594  2.0405e+01  8.0305e+01
5385.1099  -7.5846e+01  8.5361e+01
5386.3604  -1.0448e+02  9.0419e+01
5387.6104  -9.0188e+01  8.3622e+01
5388.8608  -1.3658e+02  8.1275e+01
5390.1113  -2.6660e+01  9.8556e+01
5391.3613  -9.3403e+01  8.1854e+01
5392.6118  1.7008e+02  8.2037e+01
5393.8623  1.1594e+02  7.6359e+01
5395.1123  7.9350e+00  7.1859e+01
5396.3628  9.5206e+01  8.5818e+01
5397.6133  -2.3360e+01  8.0470e+01
5398.8633  -1.8402e+02  9.7137e+01
5400.1138  3.6184e+01  9.5215e+01
5401.3643  7.3349e+01  8.7308e+01
5402.6143  2.1609e+01  8.0520e+01
5403.8647  5.1195e+01  9.1870e+01
5405.1152  1.0317e+02  9.0618e+01
5406.3657  7.5541e+00  8.3717e+01
5407.6157  -4.7353e+01  8.1013e+01
