# SNR 10.1543
# Quality c
# flux_factor = 1.e-20
7906.9204  1.0056e+01  4.8772e+01
7908.1704  -4.5341e+01  4.2302e+01
7909.4209  -3.7902e+01  4.5224e+01
7910.6714  -8.2229e+01  4.3066e+01
7911.9214  -2.0425e+01  6.1633e+01
7913.1719  -5.9756e+01  1.1797e+02
7914.4224  2.6587e+01  1.7064e+02
7915.6729  -1.0874e+02  1.7085e+02
7916.9229  -7.4385e+01  1.2108e+02
7918.1733  -1.7323e+02  5.0150e+01
7919.4238  -4.5667e+01  6.1800e+01
7920.6738  1.7018e+01  7.8884e+01
7921.9243  -4.7861e+01  1.1450e+02
7923.1748  -2.6642e+01  1.1087e+02
7924.4248  7.9422e+00  7.3662e+01
7925.6753  5.6294e+00  4.4402e+01
7926.9258  4.7167e+01  4.2599e+01
7928.1758  3.7436e+01  4.1176e+01
7929.4263  -5.7505e+00  4.2690e+01
7930.6768  2.0411e+01  6.4978e+01
7931.9272  -8.0484e+01  9.1406e+01
7933.1772  -1.5201e+02  9.6237e+01
7934.4277  -6.3662e+01  8.5187e+01
7935.6782  2.1750e+01  4.8111e+01
7936.9282  -2.2532e+01  3.7682e+01
7938.1787  -3.3188e+01  4.4527e+01
7939.4292  -2.1716e+01  3.7750e+01
7940.6792  -4.6756e+01  3.7709e+01
7941.9297  8.0212e+01  4.0517e+01
7943.1802  3.3002e+00  4.1477e+01
7944.4302  6.6390e+00  4.2002e+01
7945.6807  6.3284e+01  3.8735e+01
7946.9312  -2.7827e+01  4.2190e+01
7948.1816  -1.8892e+01  4.4021e+01
7949.4316  -7.9529e+01  7.1239e+01
7950.6821  -8.0964e+01  8.9402e+01
7951.9326  -9.8138e+01  6.3965e+01
7953.1826  -8.3435e+01  5.2722e+01
7954.4331  -1.3095e+01  3.6974e+01
7955.6836  -1.4915e+01  3.4070e+01
7956.9336  -7.0365e+01  3.4872e+01
7958.1841  -3.6532e+01  3.1900e+01
7959.4346  3.1573e+01  4.1788e+01
7960.6846  2.3111e+01  3.1031e+01
7961.9351  -5.1679e+01  3.7483e+01
7963.1855  6.4161e+01  4.2521e+01
7964.4360  1.5208e+01  9.0417e+01
7965.6860  1.1164e+02  1.5306e+02
7966.9365  1.4021e+02  1.3506e+02
7968.1870  -1.5587e+02  7.5019e+01
7969.4370  -1.9264e+00  5.6900e+01
7970.6875  -3.0893e+01  5.2202e+01
7971.9380  5.5086e+01  3.8912e+01
7973.1880  9.9519e+00  3.6210e+01
7974.4385  5.6564e+01  4.0759e+01
7975.6890  -4.9537e+00  3.3056e+01
7976.9390  6.1203e+00  5.4613e+01
7978.1895  -5.6640e+01  6.1316e+01
7979.4399  -1.4657e+02  8.2121e+01
7980.6904  3.1488e+01  9.5873e+01
7981.9404  7.3743e+01  1.0049e+02
7983.1909  3.9052e+00  4.7817e+01
7984.4414  -1.0553e+01  5.0063e+01
7985.6914  -9.4974e+01  4.2443e+01
7986.9419  -1.5477e+01  3.7058e+01
7988.1924  1.4152e+02  3.7079e+01
7989.4424  5.6310e+01  4.5035e+01
7990.6929  1.8781e+01  3.7135e+01
7991.9434  7.4027e+01  7.3025e+01
7993.1934  -8.9155e+01  1.0718e+02
7994.4438  -8.1946e+01  1.6164e+02
7995.6943  7.1810e+01  1.3792e+02
7996.9443  -3.3115e+02  1.0206e+02
7998.1948  1.0106e+01  5.3718e+01
7999.4453  -1.8865e+01  5.0059e+01
8000.6958  -4.7867e+01  4.1954e+01
8001.9458  -3.5499e+01  4.2007e+01
8003.1963  -1.4097e+01  4.3672e+01
8004.4468  6.6385e+01  4.9586e+01
8005.6968  1.6133e+01  4.1816e+01
8006.9473  -2.1399e+00  3.8068e+01
8008.1978  9.7753e+00  3.8701e+01
8009.4478  3.7437e+01  4.2312e+01
8010.6982  6.6578e+01  3.4208e+01
8011.9487  2.5629e+00  3.7602e+01
8013.1987  1.4291e+01  5.5872e+01
8014.4492  -7.0976e+01  7.4875e+01
8015.6997  -5.5798e+01  1.0783e+02
8016.9502  -5.6852e+01  6.9751e+01
8018.2002  -3.6763e+01  3.6716e+01
8019.4507  -3.1508e+01  3.7063e+01
8020.7012  3.6032e+01  5.2335e+01
8021.9512  -4.5993e+01  5.4249e+01
8023.2017  2.0726e+00  4.8947e+01
8024.4521  8.0011e+01  4.1443e+01
8025.7021  -1.0112e+02  8.8149e+01
8026.9526  8.6311e+01  1.3354e+02
8028.2031  -5.2051e+01  1.1340e+02
8029.4531  -1.8401e+02  7.4395e+01
8030.7036  -1.0897e+02  5.9180e+01
8031.9541  -1.1657e+01  5.8848e+01
8033.2046  4.6979e+01  4.3128e+01
8034.4546  2.1773e+00  3.6827e+01
8035.7051  3.7614e+01  3.7260e+01
8036.9556  4.0851e+01  3.6352e+01
8038.2056  4.1838e+01  3.3757e+01
8039.4561  2.5030e+02  3.6050e+01
8040.7065  2.2748e+02  3.7709e+01
8041.9565  2.0009e+02  3.8812e+01
8043.2070  1.8889e+02  4.6127e+01
8044.4575  2.2414e+01  4.6706e+01
8045.7075  5.5936e+01  3.0853e+01
8046.9580  6.9282e+01  4.1200e+01
8048.2085  6.6207e+01  3.7100e+01
8049.4590  8.2421e+01  4.1946e+01
8050.7090  1.1822e+02  5.1292e+01
8051.9595  -3.0469e+01  6.7685e+01
8053.2100  -9.4437e+01  7.7459e+01
8054.4600  1.2011e+02  5.8513e+01
8055.7104  -9.7906e+01  4.4117e+01
8056.9609  2.3028e+01  4.0040e+01
8058.2109  4.7293e+01  3.5770e+01
8059.4614  -7.9477e+00  3.4351e+01
8060.7119  9.3375e+01  3.7957e+01
8061.9619  4.6431e+01  6.3526e+01
8063.2124  -8.5900e+01  9.8383e+01
8064.4629  -1.6032e+02  8.6259e+01
8065.7134  -5.1515e+01  5.2494e+01
8066.9634  -2.7072e+00  3.4950e+01
8068.2139  -1.1125e+01  3.8745e+01
8069.4644  1.5356e+01  4.6815e+01
8070.7144  1.8984e+01  3.4979e+01
8071.9648  6.0908e+00  4.2141e+01
8073.2153  2.6722e+00  4.0801e+01
8074.4653  -5.4488e+01  3.9648e+01
8075.7158  1.1307e+02  3.5688e+01
8076.9663  4.7053e+01  3.7841e+01
8078.2163  -8.8876e+00  4.1949e+01
8079.4668  8.5744e+00  3.8889e+01
8080.7173  -5.8889e+01  3.7429e+01
8081.9678  -6.1394e+00  3.2866e+01
8083.2178  1.6897e+01  3.3895e+01
8084.4683  2.1029e+01  4.0184e+01
8085.7188  2.3181e+01  4.1795e+01
8086.9688  -1.9132e+01  4.2870e+01
8088.2192  7.9118e+01  3.7620e+01
8089.4697  -6.9807e+01  3.7392e+01
8090.7197  -6.3080e+00  3.8851e+01
8091.9702  -2.5422e+01  3.7538e+01
8093.2207  -1.1237e+01  3.7325e+01
8094.4707  5.1781e+01  5.2089e+01
8095.7212  6.1020e+01  5.4475e+01
8096.9717  4.1308e+01  4.8521e+01
8098.2222  3.8393e+01  3.6986e+01
8099.4722  1.7146e+01  3.9544e+01
8100.7227  -3.1074e+01  3.4165e+01
8101.9731  -8.1135e+01  5.0893e+01
8103.2231  -1.0867e+02  7.0982e+01
8104.4736  2.6944e+01  7.4019e+01
8105.7241  -1.4379e+02  5.4540e+01
8106.9741  1.5349e+01  4.5624e+01
8108.2246  1.6661e+01  3.7669e+01
8109.4751  3.7011e+01  3.5688e+01
8110.7251  -8.2272e+00  3.6133e+01
8111.9756  6.2565e+01  3.7620e+01
8113.2261  -2.1670e+01  3.9343e+01
8114.4766  -4.5624e+01  3.4907e+01
8115.7266  -5.5418e+01  4.9738e+01
8116.9771  -2.8494e+01  3.7767e+01
8118.2275  2.5487e+01  3.1870e+01
8119.4775  2.4236e+01  3.8513e+01
8120.7280  -1.2369e+01  3.3191e+01
8121.9785  2.9931e+01  3.9778e+01
8123.2285  -6.8742e+01  3.9220e+01
8124.4790  -3.5872e+01  4.0437e+01
8125.7295  -1.0584e+01  3.9367e+01
8126.9795  -9.1772e+00  4.0611e+01
8128.2300  3.2080e+01  4.4027e+01
8129.4805  3.7199e+01  4.9363e+01
8130.7305  4.0505e+01  3.9768e+01
8131.9810  3.7650e+01  3.7371e+01
8133.2314  1.8721e-01  4.4075e+01
8134.4819  -1.6325e+01  4.8719e+01
8135.7319  -7.2886e+00  4.5742e+01
8136.9824  -1.2842e+01  3.8785e+01
8138.2329  -3.0429e+01  4.2889e+01
8139.4829  4.9583e+01  5.5208e+01
8140.7334  5.0791e+01  5.2996e+01
8141.9839  7.8508e+01  4.2406e+01
8143.2339  -9.4441e+00  4.2500e+01
8144.4844  5.9237e+01  3.8398e+01
8145.7349  1.0777e+02  4.1208e+01
8146.9849  -9.4357e+00  4.7183e+01
8148.2354  9.2353e+01  5.5238e+01
8149.4858  2.6009e+01  5.6692e+01
8150.7363  -6.3121e+01  3.5537e+01
8151.9863  -1.8413e+01  3.6684e+01
8153.2368  6.0493e+01  4.2412e+01
8154.4873  3.4301e+01  3.8316e+01
8155.7373  -7.2383e+01  3.9326e+01
8156.9878  2.4904e+01  3.2889e+01
8158.2383  4.7727e+01  4.1050e+01
8159.4883  1.0349e+02  3.3050e+01
8160.7388  1.0203e+01  4.2104e+01
8161.9893  -4.2577e+01  4.4252e+01
8163.2393  7.6144e+01  4.0897e+01
8164.4897  -3.6130e+00  3.6778e+01
8165.7402  -4.7462e+01  3.7952e+01
8166.9907  4.2303e+01  3.4529e+01
8168.2407  8.5915e+01  3.7877e+01
8169.4912  3.2337e+01  3.5906e+01
8170.7417  -1.4343e+01  4.3588e+01
8171.9917  -6.1457e+01  3.3123e+01
8173.2422  -3.1221e+01  4.7616e+01
