# SNR 8.3046
# Quality c
# flux_factor = 1.e-20
5463.7441  -1.0066e+02  6.7527e+01
5464.9946  1.3888e+01  5.7121e+01
5466.2446  1.0942e+01  6.8834e+01
5467.4951  3.7009e+00  5.1814e+01
5468.7456  -9.2604e+01  5.8161e+01
5469.9956  -2.7828e+01  6.7003e+01
5471.2461  -3.9691e+01  5.9862e+01
5472.4966  2.3767e+01  7.0788e+01
5473.7466  -6.7163e+00  6.7468e+01
5474.9971  1.2787e+01  6.7866e+01
5476.2476  2.9186e+00  6.0907e+01
5477.4976  1.7961e+00  6.7966e+01
5478.7480  4.5189e+01  6.0479e+01
5479.9985  -8.3174e+01  5.9574e+01
5481.2485  1.2194e+01  6.9847e+01
5482.4990  -5.4944e+01  6.4334e+01
5483.7495  -2.2208e+01  5.2913e+01
5484.9995  -1.2354e+02  6.4965e+01
5486.2500  -2.4079e+01  6.2259e+01
5487.5005  -1.9026e+01  6.1365e+01
5488.7510  -7.4530e+01  6.2379e+01
5490.0010  -8.6935e+01  5.5021e+01
5491.2515  -9.4594e+00  6.1511e+01
5492.5020  -1.3277e+02  5.9048e+01
5493.7520  -7.3825e+00  5.2845e+01
5495.0024  -1.2559e+02  5.2185e+01
5496.2529  -2.1471e+00  6.0043e+01
5497.5029  -8.1261e+01  7.8450e+01
5498.7534  -1.5742e+01  5.7307e+01
5500.0039  -7.7092e+01  6.2321e+01
5501.2539  -5.6111e+01  5.3734e+01
5502.5044  -1.1492e+02  7.1818e+01
5503.7549  -4.7123e+00  6.2025e+01
5505.0049  1.2060e+00  7.1433e+01
5506.2554  -9.6098e+00  7.0488e+01
5507.5059  -8.2094e+01  6.6111e+01
5508.7559  -9.9368e+01  5.3571e+01
5510.0063  1.1515e+00  5.3930e+01
5511.2568  2.5148e+00  5.4132e+01
5512.5073  -4.6950e+01  5.2299e+01
5513.7573  2.6762e+01  6.4309e+01
5515.0078  -2.1572e+01  6.4597e+01
5516.2583  -6.7711e+00  5.6505e+01
5517.5083  5.3402e+01  5.8389e+01
5518.7588  -4.4599e+01  6.5054e+01
5520.0093  -6.2466e+01  6.2046e+01
5521.2593  -6.3436e+01  6.7606e+01
5522.5098  -1.1254e+02  7.3853e+01
5523.7603  -9.4060e+01  5.7812e+01
5525.0103  6.1546e+01  5.1811e+01
5526.2607  -9.6759e+00  5.4052e+01
5527.5112  4.8848e+01  7.2431e+01
5528.7612  -9.0019e+01  6.0367e+01
5530.0117  -1.2959e+01  6.5429e+01
5531.2622  7.1960e+00  5.5052e+01
5532.5122  -3.1603e+01  7.1795e+01
5533.7627  -7.1054e+01  5.2182e+01
5535.0132  -3.9695e+01  5.6716e+01
5536.2637  -1.7528e+01  6.3173e+01
5537.5137  -5.2749e+01  6.3045e+01
5538.7642  -1.1605e+02  5.3919e+01
5540.0146  -1.1983e+02  5.3677e+01
5541.2646  -3.3496e+01  5.7927e+01
5542.5151  -2.0967e+01  6.8200e+01
5543.7656  -7.2152e+00  6.9184e+01
5545.0156  5.6512e+01  5.5873e+01
5546.2661  -1.6249e+01  6.4382e+01
5547.5166  -1.1006e+02  5.7349e+01
5548.7666  -6.3391e+01  6.8114e+01
5550.0171  1.3062e+01  6.1849e+01
5551.2676  6.5146e+00  7.6124e+01
5552.5176  4.3621e+01  5.4567e+01
5553.7681  3.0170e+02  6.1161e+01
5555.0186  3.5148e+02  6.4450e+01
5556.2686  3.2789e+02  5.0109e+01
5557.5190  3.1880e+02  5.2955e+01
5558.7695  2.2074e+02  6.2309e+01
5560.0200  7.3291e+01  6.4641e+01
5561.2700  7.8930e-01  6.3849e+01
5562.5205  3.8136e+01  5.6527e+01
5563.7710  -4.2194e+01  5.6892e+01
5565.0210  -1.0143e+02  7.8423e+01
5566.2715  4.4494e+01  6.1943e+01
5567.5220  6.7780e+01  6.9013e+01
5568.7720  2.9507e+01  5.9896e+01
5570.0225  1.5122e+01  6.0432e+01
5571.2729  -7.2821e+01  7.1188e+01
5572.5229  7.0592e+01  5.8212e+01
5573.7734  1.4231e+02  7.2144e+01
5575.0239  -5.5214e+01  7.4686e+01
5576.2739  -1.9659e+01  2.1563e+02
5577.5244  -2.2804e+01  4.6639e+02
5578.7749  -2.0134e+01  5.0394e+02
5580.0249  -2.1685e+01  2.8092e+02
5581.2754  -1.4426e+01  8.8249e+01
5582.5259  -4.6653e+01  7.7002e+01
5583.7764  1.9870e+01  7.5993e+01
5585.0264  1.0614e+01  6.6010e+01
5586.2769  -8.6661e+01  6.3637e+01
5587.5273  -1.4827e+02  5.9095e+01
5588.7773  3.4894e+01  6.8389e+01
5590.0278  -2.2595e-01  7.9843e+01
5591.2783  1.1051e+02  5.5679e+01
5592.5283  -6.9683e+01  5.8754e+01
5593.7788  -8.6689e+01  5.8412e+01
5595.0293  -1.1677e+02  5.3068e+01
5596.2793  -4.0601e+01  5.0647e+01
5597.5298  -4.4531e+00  6.5580e+01
5598.7803  -1.2179e+02  6.6798e+01
5600.0303  -8.8598e+01  6.0374e+01
5601.2808  -1.3627e+02  5.4000e+01
5602.5312  -1.0133e+02  4.9769e+01
5603.7812  -4.2783e+01  5.3507e+01
5605.0317  -9.9716e+00  5.7611e+01
5606.2822  -9.0571e+01  6.0399e+01
5607.5327  -2.6813e+01  6.1142e+01
5608.7827  6.5397e+00  5.2950e+01
5610.0332  -2.7300e+01  5.9371e+01
5611.2837  -8.9921e+01  5.8559e+01
5612.5337  -1.1099e+01  5.8542e+01
5613.7842  7.3717e+01  5.0896e+01
5615.0347  -5.1470e+01  5.3205e+01
5616.2847  1.2120e+00  4.8444e+01
5617.5352  5.6778e+01  5.8421e+01
5618.7856  3.7783e+01  5.0900e+01
5620.0356  8.9398e+01  5.6443e+01
5621.2861  -3.9750e+01  5.2054e+01
5622.5366  -4.0103e+01  6.4170e+01
5623.7866  5.9808e+00  5.4625e+01
5625.0371  -4.7819e+01  5.5656e+01
5626.2876  2.1544e+01  6.4157e+01
5627.5376  3.4915e+01  5.1656e+01
5628.7881  1.8931e+01  5.4536e+01
5630.0386  -1.4168e+02  5.2298e+01
5631.2891  -7.9682e+01  5.7608e+01
5632.5391  1.7220e+01  7.0132e+01
5633.7896  -1.3234e+02  5.4852e+01
5635.0400  -1.2499e+02  6.2926e+01
5636.2900  7.3151e-01  7.1192e+01
5637.5405  8.1965e+01  5.5817e+01
5638.7910  2.0440e+01  4.7934e+01
5640.0410  3.6034e+01  6.4079e+01
5641.2915  1.6407e+01  6.2060e+01
5642.5420  -1.1629e+01  5.6406e+01
5643.7920  -5.2466e+01  6.5176e+01
5645.0425  -3.5550e+01  6.3148e+01
5646.2930  -2.1374e+01  7.2094e+01
5647.5430  -3.8001e+01  5.6451e+01
