# SNR 12.7054
# Quality c
# flux_factor = 1.e-20
5770.4263  -6.0237e+01  6.8484e+01
5771.6763  -1.3849e+02  6.8951e+01
5772.9268  -4.0762e+01  7.1756e+01
5774.1772  -1.2822e+02  7.3023e+01
5775.4272  -7.7566e+01  6.9807e+01
5776.6777  -7.6368e+01  7.0632e+01
5777.9282  8.5224e+01  7.3282e+01
5779.1787  3.6211e+01  6.9015e+01
5780.4287  -8.7859e+01  7.4091e+01
5781.6792  -1.2214e+01  7.6984e+01
5782.9297  -1.6002e+01  9.2729e+01
5784.1797  -7.6549e+01  6.9786e+01
5785.4302  -7.0553e+01  7.3528e+01
5786.6807  -9.4346e+01  6.7385e+01
5787.9307  2.5057e+00  7.4342e+01
5789.1812  -1.4002e+01  6.8423e+01
5790.4316  -3.6550e+01  8.2930e+01
5791.6816  -8.4372e+01  6.8968e+01
5792.9321  -1.0066e+02  7.1656e+01
5794.1826  -2.2674e+01  7.2619e+01
5795.4326  6.8654e+01  7.1461e+01
5796.6831  4.1347e+01  8.0654e+01
5797.9336  -7.5256e+00  8.2369e+01
5799.1836  -1.0604e+01  8.6087e+01
5800.4341  -3.1201e+01  7.0501e+01
5801.6846  5.0370e+01  6.7537e+01
5802.9351  2.9522e+01  6.8276e+01
5804.1851  6.7121e+01  7.1114e+01
5805.4355  -1.7397e+01  6.9199e+01
5806.6860  -6.3016e+01  7.3048e+01
5807.9360  -9.0936e+01  7.0897e+01
5809.1865  -6.8888e+01  7.7495e+01
5810.4370  -2.1409e+02  6.8909e+01
5811.6870  -9.5638e+01  8.0024e+01
5812.9375  -5.1199e+01  6.8130e+01
5814.1880  -1.9203e+02  6.7377e+01
5815.4380  -1.0977e+02  6.9052e+01
5816.6885  9.7305e+01  6.9997e+01
5817.9390  -1.3357e+01  6.6418e+01
5819.1890  1.5678e+01  6.6332e+01
5820.4395  -7.2691e+01  7.3784e+01
5821.6899  -5.0643e+01  6.7917e+01
5822.9404  -1.4802e+02  7.3835e+01
5824.1904  -9.4460e+00  6.6624e+01
5825.4409  -1.1917e+02  8.0816e+01
5826.6914  -9.6041e+01  6.5542e+01
5827.9414  4.7650e+01  7.1790e+01
5829.1919  -5.9364e+01  7.0422e+01
5830.4424  -1.0187e+02  8.0556e+01
5831.6924  -3.5026e+01  6.9917e+01
5832.9429  -4.4998e+01  7.5047e+01
5834.1934  9.0942e+01  8.3209e+01
5835.4434  4.2558e+01  7.8295e+01
5836.6938  -8.7902e+01  6.5550e+01
5837.9443  -1.2862e+02  6.5361e+01
5839.1943  -1.3157e+02  7.4118e+01
5840.4448  3.4235e+01  7.5059e+01
5841.6953  5.6623e+01  8.6167e+01
5842.9453  9.9112e+01  7.1990e+01
5844.1958  2.6416e+01  6.7548e+01
5845.4463  1.8626e+01  6.8882e+01
5846.6968  -2.1704e+01  7.6732e+01
5847.9468  -7.1548e+01  6.3884e+01
5849.1973  -6.1760e+01  6.8829e+01
5850.4478  3.3500e+01  6.4787e+01
5851.6978  3.0065e+01  8.0737e+01
5852.9482  1.9559e+01  6.4764e+01
5854.1987  2.3014e+01  7.6952e+01
5855.4487  -1.2446e+02  7.4525e+01
5856.6992  -2.3160e+00  8.0611e+01
5857.9497  4.9453e+01  6.4815e+01
5859.1997  7.1852e+01  6.3785e+01
5860.4502  4.2567e+01  7.2795e+01
5861.7007  6.0904e+01  7.0450e+01
5862.9507  -1.9371e+01  6.4619e+01
5864.2012  -2.2957e+01  7.9395e+01
5865.4517  2.1657e+02  7.3739e+01
5866.7021  5.8769e+02  9.5227e+01
5867.9521  7.4906e+02  1.0207e+02
5869.2026  7.7846e+02  1.0051e+02
5870.4531  4.8937e+02  9.3650e+01
5871.7031  2.3397e+02  9.2970e+01
5872.9536  2.2163e+02  8.8359e+01
5874.2041  8.8198e+01  8.9019e+01
5875.4541  1.8029e+02  7.5624e+01
5876.7046  3.3131e+01  8.1784e+01
5877.9551  9.8322e+01  7.2379e+01
5879.2051  3.5124e+01  7.2965e+01
5880.4556  -9.0588e+01  8.1065e+01
5881.7061  -5.6732e+01  8.5392e+01
5882.9561  -1.4018e+02  6.9711e+01
5884.2065  2.4069e+01  8.7282e+01
5885.4570  -3.6222e+01  7.0586e+01
5886.7070  -4.0127e+01  8.1810e+01
5887.9575  -7.1701e+01  1.2037e+02
5889.2080  2.4413e+01  1.1735e+02
5890.4585  -1.9876e+01  2.1724e+02
5891.7085  -2.2436e+01  2.9280e+02
5892.9590  5.7838e-01  2.2948e+02
5894.2095  -1.1848e+02  1.0661e+02
5895.4595  3.1136e+01  1.0548e+02
5896.7100  -5.7653e+00  1.9035e+02
5897.9604  -2.3095e+01  2.2699e+02
5899.2104  -9.9082e+00  1.5663e+02
5900.4609  -1.1471e+02  9.6618e+01
5901.7114  1.2231e+02  7.1904e+01
5902.9614  -1.6213e+01  7.1958e+01
5904.2119  -7.0291e+01  7.4582e+01
5905.4624  2.2082e+01  7.6201e+01
5906.7124  -1.4232e+02  8.5944e+01
5907.9629  4.4216e+01  8.3367e+01
5909.2134  5.6830e+01  8.8302e+01
5910.4639  -5.0987e+01  7.3851e+01
5911.7139  -1.1756e+01  7.4142e+01
5912.9644  -3.5211e+01  7.6200e+01
5914.2148  -7.6973e+00  7.1576e+01
5915.4648  -5.2336e+01  9.9292e+01
5916.7153  -2.2658e+01  1.0709e+02
5917.9658  7.5746e+01  1.0142e+02
5919.2158  -4.7234e+01  8.4297e+01
5920.4663  -1.6578e+01  7.9517e+01
5921.7168  3.2908e+01  7.4808e+01
5922.9668  6.0041e+01  7.1032e+01
5924.2173  4.9148e+01  7.3105e+01
5925.4678  1.1082e+02  8.6683e+01
5926.7178  -8.1444e+01  9.8089e+01
5927.9683  4.2634e+01  7.8632e+01
5929.2188  -7.1589e+01  7.4686e+01
5930.4688  -1.3751e+02  8.0360e+01
5931.7192  -1.2290e+01  8.4792e+01
5932.9697  -1.6350e+01  8.2467e+01
5934.2202  -5.2093e+01  1.1016e+02
5935.4702  2.0027e+02  1.0531e+02
5936.7207  -6.6591e+01  7.7054e+01
5937.9712  -4.6403e+01  7.2659e+01
5939.2212  -6.3509e+01  6.7962e+01
5940.4717  -4.7253e+01  6.7928e+01
5941.7222  -6.3772e+01  7.0301e+01
5942.9722  2.9510e+00  8.2871e+01
5944.2227  -8.4500e+01  8.0456e+01
5945.4731  -3.9711e+01  8.2104e+01
5946.7231  1.0522e+01  9.7474e+01
5947.9736  1.0561e+02  9.2805e+01
5949.2241  9.4611e+00  7.6008e+01
5950.4741  6.5049e+01  8.4201e+01
5951.7246  -1.3702e+01  6.8389e+01
5952.9751  -8.7646e+00  7.0434e+01
5954.2256  1.1154e+02  9.7965e+01
5955.4756  -9.3875e+01  1.0404e+02
5956.7261  -1.2172e+02  1.1329e+02
5957.9766  3.7209e+00  6.8139e+01
5959.2266  -4.4850e+01  6.7936e+01
5960.4771  -5.6043e+01  7.1309e+01
5961.7275  -6.3944e+01  7.5832e+01
5962.9775  3.1332e+01  7.2736e+01
5964.2280  1.1328e+00  7.5829e+01
5965.4785  4.1357e+01  9.0848e+01
