# SNR 8.8825
# Quality c
# flux_factor = 1.e-20
5283.8823  1.7199e+01  8.3430e+01
5285.1323  -1.9630e+01  8.3796e+01
5286.3828  1.5506e+01  7.4461e+01
5287.6333  7.8092e+01  8.9420e+01
5288.8833  -8.1545e+01  1.1158e+02
5290.1338  -1.3973e+02  1.0389e+02
5291.3843  1.9135e+02  9.4141e+01
5292.6343  1.5978e+02  8.7635e+01
5293.8848  5.9424e+01  1.0447e+02
5295.1353  2.8904e+02  7.7365e+01
5296.3853  -4.6951e+00  8.2532e+01
5297.6357  -1.1088e+02  7.5690e+01
5298.8862  -4.4185e+01  1.0620e+02
5300.1362  -5.1496e+01  8.3894e+01
5301.3867  1.1601e+02  9.5089e+01
5302.6372  7.6988e+01  7.3913e+01
5303.8877  -1.1559e+02  7.6039e+01
5305.1377  1.5666e+02  8.9621e+01
5306.3882  6.8128e+01  9.7400e+01
5307.6387  1.2257e+02  8.2301e+01
5308.8887  1.2831e+02  8.7832e+01
5310.1392  2.0664e+02  8.9909e+01
5311.3896  -2.4842e+00  8.6134e+01
5312.6396  -5.5763e+00  7.9646e+01
5313.8901  7.7334e+01  8.4436e+01
5315.1406  -4.4301e+01  8.4677e+01
5316.3906  3.4464e+02  7.7805e+01
5317.6411  1.4768e+02  9.9156e+01
5318.8916  -1.9990e+01  8.6340e+01
5320.1416  8.2534e+01  8.8016e+01
5321.3921  4.0923e+01  9.6025e+01
5322.6426  -1.6536e+02  7.7970e+01
5323.8926  1.0556e+02  7.6962e+01
5325.1431  2.7223e+02  1.0998e+02
5326.3936  2.1127e+02  8.5837e+01
5327.6440  5.8194e+01  8.1764e+01
5328.8940  -6.1279e+01  7.9594e+01
5330.1445  1.2307e+02  8.9837e+01
5331.3950  1.1529e+01  8.3695e+01
5332.6450  1.3465e+02  8.9791e+01
5333.8955  -2.5639e+01  1.0091e+02
5335.1460  2.6880e+02  8.6072e+01
5336.3960  2.5231e+01  8.7387e+01
5337.6465  1.1244e+02  8.0360e+01
5338.8970  3.9124e+01  8.4549e+01
5340.1470  2.3906e+02  7.8626e+01
5341.3975  1.6243e+02  7.5549e+01
5342.6479  1.8125e+02  9.6971e+01
5343.8979  -5.0328e+01  7.4181e+01
5345.1484  3.9956e+01  7.9100e+01
5346.3989  -1.9801e+01  9.4013e+01
5347.6489  -5.1308e+01  8.9762e+01
5348.8994  4.7277e+01  9.0910e+01
5350.1499  3.8102e+01  7.6716e+01
5351.3999  3.3870e+00  7.5444e+01
5352.6504  3.6166e+00  7.8790e+01
5353.9009  -6.9119e+01  8.0495e+01
5355.1514  -2.8875e+01  7.9248e+01
5356.4014  -3.7496e+01  8.8327e+01
5357.6519  4.7921e+01  7.9295e+01
5358.9023  1.4055e+02  8.6398e+01
5360.1523  3.9496e+01  9.2157e+01
5361.4028  2.0619e+02  8.7428e+01
5362.6533  -8.9314e-01  8.6167e+01
5363.9033  2.7169e+02  7.5264e+01
5365.1538  1.1618e+02  8.7457e+01
5366.4043  3.2161e+02  7.1390e+01
5367.6543  3.9138e+02  8.2011e+01
5368.9048  9.2762e+01  7.5653e+01
5370.1553  3.9119e+02  7.9854e+01
5371.4053  6.4565e+02  8.2721e+01
5372.6558  4.1688e+02  8.4310e+01
5373.9062  3.1810e+02  8.9138e+01
5375.1562  2.0313e+02  7.3413e+01
5376.4067  1.1631e+02  8.3510e+01
5377.6572  1.6704e+02  8.8256e+01
5378.9077  6.1519e+01  7.6863e+01
5380.1577  -9.4137e+00  9.7457e+01
5381.4082  8.2971e+01  7.9451e+01
5382.6587  -5.6656e+01  9.0474e+01
5383.9087  1.6434e+02  1.0822e+02
5385.1592  1.7751e+02  9.2265e+01
5386.4097  -1.5775e+01  7.7939e+01
5387.6597  7.8787e+01  9.1607e+01
5388.9102  1.3008e+02  7.0926e+01
5390.1606  3.5319e+00  9.1416e+01
5391.4106  1.0795e+01  8.4369e+01
5392.6611  -3.4482e+01  8.4227e+01
5393.9116  -4.3383e+01  7.7499e+01
5395.1616  -9.2526e+01  8.2088e+01
5396.4121  -4.5053e+01  9.3733e+01
5397.6626  -4.1711e+01  6.9879e+01
5398.9126  7.7046e+01  9.3379e+01
5400.1631  -3.5334e+01  8.4504e+01
5401.4136  1.2742e+02  7.1813e+01
5402.6636  5.9834e+01  8.1474e+01
5403.9141  1.6899e+02  1.0036e+02
5405.1646  1.5062e+02  8.6430e+01
5406.4150  8.1906e+01  7.9823e+01
5407.6650  -4.8475e+01  8.1722e+01
5408.9155  1.3057e+02  1.0722e+02
5410.1660  5.3495e+01  9.1323e+01
5411.4160  1.2252e+01  8.0745e+01
5412.6665  2.0977e+02  7.2469e+01
5413.9170  -1.1430e+01  8.3449e+01
5415.1670  6.1694e+01  7.9453e+01
5416.4175  -3.0047e+01  8.7563e+01
5417.6680  7.4876e+01  7.4391e+01
5418.9180  2.0130e+01  7.1121e+01
5420.1685  -4.7995e+01  8.8996e+01
5421.4189  -1.7513e+02  8.3699e+01
5422.6689  7.6368e+01  7.4082e+01
5423.9194  -8.0117e+00  8.6665e+01
5425.1699  -1.4641e+01  7.5857e+01
5426.4199  8.0301e+01  7.9092e+01
5427.6704  9.4462e+01  6.9888e+01
5428.9209  4.0946e+01  8.5571e+01
5430.1714  7.0790e+01  8.0996e+01
5431.4214  1.1672e+02  7.6617e+01
5432.6719  -4.1853e+01  7.1716e+01
5433.9224  1.1276e+02  8.1248e+01
5435.1724  -8.7707e+01  8.5057e+01
5436.4229  8.8502e+01  8.7277e+01
5437.6733  8.3673e+00  7.4189e+01
5438.9233  -3.1313e+01  8.7787e+01
5440.1738  3.2258e+01  7.0463e+01
5441.4243  2.0923e+01  7.7117e+01
5442.6743  6.3428e+01  7.9542e+01
5443.9248  1.7008e+00  8.8870e+01
5445.1753  4.6071e+01  7.9239e+01
5446.4253  -3.9125e+00  7.7796e+01
5447.6758  -7.2766e+00  8.6097e+01
5448.9263  -1.5601e+02  7.4164e+01
5450.1763  -1.3775e+02  7.4764e+01
5451.4268  1.1311e+02  8.4411e+01
5452.6772  1.4976e+01  8.9850e+01
5453.9277  6.4628e+01  7.9885e+01
5455.1777  7.3939e+01  8.4463e+01
5456.4282  3.5508e+01  8.6107e+01
5457.6787  2.8257e+02  7.9688e+01
5458.9287  1.6856e+02  7.3728e+01
5460.1792  1.0052e+02  7.8841e+01
5461.4297  8.5671e+01  8.3603e+01
