# SNR 8.8042
# Quality c
# flux_factor = 1.e-20
6901.7617  -1.0310e+02  9.6594e+01
6903.0117  -9.5153e+01  8.9881e+01
6904.2622  1.9888e+02  7.4850e+01
6905.5127  -2.5125e+01  5.3419e+01
6906.7627  9.0110e+00  4.8989e+01
6908.0132  1.2299e+02  4.8291e+01
6909.2637  -4.7317e-01  6.1604e+01
6910.5142  7.5737e+00  6.0892e+01
6911.7642  1.0498e+02  7.2590e+01
6913.0146  8.3051e+01  8.5916e+01
6914.2651  -5.1257e+01  1.0675e+02
6915.5151  -1.0200e+02  7.8786e+01
6916.7656  -5.5344e+01  5.3249e+01
6918.0161  -5.4577e+01  4.6992e+01
6919.2661  -5.5874e+01  4.8407e+01
6920.5166  -3.2603e+01  4.9536e+01
6921.7671  6.3347e+01  6.6696e+01
6923.0171  3.9315e+01  1.0782e+02
6924.2676  -1.0318e+00  1.2885e+02
6925.5181  -9.4079e+01  1.2165e+02
6926.7681  5.1253e+01  7.3838e+01
6928.0186  -7.8022e+01  6.8745e+01
6929.2690  -4.4250e+01  5.4316e+01
6930.5195  3.2599e+00  4.8695e+01
6931.7695  -5.5869e+01  4.8259e+01
6933.0200  -2.2605e+01  5.6188e+01
6934.2705  -8.5323e+01  5.2613e+01
6935.5205  -5.3475e+00  5.7035e+01
6936.7710  1.1031e+02  6.1279e+01
6938.0215  5.5614e+01  6.0453e+01
6939.2715  -5.7608e+01  7.2818e+01
6940.5220  -6.1899e+01  9.4444e+01
6941.7725  6.1476e+01  9.3875e+01
6943.0225  7.9037e+00  6.9950e+01
6944.2729  -1.4261e+02  5.1548e+01
6945.5234  -3.1168e+00  6.2499e+01
6946.7739  -5.0277e+01  6.7743e+01
6948.0239  1.1548e+02  6.1970e+01
6949.2744  1.3446e+02  1.0891e+02
6950.5249  -1.3663e+02  1.3671e+02
6951.7749  -3.2198e+01  1.0692e+02
6953.0254  -3.1635e+01  6.6743e+01
6954.2759  4.9563e+01  5.8285e+01
6955.5259  -3.3432e+01  4.8200e+01
6956.7764  1.9829e+01  5.2273e+01
6958.0269  6.2036e+00  5.9691e+01
6959.2769  -7.1906e+01  5.1486e+01
6960.5273  -1.6866e+01  6.0178e+01
6961.7778  -1.0453e+02  5.3845e+01
6963.0278  -1.4697e+01  4.8235e+01
6964.2783  -3.2454e+01  5.1528e+01
6965.5288  -1.1778e+02  5.8374e+01
6966.7793  5.0827e+00  5.5861e+01
6968.0293  -7.7106e+00  5.2971e+01
6969.2798  1.3005e+02  5.8023e+01
6970.5303  -5.4768e+01  7.4693e+01
6971.7803  -1.6931e+00  8.4278e+01
6973.0308  5.9479e+01  6.0459e+01
6974.2812  -5.1213e+01  4.9007e+01
6975.5312  -8.4816e+01  4.9185e+01
6976.7817  -9.5333e+01  5.2579e+01
6978.0322  4.1006e+01  7.4502e+01
6979.2822  2.6777e+01  1.0366e+02
6980.5327  1.0745e+00  1.0722e+02
6981.7832  -7.9773e+01  7.4406e+01
6983.0337  -9.0034e+01  5.5250e+01
6984.2837  8.5685e+00  4.9062e+01
6985.5342  6.5142e+00  5.2313e+01
6986.7847  4.6984e+01  5.0927e+01
6988.0347  3.6421e+01  5.0920e+01
6989.2852  -1.0763e+01  5.4102e+01
6990.5356  -4.8572e+01  4.9274e+01
6991.7856  -6.4490e+01  6.4900e+01
6993.0361  -5.2798e+01  5.5107e+01
6994.2866  -4.3845e+00  5.7599e+01
6995.5366  5.5031e+01  5.6641e+01
6996.7871  9.1902e+01  5.3969e+01
6998.0376  -2.8881e+01  5.1908e+01
6999.2876  8.9083e+00  5.6132e+01
7000.5381  -6.7117e+00  5.3226e+01
7001.7886  1.5824e+01  5.1216e+01
7003.0391  -3.3621e+01  5.4057e+01
7004.2891  3.3980e+01  8.2222e+01
7005.5396  -7.6794e+01  7.3559e+01
7006.7900  3.1137e+01  6.5066e+01
7008.0400  1.0097e+01  4.6237e+01
7009.2905  4.6799e+00  5.2798e+01
7010.5410  -3.1989e+00  6.1928e+01
7011.7910  7.4865e+01  7.0694e+01
7013.0415  4.9750e+01  8.8247e+01
7014.2920  4.9104e+01  7.5756e+01
7015.5420  1.1915e+02  4.7148e+01
7016.7925  2.9181e+02  4.6680e+01
7018.0430  2.4023e+02  5.0593e+01
7019.2935  2.5105e+02  5.2002e+01
7020.5435  1.1743e+02  5.8160e+01
7021.7939  1.7796e+02  5.1642e+01
7023.0444  1.3568e+02  4.8592e+01
7024.2944  6.6863e+01  5.8293e+01
7025.5449  3.9448e+01  4.4836e+01
7026.7954  -4.7775e+01  4.9855e+01
7028.0454  9.2067e+00  4.9498e+01
7029.2959  8.1468e+01  5.7653e+01
7030.5464  9.3348e-01  5.2434e+01
7031.7964  -5.7192e+01  4.7467e+01
7033.0469  -3.5721e+01  5.2335e+01
7034.2974  -2.4706e+01  5.5878e+01
7035.5474  5.0963e+01  4.4025e+01
7036.7979  -4.8407e+01  4.7161e+01
7038.0483  -6.1164e+01  4.8976e+01
7039.2988  1.0328e+02  4.5022e+01
7040.5488  2.1624e+01  4.7357e+01
7041.7993  1.8011e+01  6.7836e+01
7043.0498  -3.7935e+01  6.8117e+01
7044.2998  -6.5182e+01  5.0404e+01
7045.5503  -2.2264e+01  4.6999e+01
7046.8008  7.8373e+01  6.7932e+01
7048.0508  1.2292e+02  6.8068e+01
7049.3013  2.4797e+01  7.7931e+01
7050.5518  -1.6156e+01  7.3850e+01
7051.8018  -1.5082e+02  7.1986e+01
7053.0522  -6.8696e+01  5.7623e+01
7054.3027  1.0479e+02  6.6163e+01
7055.5532  1.4180e+02  5.3596e+01
7056.8032  -1.1543e+01  5.0233e+01
7058.0537  -3.5611e+01  4.7865e+01
7059.3042  5.8204e+00  5.8623e+01
7060.5542  5.2841e+01  5.2566e+01
7061.8047  4.4319e+01  4.8947e+01
7063.0552  -8.9757e+01  5.2339e+01
7064.3052  9.3044e+01  5.4328e+01
7065.5557  1.1544e+02  5.6214e+01
7066.8062  9.0225e+01  6.6729e+01
7068.0562  -1.2618e+02  6.5216e+01
7069.3066  2.6568e+01  5.5694e+01
7070.5571  3.9779e+01  5.4716e+01
7071.8071  9.5897e+01  6.3424e+01
7073.0576  -4.7724e+01  5.0628e+01
7074.3081  -1.9049e+01  5.2508e+01
7075.5586  7.2201e+01  5.6603e+01
7076.8086  3.1492e+01  5.6956e+01
7078.0591  1.9819e+01  4.8624e+01
7079.3096  -3.8206e+01  5.4124e+01
7080.5596  -1.2322e+02  6.1894e+01
7081.8101  -3.9484e+01  5.1700e+01
7083.0605  9.9616e+00  6.6943e+01
7084.3105  1.9116e+01  7.3483e+01
7085.5610  -3.7257e+01  5.1512e+01
7086.8115  -1.0712e+02  5.1019e+01
7088.0615  4.2711e+01  7.3985e+01
7089.3120  5.7367e+01  6.9763e+01
7090.5625  2.4378e+01  7.3853e+01
7091.8130  9.7491e+01  6.4605e+01
7093.0630  4.0212e+01  5.5699e+01
7094.3135  -9.6150e+01  4.9758e+01
7095.5640  -3.4546e+01  5.2624e+01
7096.8140  -1.6396e+01  5.7162e+01
7098.0645  -2.6299e+01  5.5747e+01
7099.3149  -4.3651e+01  5.7922e+01
7100.5649  -9.3336e+01  4.6524e+01
7101.8154  -1.3298e+01  5.0863e+01
7103.0659  -1.0827e+02  4.6267e+01
7104.3159  -6.0465e+01  4.6161e+01
7105.5664  -4.3120e+01  5.4038e+01
7106.8169  1.6514e+01  4.8383e+01
7108.0669  6.6324e+01  5.7782e+01
7109.3174  -4.2691e+01  5.8391e+01
7110.5679  -5.7125e+01  5.2135e+01
7111.8184  -7.9865e+01  4.5526e+01
7113.0684  -7.6760e+00  4.6395e+01
7114.3188  -1.5915e+02  4.9870e+01
7115.5693  6.5142e+00  4.4282e+01
7116.8193  1.4693e+01  4.5977e+01
7118.0698  3.5209e+01  5.7314e+01
7119.3203  -2.6206e+01  4.5829e+01
7120.5703  1.2948e+01  5.5167e+01
7121.8208  -5.3022e+01  6.1837e+01
7123.0713  -6.6417e+00  5.3103e+01
7124.3213  -2.6407e+01  4.6255e+01
7125.5718  -9.1580e+01  4.6552e+01
7126.8223  8.2895e+01  5.2716e+01
7128.0728  2.9570e+01  5.3110e+01
7129.3228  -1.2833e+01  7.4215e+01
7130.5732  9.6482e+01  5.1289e+01
7131.8237  3.4487e+01  5.5599e+01
7133.0737  -5.1867e+01  6.9419e+01
7134.3242  9.9180e+00  6.3674e+01
