# SNR 10.1088
# Quality c
# flux_factor = 1.e-20
6502.1055  2.0398e+01  1.4620e+02
6503.3555  -1.6150e+02  8.9720e+01
6504.6060  3.6156e+01  8.0281e+01
6505.8564  1.0818e+02  8.4770e+01
6507.1064  6.1650e+01  9.8993e+01
6508.3569  8.9285e+00  9.7068e+01
6509.6074  4.5615e+01  8.2365e+01
6510.8574  -2.7456e+01  7.7206e+01
6512.1079  -7.1878e+01  7.7282e+01
6513.3584  3.5937e+01  7.6824e+01
6514.6084  -7.7446e+01  7.8009e+01
6515.8589  1.1514e+02  8.2059e+01
6517.1094  1.1950e+02  8.3100e+01
6518.3599  2.0409e+02  7.7367e+01
6519.6099  6.4756e+01  7.5501e+01
6520.8604  2.7855e+00  7.5711e+01
6522.1108  5.4298e+01  7.6305e+01
6523.3608  2.4809e+01  8.1419e+01
6524.6113  -1.7534e+01  9.3319e+01
6525.8618  -7.4642e+01  9.1247e+01
6527.1118  -2.0751e+01  7.9950e+01
6528.3623  -2.5245e+00  7.8419e+01
6529.6128  -4.5150e+01  7.7534e+01
6530.8628  -1.0594e+02  7.6020e+01
6532.1133  2.6736e+01  7.6497e+01
6533.3638  -1.6819e+01  7.9943e+01
6534.6138  -1.3007e+02  1.2154e+02
6535.8643  -8.9536e+01  1.4265e+02
6537.1147  1.8933e+02  9.6341e+01
6538.3652  5.4650e+01  7.7690e+01
6539.6152  5.0960e+01  7.5637e+01
6540.8657  9.2162e+01  7.5830e+01
6542.1162  -4.0021e+01  7.7240e+01
6543.3662  2.5532e+01  7.9357e+01
6544.6167  -1.0030e+02  8.1915e+01
6545.8672  -2.5993e+01  9.6161e+01
6547.1172  7.2390e+01  9.8381e+01
6548.3677  2.1516e+02  8.4500e+01
6549.6182  -1.8122e+01  7.6591e+01
6550.8682  1.2859e+02  7.6961e+01
6552.1187  1.6349e+02  7.6899e+01
6553.3691  -8.4829e+00  7.7126e+01
6554.6191  3.9262e+01  9.4026e+01
6555.8696  7.1793e+01  1.4739e+02
6557.1201  -9.3969e+01  1.3711e+02
6558.3706  -1.2203e+02  8.5041e+01
6559.6206  2.4890e+01  7.4025e+01
6560.8711  -6.7569e+00  7.3729e+01
6562.1216  7.2454e+01  7.4188e+01
6563.3716  6.4493e+01  8.7475e+01
6564.6221  2.8075e+01  1.5796e+02
6565.8726  -1.0073e+01  1.6975e+02
6567.1226  1.1776e+02  9.5516e+01
6568.3730  9.2221e+00  7.5503e+01
6569.6235  -8.3138e+01  7.8375e+01
6570.8735  1.0217e+02  9.2805e+01
6572.1240  7.2653e+01  9.2933e+01
6573.3745  6.6161e+01  8.0625e+01
6574.6245  6.5389e+01  7.6549e+01
6575.8750  4.8550e+01  7.5923e+01
6577.1255  -1.7377e+01  7.6580e+01
6578.3760  -7.8747e+01  9.0745e+01
6579.6260  -6.0065e+01  1.3423e+02
6580.8765  -1.5724e+01  1.2382e+02
6582.1270  4.9728e+01  8.1681e+01
6583.3770  4.2099e+01  7.4138e+01
6584.6274  -6.4344e+01  7.6120e+01
6585.8779  3.2606e+01  7.9414e+01
6587.1279  -4.9243e+00  7.7351e+01
6588.3784  3.7437e+01  7.4611e+01
6589.6289  1.4878e+01  7.3819e+01
6590.8789  -3.3069e+01  7.3713e+01
6592.1294  5.1031e+00  7.4005e+01
6593.3799  -2.2116e+01  7.5857e+01
6594.6304  -4.7563e+01  7.4986e+01
6595.8804  -4.3925e+01  7.3721e+01
6597.1309  4.1665e+01  7.5101e+01
6598.3813  4.9488e+01  8.4207e+01
6599.6313  -2.1880e+01  8.8662e+01
6600.8818  2.2174e+01  7.9238e+01
6602.1323  -7.7010e+01  7.4529e+01
6603.3823  2.9624e+01  7.4239e+01
6604.6328  1.2815e+02  7.7960e+01
6605.8833  1.2494e+02  9.4400e+01
6607.1333  1.5994e+02  1.0027e+02
6608.3838  3.4334e+01  8.5699e+01
6609.6343  1.8775e+02  7.3969e+01
6610.8843  4.0849e+02  7.3366e+01
6612.1348  4.9306e+02  7.3915e+01
6613.3853  3.0825e+02  7.3906e+01
6614.6357  2.6155e+02  7.3337e+01
6615.8857  1.0615e+02  7.2687e+01
6617.1362  1.7183e+02  7.3508e+01
6618.3867  1.1541e+02  7.3199e+01
6619.6367  1.0043e+02  7.2875e+01
6620.8872  -7.4952e+00  7.3193e+01
6622.1377  3.8493e+01  7.3796e+01
6623.3877  -8.8522e+00  7.3846e+01
6624.6382  -1.2925e+01  7.3117e+01
6625.8887  6.2207e+01  7.3345e+01
6627.1387  6.8431e+01  7.3662e+01
6628.3892  -5.8293e+01  7.4365e+01
6629.6396  -3.3116e+01  7.9108e+01
6630.8896  -9.5454e+01  8.0525e+01
6632.1401  3.8656e+01  7.5177e+01
6633.3906  1.2025e+02  7.3862e+01
6634.6411  8.4781e+01  7.3991e+01
6635.8911  6.1488e+01  8.1900e+01
6637.1416  1.3918e+02  8.6796e+01
6638.3921  1.1126e+02  7.9133e+01
6639.6421  -1.0704e+01  7.3721e+01
6640.8926  -5.6707e+01  7.3812e+01
6642.1431  8.5371e+01  7.3713e+01
6643.3931  4.6081e+01  7.3354e+01
6644.6436  -3.5875e+01  7.2992e+01
6645.8940  3.1940e+01  7.2158e+01
6647.1440  7.6201e+01  7.2044e+01
6648.3945  2.4929e+01  7.2299e+01
6649.6450  -1.2162e+01  7.2527e+01
6650.8950  2.9688e+01  7.2562e+01
6652.1455  2.7538e+01  7.3618e+01
6653.3960  -1.3294e+02  7.4306e+01
6654.6465  3.0226e+00  7.3066e+01
6655.8965  9.5048e+01  7.2275e+01
6657.1470  7.4375e+01  7.1759e+01
6658.3975  5.8249e+01  7.2743e+01
6659.6475  1.2752e+02  7.2042e+01
6660.8979  1.7809e+02  7.2473e+01
6662.1484  5.1761e+01  7.2574e+01
6663.3984  -2.7860e+01  7.4153e+01
6664.6489  7.2216e+01  7.5111e+01
6665.8994  -4.0307e+01  7.3435e+01
6667.1494  4.7619e+01  7.3067e+01
6668.3999  -3.1212e+01  7.3686e+01
6669.6504  7.1446e+01  7.7237e+01
6670.9009  -5.6195e+01  7.8480e+01
6672.1509  -8.5597e+01  7.3825e+01
6673.4014  4.3875e+01  7.2167e+01
6674.6519  2.3756e+01  7.1507e+01
6675.9019  -7.9629e+01  7.2088e+01
6677.1523  -1.7646e+01  7.1585e+01
6678.4028  8.6135e+01  7.1443e+01
6679.6528  6.4899e+01  7.1434e+01
6680.9033  -7.7605e+00  7.2370e+01
6682.1538  -1.4481e+01  7.1517e+01
6683.4038  5.5946e+01  7.1677e+01
6684.6543  -4.9564e+01  7.1342e+01
6685.9048  8.9371e+01  7.1424e+01
6687.1548  1.8156e+01  7.2158e+01
6688.4053  7.1962e+01  7.2381e+01
6689.6558  6.1094e+01  7.2296e+01
6690.9062  -5.2005e+01  7.2161e+01
6692.1562  1.0547e+01  7.1877e+01
6693.4067  7.9311e+01  7.0950e+01
6694.6572  -2.6332e+01  7.1148e+01
6695.9072  -6.0807e+01  7.1243e+01
6697.1577  -1.5345e+02  7.1208e+01
6698.4082  -2.8307e+01  7.1267e+01
6699.6582  -5.8962e+01  7.1202e+01
6700.9087  -1.0437e+01  7.4491e+01
6702.1592  1.3876e+02  7.5383e+01
6703.4092  -1.7141e+01  7.3470e+01
6704.6597  4.1336e+01  7.2154e+01
6705.9102  1.0014e+02  7.3331e+01
6707.1602  8.4378e+01  7.4346e+01
6708.4106  2.2483e+01  7.2404e+01
6709.6611  -2.9886e+01  7.1615e+01
6710.9116  -1.8758e+01  7.1987e+01
6712.1616  3.2079e+01  7.1595e+01
6713.4121  6.2064e+00  7.1872e+01
6714.6626  -6.9201e+01  7.1173e+01
6715.9126  -1.8917e+01  7.0983e+01
6717.1631  2.0835e+01  7.2027e+01
6718.4136  6.8891e+01  7.5540e+01
6719.6636  9.1174e+00  7.5003e+01
6720.9141  1.1342e+01  7.2335e+01
