# SNR 9.5205
# Quality c
# flux_factor = 1.e-20
5908.1431  -1.5636e+02  8.0909e+01
5909.3936  -3.5065e+01  8.3578e+01
5910.6440  3.2371e+00  7.7324e+01
5911.8940  6.5975e+01  7.4862e+01
5913.1445  -4.9874e+01  7.4877e+01
5914.3950  3.1512e+01  7.4971e+01
5915.6450  -7.3600e+01  8.0273e+01
5916.8955  -1.4203e+02  9.4606e+01
5918.1460  -1.2693e+02  9.6907e+01
5919.3960  -1.5226e+00  8.1743e+01
5920.6465  4.9376e+01  7.4721e+01
5921.8970  -1.2313e+02  7.3996e+01
5923.1470  2.5289e+01  7.4545e+01
5924.3975  3.4132e+01  7.5240e+01
5925.6479  1.1663e+02  7.9871e+01
5926.8984  5.8440e+01  8.5619e+01
5928.1484  -2.0437e+01  8.1395e+01
5929.3989  1.5087e+00  7.5125e+01
5930.6494  1.0355e+01  7.4422e+01
5931.8994  2.1465e+01  7.4377e+01
5933.1499  -7.3546e+01  7.9320e+01
5934.4004  5.1315e+01  9.0427e+01
5935.6504  5.8728e+01  1.1426e+02
5936.9009  4.8837e+01  8.2002e+01
5938.1514  -1.3534e+01  7.4085e+01
5939.4014  3.2660e+00  7.3303e+01
5940.6519  -1.1187e+02  7.2875e+01
5941.9023  -6.8671e+01  7.2633e+01
5943.1523  -2.0532e+01  7.2705e+01
5944.4028  -6.5774e+01  7.2729e+01
5945.6533  -5.7311e+01  7.3288e+01
5946.9033  -1.4121e+01  7.8578e+01
5948.1538  -4.3827e+01  8.3189e+01
5949.4043  -8.5672e+01  7.8461e+01
5950.6548  -5.0058e+01  7.3445e+01
5951.9048  4.4734e+01  7.3091e+01
5953.1553  1.0245e+01  7.4155e+01
5954.4058  6.9555e+01  8.5630e+01
5955.6558  9.6931e+01  9.6034e+01
5956.9062  1.4616e+01  8.7852e+01
5958.1567  -4.9838e+01  7.3807e+01
5959.4067  3.2436e+01  7.2332e+01
5960.6572  -1.0709e-01  7.2043e+01
5961.9077  -3.2049e+01  7.1970e+01
5963.1577  1.3854e+01  7.2429e+01
5964.4082  1.6188e+01  7.1750e+01
5965.6587  1.3702e+01  7.2153e+01
5966.9087  -2.3533e+01  7.2093e+01
5968.1592  3.8098e+01  7.2238e+01
5969.4097  4.3528e+01  7.2112e+01
5970.6602  3.4893e+01  7.3348e+01
5971.9102  -1.9505e+01  7.8129e+01
5973.1606  -5.4004e+01  7.9008e+01
5974.4111  3.7147e+01  7.3993e+01
5975.6611  4.0495e+01  7.2175e+01
5976.9116  -7.9856e+01  7.2984e+01
5978.1621  1.3669e+01  8.0837e+01
5979.4121  1.1452e+02  8.7028e+01
5980.6626  8.6087e+01  8.0049e+01
5981.9131  -2.9437e-01  7.3236e+01
5983.1631  6.0346e+01  7.2210e+01
5984.4136  -2.1720e+01  7.1241e+01
5985.6641  -1.9915e+01  7.1615e+01
5986.9141  1.6184e+01  7.1276e+01
5988.1646  5.2840e+01  7.1386e+01
5989.4150  -2.7899e+01  7.0889e+01
5990.6655  -2.3891e+01  7.0744e+01
5991.9155  5.4135e+01  7.0952e+01
5993.1660  1.9317e+02  7.0765e+01
5994.4165  1.2106e+02  7.0452e+01
5995.6665  2.9677e+00  7.0102e+01
5996.9170  6.9949e+01  7.0579e+01
5998.1675  -3.7913e+01  7.1159e+01
5999.4175  -1.2304e+01  7.3640e+01
6000.6680  -6.1530e+00  7.3998e+01
6001.9185  8.8104e+01  7.1776e+01
6003.1685  -9.4741e+01  7.0552e+01
6004.4189  -4.2387e+01  7.2164e+01
6005.6694  1.6772e+02  7.8138e+01
6006.9194  3.2748e+02  7.7298e+01
6008.1699  3.6119e+02  7.1713e+01
6009.4204  2.4734e+02  6.8700e+01
6010.6704  2.5124e+02  6.8863e+01
6011.9209  2.0831e+02  6.9334e+01
6013.1714  1.0755e+02  6.9709e+01
6014.4219  1.1140e+02  6.9715e+01
6015.6719  2.7367e+00  6.9327e+01
6016.9224  -2.3254e+01  6.9661e+01
6018.1729  7.9001e+01  6.8648e+01
6019.4229  4.9138e+01  6.8917e+01
6020.6733  1.2255e+02  6.8996e+01
6021.9238  6.7484e+00  6.8823e+01
6023.1738  2.2985e+01  6.8027e+01
6024.4243  -4.3219e+00  6.8030e+01
6025.6748  5.0814e+01  6.8363e+01
6026.9248  5.5410e+01  6.9187e+01
6028.1753  -1.5445e+01  6.9446e+01
6029.4258  3.1928e-01  6.9898e+01
6030.6758  5.8217e+01  7.1009e+01
6031.9263  -1.0588e+02  6.9708e+01
6033.1768  -9.2623e+01  6.8501e+01
6034.4272  -7.4304e+00  7.0032e+01
6035.6772  5.2808e+01  7.2514e+01
6036.9277  -2.6343e+01  7.2326e+01
6038.1782  -9.8413e+01  6.9753e+01
6039.4282  1.5635e+01  6.8297e+01
6040.6787  2.2452e+01  6.7892e+01
6041.9292  4.6014e+01  6.7966e+01
6043.1792  3.9823e+00  6.8716e+01
6044.4297  -7.2935e+00  6.8407e+01
6045.6802  -8.0329e+01  6.7596e+01
6046.9302  -3.1391e+01  6.7628e+01
6048.1807  -5.4576e+01  6.8230e+01
6049.4312  1.0744e+01  6.7700e+01
6050.6812  -3.8122e+00  6.7786e+01
6051.9316  -4.3314e+01  6.7883e+01
6053.1821  -2.7718e+01  6.7980e+01
6054.4326  -4.3018e+01  6.7842e+01
6055.6826  -3.2564e+01  6.7634e+01
6056.9331  -1.9704e+01  6.7761e+01
6058.1836  7.7509e-01  6.7263e+01
6059.4336  -8.4434e+01  6.7857e+01
6060.6841  -5.3422e+01  6.7786e+01
6061.9346  -1.0148e+02  6.7467e+01
6063.1846  5.7258e+00  6.8023e+01
6064.4351  8.3750e+01  6.9052e+01
6065.6855  6.3319e+01  6.8259e+01
6066.9355  -3.1475e+01  6.7094e+01
6068.1860  9.3523e+01  6.7514e+01
6069.4365  5.4191e+00  6.9880e+01
6070.6865  -3.6815e+01  6.9308e+01
6071.9370  8.7132e+00  6.7764e+01
6073.1875  -7.9879e+01  6.6849e+01
6074.4375  -1.5707e+01  6.6797e+01
6075.6880  7.9231e+01  6.6706e+01
6076.9385  -1.5779e+01  6.7305e+01
6078.1890  -2.3166e+01  6.6337e+01
6079.4390  -3.8300e+01  6.6558e+01
6080.6895  1.3193e+01  6.6051e+01
6081.9399  -8.0314e+01  6.6321e+01
6083.1899  1.6961e+01  6.6579e+01
6084.4404  -2.2831e+01  6.6322e+01
6085.6909  7.0146e+00  6.6054e+01
6086.9409  -3.3391e+01  6.6365e+01
6088.1914  8.9753e+00  6.5803e+01
6089.4419  9.2354e+01  6.6206e+01
6090.6919  2.6708e+01  6.6346e+01
6091.9424  -6.1070e+00  6.5948e+01
6093.1929  -1.4008e+01  6.5905e+01
6094.4429  -1.9065e+01  6.5708e+01
6095.6934  6.3802e+01  6.5922e+01
6096.9438  -1.0010e+01  6.6412e+01
6098.1943  1.4899e+02  6.7278e+01
6099.4443  7.2258e+01  6.6646e+01
6100.6948  -7.0006e+01  6.7423e+01
6101.9453  5.8612e+01  6.7598e+01
6103.1953  1.8922e+01  6.6813e+01
6104.4458  2.8097e+01  6.5256e+01
6105.6963  3.3893e+01  6.6266e+01
6106.9463  1.7882e+01  6.7213e+01
