# SNR 8.5337
# Quality c
# flux_factor = 1.e-20
4781.0820  1.3714e+02  1.1828e+02
4782.3325  1.6744e+02  8.3494e+01
4783.5825  1.2821e+02  9.3230e+01
4784.8330  1.5883e+02  1.0483e+02
4786.0835  -7.2463e+00  1.0489e+02
4787.3335  3.0784e+01  1.0263e+02
4788.5840  1.5150e+02  9.8436e+01
4789.8345  6.0415e+01  1.1252e+02
4791.0845  -3.3609e+01  9.4469e+01
4792.3350  4.9228e+01  9.9458e+01
4793.5854  2.5815e+02  1.3103e+02
4794.8354  3.3475e+01  1.1541e+02
4796.0859  7.0312e+01  1.1570e+02
4797.3364  -7.7041e+01  1.0279e+02
4798.5864  -1.4486e+02  1.0309e+02
4799.8369  -1.4604e+02  9.8278e+01
4801.0874  4.2837e+01  1.1904e+02
4802.3374  -1.0299e+00  9.7810e+01
4803.5879  -5.0680e+01  9.3056e+01
4804.8384  9.2503e+01  1.2550e+02
4806.0884  2.2018e+02  1.0443e+02
4807.3389  1.8693e+01  8.8768e+01
4808.5894  -2.1035e+01  1.0120e+02
4809.8398  8.0520e+01  9.7070e+01
4811.0898  -1.4145e+01  8.7690e+01
4812.3403  2.0235e+01  1.1412e+02
4813.5908  -1.1678e+02  8.6145e+01
4814.8408  -1.4522e+02  8.7246e+01
4816.0913  1.8393e+02  9.1041e+01
4817.3418  3.1896e+01  1.0153e+02
4818.5918  -7.6040e+01  9.8651e+01
4819.8423  1.5071e+01  9.8447e+01
4821.0928  -3.6891e+01  1.1574e+02
4822.3428  -1.1890e+02  1.1181e+02
4823.5933  1.7804e+02  8.6057e+01
4824.8438  1.5595e+02  1.0079e+02
4826.0938  4.6972e+01  1.2439e+02
4827.3442  4.4471e+01  9.5808e+01
4828.5947  -1.2334e+02  1.0774e+02
4829.8447  2.3818e+01  9.6937e+01
4831.0952  3.5364e+01  8.5842e+01
4832.3457  -7.6059e+01  1.1710e+02
4833.5957  -1.9269e+02  1.0282e+02
4834.8462  -3.5016e+01  9.5899e+01
4836.0967  -2.5196e+01  1.0492e+02
4837.3467  -2.3448e+02  9.2847e+01
4838.5972  5.8978e+01  8.7529e+01
4839.8477  6.9900e+01  1.0114e+02
4841.0977  -2.4028e+01  9.3406e+01
4842.3481  -8.7113e+01  1.1316e+02
4843.5986  -1.0537e+01  1.0369e+02
4844.8491  1.7525e+01  1.1229e+02
4846.0991  1.0650e+02  1.0115e+02
4847.3496  1.8654e+01  1.0085e+02
4848.6001  1.0468e+02  9.3116e+01
4849.8501  -2.8999e+01  9.0471e+01
4851.1006  4.5015e+01  8.7487e+01
4852.3511  1.6187e+02  9.7388e+01
4853.6011  5.5504e+01  8.7736e+01
4854.8516  5.2414e+01  8.8000e+01
4856.1021  9.0117e+00  8.8365e+01
4857.3521  8.1225e+01  9.5941e+01
4858.6025  1.1834e+02  8.9294e+01
4859.8530  3.2332e+02  1.0234e+02
4861.1030  5.5277e+02  1.0600e+02
4862.3535  7.7110e+02  1.0189e+02
4863.6040  4.8689e+02  7.7817e+01
4864.8540  4.3389e+02  9.8423e+01
4866.1045  3.8122e+02  9.8832e+01
4867.3550  2.9524e+02  1.0656e+02
4868.6050  2.9836e+02  8.2978e+01
4869.8555  1.9836e+02  9.0827e+01
4871.1060  -3.9898e+01  9.8123e+01
4872.3560  1.3549e+02  8.7204e+01
4873.6064  6.2977e+01  8.3456e+01
4874.8569  4.3092e+01  9.0840e+01
4876.1074  2.2795e+01  8.0293e+01
4877.3574  -5.2429e+00  9.0485e+01
4878.6079  -3.1240e+01  9.5330e+01
4879.8584  9.0632e+01  7.3843e+01
4881.1084  1.6639e+02  8.9750e+01
4882.3589  2.2140e+02  8.2280e+01
4883.6094  1.0147e+02  9.1255e+01
4884.8594  6.6698e+00  8.9852e+01
4886.1099  -1.0417e+02  9.7278e+01
4887.3604  3.6262e+01  9.3013e+01
4888.6104  1.4339e+02  7.8132e+01
4889.8608  7.9919e+01  8.8138e+01
4891.1113  1.7027e+02  1.0245e+02
4892.3613  9.4010e+01  1.1358e+02
4893.6118  3.9054e+01  9.3394e+01
4894.8623  6.8179e+01  9.5764e+01
4896.1123  1.2401e+02  9.1477e+01
4897.3628  9.6041e+01  7.4401e+01
4898.6133  1.1198e+02  8.2078e+01
4899.8633  2.3753e+01  9.6552e+01
4901.1138  6.5844e+01  8.0460e+01
4902.3643  -5.5086e+01  8.7021e+01
4903.6143  1.5442e+02  7.8671e+01
4904.8647  -1.0376e+00  8.8684e+01
4906.1152  9.5224e+00  7.6244e+01
4907.3657  1.8983e+02  8.6901e+01
4908.6157  8.7028e+01  8.2107e+01
4909.8662  8.8316e+01  9.0192e+01
4911.1167  -4.4251e+01  8.5284e+01
4912.3667  2.0960e+02  9.2354e+01
4913.6172  1.5917e+02  9.8695e+01
4914.8677  8.2004e+01  9.2645e+01
4916.1177  1.6288e+02  8.1252e+01
4917.3682  3.3646e+00  8.7318e+01
4918.6187  2.0557e+02  7.1932e+01
4919.8687  4.3368e+01  7.5817e+01
4921.1191  1.4022e+02  9.1262e+01
4922.3696  -1.1921e+02  8.3903e+01
4923.6196  -1.7876e+01  7.8438e+01
4924.8701  5.8718e+01  8.3988e+01
4926.1206  -4.4055e+01  7.9197e+01
4927.3706  1.1463e+02  9.4923e+01
4928.6211  2.6416e+01  8.8314e+01
4929.8716  -9.9783e+01  8.6301e+01
4931.1216  -4.0587e+01  8.1775e+01
4932.3721  6.4954e+01  7.7983e+01
4933.6226  5.6586e+01  7.8309e+01
4934.8726  1.7584e+02  7.5998e+01
4936.1230  -4.6611e+01  7.1989e+01
4937.3735  4.9384e+01  8.5310e+01
4938.6240  7.2244e+01  9.0568e+01
4939.8740  3.4331e+01  1.0627e+02
4941.1245  2.0623e+02  8.4247e+01
4942.3750  7.0011e+01  7.2263e+01
