# SNR 10.2327
# Quality c
# flux_factor = 1.e-20
5779.0034  7.1687e+01  9.7523e+01
5780.2539  7.5712e+01  1.0133e+02
5781.5044  3.1091e+01  9.3678e+01
5782.7544  -2.7827e+01  7.5344e+01
5784.0049  -5.2028e+01  8.0185e+01
5785.2554  1.1854e+02  9.6635e+01
5786.5059  4.5060e+01  7.4874e+01
5787.7559  3.6520e+00  9.0715e+01
5789.0063  2.0426e+01  1.0402e+02
5790.2568  6.1127e+01  8.6388e+01
5791.5068  6.6365e+01  7.9233e+01
5792.7573  5.9104e+00  7.6359e+01
5794.0078  4.2236e+01  8.6552e+01
5795.2578  8.7896e+01  8.1354e+01
5796.5083  -3.7943e+01  9.3281e+01
5797.7588  -1.1659e+02  9.2688e+01
5799.0088  1.3225e+01  8.4363e+01
5800.2593  -4.2744e+01  8.3385e+01
5801.5098  -7.5253e+01  8.0891e+01
5802.7598  -6.4642e+00  8.9882e+01
5804.0103  1.5669e+02  9.7191e+01
5805.2607  -1.2740e+02  8.5135e+01
5806.5112  7.9302e+01  9.6268e+01
5807.7612  -4.3763e+01  8.3259e+01
5809.0117  2.8509e+00  9.4916e+01
5810.2622  9.5213e+00  9.2647e+01
5811.5122  5.8459e+01  8.4645e+01
5812.7627  -2.8228e+01  7.6910e+01
5814.0132  -4.4760e+01  9.1176e+01
5815.2632  7.0063e+01  7.5564e+01
5816.5137  1.4989e+02  8.8001e+01
5817.7642  2.3035e+01  9.3028e+01
5819.0142  -8.8990e+01  9.0135e+01
5820.2646  -1.2658e+02  8.5134e+01
5821.5151  -5.9397e+01  1.0181e+02
5822.7651  -8.9897e+01  7.6257e+01
5824.0156  -4.7956e+01  9.3105e+01
5825.2661  6.7538e+01  1.0400e+02
5826.5161  1.4754e+00  8.4664e+01
5827.7666  9.0662e+01  8.8323e+01
5829.0171  1.0475e+02  8.7948e+01
5830.2676  -3.0022e+01  9.0049e+01
5831.5176  2.7386e+01  8.8462e+01
5832.7681  -1.7266e+02  7.8131e+01
5834.0186  -2.7319e+01  7.6457e+01
5835.2686  3.5382e+01  9.2291e+01
5836.5190  6.7003e+01  8.1423e+01
5837.7695  2.0649e+02  7.3967e+01
5839.0195  8.4129e+01  8.4950e+01
5840.2700  -9.2664e+01  8.2127e+01
5841.5205  2.7533e+01  9.6214e+01
5842.7705  3.2316e+01  7.3661e+01
5844.0210  -1.0626e+02  9.7028e+01
5845.2715  -2.1459e+01  1.0711e+02
5846.5215  8.0515e+01  9.2810e+01
5847.7720  -7.4450e+01  8.5406e+01
5849.0225  3.5510e+01  8.9415e+01
5850.2729  -3.3123e+01  8.9748e+01
5851.5229  3.9346e+01  8.6945e+01
5852.7734  -3.8803e+01  8.0762e+01
5854.0239  -1.9026e+01  8.9686e+01
5855.2739  8.5898e+00  8.1737e+01
5856.5244  1.6986e+02  7.7436e+01
5857.7749  8.5067e-01  7.6941e+01
5859.0249  -2.2088e+01  9.2139e+01
5860.2754  2.7055e+01  7.7509e+01
5861.5259  7.7337e+00  7.2717e+01
5862.7759  -1.0213e+01  8.5658e+01
5864.0264  9.1983e+01  8.9795e+01
5865.2769  1.3547e+02  8.2875e+01
5866.5269  1.8287e+02  1.0387e+02
5867.7773  -1.2878e+00  1.1537e+02
5869.0278  1.2752e+02  1.2355e+02
5870.2778  3.2211e+02  1.0245e+02
5871.5283  8.8907e+01  8.6074e+01
5872.7788  2.9839e+02  1.1032e+02
5874.0293  6.5503e+02  1.0748e+02
5875.2793  7.5302e+02  9.5063e+01
5876.5298  6.3032e+02  8.9153e+01
5877.7803  4.1560e+02  9.9598e+01
5879.0303  1.0239e+02  7.6547e+01
5880.2808  4.9660e+01  7.8653e+01
5881.5312  -2.8263e+01  8.3463e+01
5882.7812  6.4325e+01  8.2245e+01
5884.0317  1.5311e+02  9.0581e+01
5885.2822  -1.1127e+02  7.8371e+01
5886.5322  -6.5142e+01  9.2240e+01
5887.7827  1.5661e+02  1.3610e+02
5889.0332  -1.6472e+01  1.4050e+02
5890.2832  7.3232e+01  2.0277e+02
5891.5337  -6.5543e+01  2.1970e+02
5892.7842  9.8835e+01  1.5885e+02
5894.0342  1.0501e+02  1.2647e+02
5895.2847  -7.5307e+00  1.1654e+02
5896.5352  1.7827e+01  1.6707e+02
5897.7856  1.4465e+02  1.7114e+02
5899.0356  -1.4223e-01  1.1769e+02
5900.2861  6.5672e+01  9.3113e+01
5901.5366  -1.3512e+01  7.8241e+01
5902.7866  1.1563e+02  8.5706e+01
5904.0371  3.5143e+01  9.7926e+01
5905.2876  -1.2458e+02  8.6699e+01
5906.5376  -4.3592e+01  1.0104e+02
5907.7881  -1.1758e+00  9.7691e+01
5909.0386  -5.4213e+01  1.0699e+02
5910.2886  -6.9169e+01  1.0348e+02
5911.5391  9.4263e+01  8.3140e+01
5912.7896  1.2227e+02  8.1978e+01
5914.0396  -6.6155e+01  9.2524e+01
5915.2900  1.7679e+01  1.0298e+02
5916.5405  2.8491e+01  1.2250e+02
5917.7910  -1.9979e+01  1.3429e+02
5919.0410  2.5553e+01  1.2514e+02
5920.2915  8.3241e+01  1.0497e+02
5921.5420  -2.1232e+01  8.4715e+01
5922.7920  -6.0152e+01  1.0498e+02
5924.0425  -7.4126e+01  8.4817e+01
5925.2930  -5.6396e+01  1.1922e+02
5926.5430  4.6219e+00  1.1957e+02
5927.7935  1.4411e+02  8.5240e+01
5929.0439  1.4909e+02  7.8269e+01
5930.2939  -8.8620e+01  9.2767e+01
5931.5444  -5.3415e+01  8.5809e+01
5932.7949  -2.3483e+02  1.1109e+02
5934.0449  -1.8894e+01  1.2972e+02
5935.2954  -9.1994e+01  1.1678e+02
5936.5459  -1.1118e+02  1.0265e+02
5937.7964  -1.4032e+02  1.0026e+02
5939.0464  -6.9857e+01  7.7676e+01
5940.2969  -5.2114e+01  8.5083e+01
5941.5474  9.0516e+01  7.9784e+01
5942.7974  6.0670e+01  8.0635e+01
5944.0479  -2.9821e+01  7.5390e+01
5945.2983  1.4069e+02  8.8304e+01
5946.5483  7.5353e+01  1.0628e+02
5947.7988  -7.3722e+01  1.1060e+02
5949.0493  1.7235e+01  1.0473e+02
5950.2993  -1.9753e+01  9.4397e+01
5951.5498  -9.8187e+00  8.9330e+01
5952.8003  -2.7422e+01  9.6583e+01
5954.0503  1.7918e+02  1.2948e+02
5955.3008  -5.0848e+01  1.1816e+02
5956.5513  -3.0371e+01  1.2220e+02
5957.8013  1.7038e+01  8.8795e+01
5959.0518  1.1543e+02  9.0158e+01
5960.3022  -1.1519e+02  9.2753e+01
5961.5527  -2.9524e+01  9.6599e+01
5962.8027  5.9332e+01  9.2737e+01
5964.0532  -4.8250e+01  7.3733e+01
5965.3037  1.8944e+02  8.4185e+01
5966.5537  4.1055e+01  7.9847e+01
5967.8042  1.0281e+02  7.4352e+01
5969.0547  8.3222e+01  7.3455e+01
5970.3047  1.2525e+02  8.0013e+01
5971.5552  -3.9011e+01  9.5538e+01
5972.8057  -1.4090e+02  8.7513e+01
