# SNR 10.4031
# Quality c
# flux_factor = 1.e-20
6121.3564  9.9205e+01  8.0036e+01
6122.6069  9.1834e+00  7.9691e+01
6123.8574  6.3409e+01  7.9015e+01
6125.1074  8.4706e+01  8.0913e+01
6126.3579  4.2873e+01  8.0655e+01
6127.6084  -1.4708e+01  8.0198e+01
6128.8584  8.6179e+01  8.0717e+01
6130.1089  9.9709e+01  8.1031e+01
6131.3594  -7.3476e+00  8.0271e+01
6132.6094  -4.9191e+01  8.0726e+01
6133.8599  1.3335e+02  8.0451e+01
6135.1104  1.0372e+02  8.0725e+01
6136.3604  -6.2779e+00  8.3795e+01
6137.6108  -7.0951e+01  8.6820e+01
6138.8613  5.2428e+01  8.8771e+01
6140.1118  8.8827e+01  9.2830e+01
6141.3618  1.5097e+01  8.9325e+01
6142.6123  1.4614e+02  8.4070e+01
6143.8628  4.2103e+01  8.9145e+01
6145.1128  -7.8424e+01  9.6379e+01
6146.3633  8.1796e+01  8.9726e+01
6147.6138  1.6769e+01  8.1744e+01
6148.8638  -5.0312e+01  8.0395e+01
6150.1143  -3.7193e+01  8.0608e+01
6151.3647  4.4657e+01  8.3087e+01
6152.6147  1.0679e+02  8.2594e+01
6153.8652  5.2516e+00  8.0237e+01
6155.1157  3.8542e+01  8.2000e+01
6156.3657  1.7998e+02  8.6654e+01
6157.6162  9.9945e+01  9.2674e+01
6158.8667  -5.6420e+00  9.2138e+01
6160.1172  8.1389e+01  8.5293e+01
6161.3672  1.4122e+01  8.0177e+01
6162.6177  1.2885e+02  7.8835e+01
6163.8682  9.5697e+01  7.7749e+01
6165.1182  2.3078e+02  7.8649e+01
6166.3687  1.6654e+02  7.9094e+01
6167.6191  8.2213e+01  7.8464e+01
6168.8691  2.5030e+01  8.0676e+01
6170.1196  8.4305e+01  9.2969e+01
6171.3701  1.2147e+02  1.0553e+02
6172.6201  -2.9282e+00  9.5231e+01
6173.8706  -2.6838e+01  8.0708e+01
6175.1211  6.6206e+01  8.0434e+01
6176.3711  6.7005e+01  8.5782e+01
6177.6216  9.4171e+01  8.5486e+01
6178.8721  6.0668e+01  8.0108e+01
6180.1226  -2.5749e+01  7.7958e+01
6181.3726  3.1634e+01  7.7601e+01
6182.6230  8.7747e+01  7.8067e+01
6183.8735  5.6263e+01  7.9158e+01
6185.1235  9.0317e+01  8.1699e+01
6186.3740  6.6218e+01  8.0739e+01
6187.6245  2.0712e+01  7.8109e+01
6188.8745  9.1460e+01  7.8959e+01
6190.1250  2.5976e+01  7.9231e+01
6191.3755  -4.9962e+01  7.7831e+01
6192.6255  9.8701e+01  8.0247e+01
6193.8760  1.0996e+02  8.4540e+01
6195.1265  4.0914e+01  8.0408e+01
6196.3765  -1.9358e+01  7.7576e+01
6197.6270  1.5242e+02  7.7653e+01
6198.8774  1.7544e+02  7.7273e+01
6200.1279  6.5242e+01  7.6757e+01
6201.3779  6.4686e+01  8.0116e+01
6202.6284  5.8901e+01  9.4404e+01
6203.8789  6.1757e+01  9.9674e+01
6205.1289  -2.8768e+01  8.6638e+01
6206.3794  1.4460e+02  7.7896e+01
6207.6299  2.6632e+01  7.8028e+01
6208.8799  -2.1561e+01  7.7508e+01
6210.1304  3.4163e+01  7.7752e+01
6211.3809  4.1728e+01  7.7762e+01
6212.6309  -3.0113e+01  8.2286e+01
6213.8813  6.7104e+01  8.6454e+01
6215.1318  1.6723e+02  8.2276e+01
6216.3818  1.2992e+02  7.7756e+01
6217.6323  6.1782e+01  7.7111e+01
6218.8828  6.5553e+01  7.7463e+01
6220.1333  1.7942e+02  7.9064e+01
6221.3833  1.7175e+02  9.1966e+01
6222.6338  2.5068e+02  1.0263e+02
6223.8843  3.9571e+02  9.1574e+01
6225.1343  5.2926e+02  7.8391e+01
6226.3848  3.5997e+02  7.6918e+01
6227.6353  2.7026e+02  7.6309e+01
6228.8853  2.9500e+02  7.6446e+01
6230.1357  1.8695e+02  7.6283e+01
6231.3862  2.5550e+01  7.6600e+01
6232.6362  1.8118e+02  8.0573e+01
6233.8867  5.5833e+01  9.7932e+01
6235.1372  1.1604e+02  1.2723e+02
6236.3872  1.0277e+02  1.4052e+02
6237.6377  5.5672e+01  1.3439e+02
6238.8882  8.4917e+01  1.0528e+02
6240.1387  -4.0593e+01  9.4181e+01
6241.3887  1.1145e+02  9.9626e+01
6242.6392  2.1327e+01  1.0059e+02
6243.8896  5.0174e+01  9.9504e+01
6245.1396  1.2236e+02  9.2887e+01
6246.3901  1.1532e+02  8.0753e+01
6247.6406  8.9827e+01  7.9789e+01
6248.8906  2.0930e+01  8.3232e+01
6250.1411  8.5286e+00  7.8831e+01
6251.3916  1.8437e+02  7.6462e+01
6252.6416  8.5165e+01  7.5273e+01
6253.8921  1.3903e+02  7.4703e+01
6255.1426  9.2479e+01  7.6762e+01
6256.3926  1.2389e+02  8.8170e+01
6257.6431  1.0495e+02  1.2183e+02
6258.8936  3.1489e+01  1.7896e+02
6260.1440  -6.8278e+01  1.1634e+02
6261.3940  9.1815e+01  8.4623e+01
6262.6445  1.2932e+02  8.2560e+01
6263.8950  7.5708e+01  8.4574e+01
6265.1450  6.6180e+01  1.0061e+02
6266.3955  -5.5104e+01  1.0593e+02
6267.6460  4.3866e+01  9.1214e+01
6268.8960  -2.9412e+01  8.6138e+01
6270.1465  1.0402e+02  8.3143e+01
6271.3970  2.7837e+01  7.6923e+01
6272.6470  8.8097e+01  7.7259e+01
6273.8975  -6.2263e+01  7.8485e+01
6275.1479  1.4575e+02  8.2348e+01
6276.3979  6.4801e+01  8.9918e+01
6277.6484  2.6879e+01  9.2794e+01
6278.8989  1.1789e+02  9.4306e+01
6280.1494  7.6896e+01  8.5658e+01
6281.3994  -2.9803e+01  7.7884e+01
6282.6499  3.0255e+00  7.6733e+01
6283.9004  5.6632e+01  7.7363e+01
6285.1504  2.1858e+01  7.8309e+01
6286.4009  1.7430e+02  9.4561e+01
6287.6514  1.2564e+01  1.3183e+02
6288.9014  4.8623e+01  1.3509e+02
6290.1519  1.2372e+02  9.9346e+01
6291.4023  8.0033e+01  8.0253e+01
6292.6523  4.9720e+01  7.6929e+01
6293.9028  5.3920e+01  7.5856e+01
6295.1533  1.8055e+01  7.6885e+01
6296.4033  -2.6696e+01  8.2448e+01
6297.6538  -6.0549e+00  1.0180e+02
6298.9043  1.2375e+02  1.5468e+02
6300.1548  3.1570e+01  2.7980e+02
6301.4048  7.0129e+01  3.2711e+02
6302.6553  1.0540e+02  2.1864e+02
6303.9058  7.9931e+01  9.3824e+01
6305.1558  -5.0401e+01  8.1133e+01
6306.4062  6.5582e+01  1.1418e+02
6307.6567  5.5933e+01  1.7703e+02
6308.9067  -5.7017e+01  1.2082e+02
6310.1572  9.8734e+01  8.5257e+01
6311.4077  -2.3807e+01  7.5775e+01
6312.6577  -1.8515e+01  7.4357e+01
6313.9082  3.8845e+01  7.4074e+01
6315.1587  2.5971e+01  7.3853e+01
6316.4087  1.0061e+02  7.3182e+01
6317.6592  1.1924e+02  7.3798e+01
6318.9097  9.7699e+01  7.3914e+01
6320.1602  5.2581e+01  7.8826e+01
6321.4102  1.0156e+02  9.7183e+01
6322.6606  3.2136e+01  1.0291e+02
6323.9111  7.6739e+01  8.5046e+01
6325.1611  6.0947e+01  7.4640e+01
6326.4116  6.5068e+01  7.4321e+01
6327.6621  1.6667e+02  7.6885e+01
