# SNR 10.8446
# Quality c
# flux_factor = 1.e-20
6821.5444  4.8367e+01  6.0238e+01
6822.7949  7.5706e+01  5.9804e+01
6824.0454  1.7975e+01  5.9997e+01
6825.2959  8.1592e+01  6.0762e+01
6826.5459  -1.0197e+01  7.1253e+01
6827.7964  -4.4657e+01  9.9219e+01
6829.0469  1.1192e+02  1.5686e+02
6830.2969  -2.1834e+01  1.7614e+02
6831.5474  -1.6805e+01  1.4158e+02
6832.7979  2.4544e+02  8.7930e+01
6834.0479  2.3010e+02  1.4381e+02
6835.2983  2.6506e+01  1.7582e+02
6836.5488  -5.6617e+01  1.3372e+02
6837.7988  5.6928e+01  7.0117e+01
6839.0493  3.1659e+01  6.2975e+01
6840.2998  -8.9921e+01  6.8584e+01
6841.5503  4.6172e+01  8.1191e+01
6842.8003  1.0269e+02  9.1274e+01
6844.0508  -1.7463e+01  7.9364e+01
6845.3013  3.8971e+01  6.2063e+01
6846.5513  1.6038e+01  6.0235e+01
6847.8018  3.9293e+01  6.0231e+01
6849.0522  1.4176e+01  6.0756e+01
6850.3022  -4.1758e+01  6.3629e+01
6851.5527  -2.0381e+01  6.6210e+01
6852.8032  2.6750e+01  6.3028e+01
6854.0532  -3.5300e+01  6.0511e+01
6855.3037  -2.3410e+01  6.0479e+01
6856.5542  8.5784e+01  6.0630e+01
6857.8042  1.5318e+01  6.0578e+01
6859.0547  -7.5119e+00  6.0919e+01
6860.3052  -1.3596e+01  6.1068e+01
6861.5557  -8.5668e+01  6.7497e+01
6862.8057  2.4851e+01  9.9007e+01
6864.0562  7.3685e+01  2.1409e+02
6865.3066  1.9420e+01  2.2854e+02
6866.5566  2.1163e+01  1.4119e+02
6867.8071  3.3953e+01  8.0519e+01
6869.0576  6.2884e+01  9.0615e+01
6870.3076  3.7947e+01  1.0074e+02
6871.5581  7.2903e+01  1.3490e+02
6872.8086  -9.3813e+01  1.0469e+02
6874.0586  1.4697e+01  8.2299e+01
6875.3091  3.7910e+01  7.4447e+01
6876.5596  -2.5668e+01  7.3062e+01
6877.8096  -4.1482e+01  7.1599e+01
6879.0601  1.4555e+01  7.0171e+01
6880.3105  1.0039e+02  7.6369e+01
6881.5610  -2.3453e+01  8.9701e+01
6882.8110  -3.7549e+00  8.7901e+01
6884.0615  5.9988e+01  7.3096e+01
6885.3120  8.5583e+01  6.7216e+01
6886.5620  -2.6429e+01  6.9456e+01
6887.8125  -1.7892e+01  7.4199e+01
6889.0630  7.5917e+00  1.0179e+02
6890.3130  2.7058e+01  1.1728e+02
6891.5635  2.2904e+01  9.7233e+01
6892.8140  4.5879e+01  7.0792e+01
6894.0640  -2.5322e+01  7.1692e+01
6895.3145  4.0902e+01  7.3563e+01
6896.5649  -1.9838e+01  7.0251e+01
6897.8154  1.1038e+02  6.6350e+01
6899.0654  1.3272e+02  6.6708e+01
6900.3159  9.6597e+01  8.9812e+01
6901.5664  6.3902e+01  1.1532e+02
6902.8164  3.8844e+01  9.9548e+01
6904.0669  5.1067e+01  7.1401e+01
6905.3174  3.4289e+01  6.6445e+01
6906.5674  1.2370e+02  6.4207e+01
6907.8179  8.6103e+01  6.2335e+01
6909.0684  -9.1849e+00  6.3859e+01
6910.3184  4.4253e+01  6.5301e+01
6911.5688  -5.9135e+00  7.7111e+01
6912.8193  1.9761e+00  1.0953e+02
6914.0693  1.7427e+02  1.4359e+02
6915.3198  1.8375e+02  8.3764e+01
6916.5703  1.4385e+02  6.2133e+01
6917.8208  6.2608e+01  6.2191e+01
6919.0708  6.9111e+01  6.2466e+01
6920.3213  1.7805e+01  6.2993e+01
6921.5718  -6.5357e+01  6.9290e+01
6922.8218  4.5625e+01  1.3513e+02
6924.0723  1.0044e+02  1.8738e+02
6925.3228  -3.1001e+01  1.4747e+02
6926.5728  1.4063e+02  7.1843e+01
6927.8232  1.4523e+02  6.2731e+01
6929.0737  1.6537e+02  6.3916e+01
6930.3237  1.0023e+02  6.2589e+01
6931.5742  1.5916e+02  6.1015e+01
6932.8247  2.5407e+02  6.0491e+01
6934.0752  3.8449e+02  6.0398e+01
6935.3252  2.9476e+02  6.0307e+01
6936.5757  2.7584e+02  6.0115e+01
6937.8262  2.3959e+02  6.4194e+01
6939.0762  1.9987e+02  8.8702e+01
6940.3267  1.3718e+02  1.1251e+02
6941.5771  2.3592e+02  9.8160e+01
6942.8271  6.7326e+01  6.7342e+01
6944.0776  4.5706e+01  6.1396e+01
6945.3281  1.0611e+02  6.0049e+01
6946.5781  -1.3106e+01  6.0846e+01
6947.8286  1.0986e+02  7.8165e+01
6949.0791  2.6065e+01  1.6672e+02
6950.3291  2.6145e+01  1.8973e+02
6951.5796  1.0582e+02  9.9941e+01
6952.8301  1.0147e+02  6.8094e+01
6954.0806  -5.4276e+01  6.2985e+01
6955.3306  9.0821e+00  6.2612e+01
6956.5811  1.4886e+01  6.4919e+01
6957.8315  -6.3358e+01  6.5478e+01
6959.0815  2.2036e+01  6.4969e+01
6960.3320  -4.1557e+00  6.3489e+01
6961.5825  -4.7538e+01  6.2691e+01
6962.8325  3.2061e+01  6.2139e+01
6964.0830  4.2234e+01  6.1759e+01
6965.3335  1.5632e+01  6.1993e+01
6966.5835  2.3207e+01  6.4985e+01
6967.8340  9.8957e+01  6.5091e+01
6969.0845  -2.7934e+01  7.1645e+01
6970.3350  -9.4228e+01  9.4856e+01
6971.5850  -1.4261e+02  9.3149e+01
6972.8354  -5.6270e+00  6.8969e+01
6974.0859  2.7077e+01  6.0996e+01
6975.3359  1.9040e+01  6.0832e+01
6976.5864  5.5040e+01  6.4396e+01
6977.8369  2.1471e+02  9.0572e+01
6979.0869  1.0593e+02  1.5138e+02
6980.3374  -8.0663e+01  1.3288e+02
6981.5879  7.1684e+01  7.1000e+01
6982.8379  8.1747e+00  6.1302e+01
6984.0884  -2.3455e+01  6.2824e+01
6985.3389  9.8004e+01  6.2211e+01
6986.5889  1.2856e+02  6.3044e+01
6987.8394  4.8163e+00  6.3801e+01
6989.0898  2.8819e+01  6.1927e+01
6990.3403  2.5151e+01  6.0806e+01
6991.5903  7.6097e+01  6.0856e+01
6992.8408  1.2315e+01  6.0349e+01
6994.0913  -1.4020e+01  5.9735e+01
6995.3413  2.4800e+01  6.0533e+01
6996.5918  -7.8615e+00  6.2207e+01
6997.8423  -4.7455e+01  6.4428e+01
6999.0923  3.4954e+01  6.2276e+01
7000.3428  7.4008e+01  6.2439e+01
7001.5933  5.3147e+01  6.3879e+01
7002.8433  6.3506e+01  6.8193e+01
7004.0938  -1.9022e+01  8.0347e+01
7005.3442  -7.4325e+01  8.0270e+01
7006.5942  5.0352e+00  6.4829e+01
7007.8447  4.9793e+01  5.8078e+01
7009.0952  -3.7465e+01  5.8713e+01
7010.3457  7.2727e+01  6.6561e+01
7011.5957  -5.8338e+01  9.1811e+01
7012.8462  1.2811e+02  9.6581e+01
7014.0967  4.6883e+01  7.1878e+01
7015.3467  8.3792e+01  5.8243e+01
7016.5972  1.3964e+02  5.7317e+01
7017.8477  3.4553e+01  5.7112e+01
7019.0977  1.2466e+01  5.7901e+01
7020.3481  5.3255e+01  5.8865e+01
7021.5986  -1.9237e+01  5.8598e+01
7022.8486  -2.3686e+01  5.7826e+01
7024.0991  -4.1149e+01  5.7506e+01
7025.3496  -3.1494e+01  5.8132e+01
7026.6001  -7.9592e+00  5.7450e+01
7027.8501  -1.3484e+01  5.8201e+01
7029.1006  6.7435e+01  5.9472e+01
7030.3511  1.5317e+01  6.1348e+01
7031.6011  -6.8198e+01  6.0180e+01
7032.8516  -7.2747e+01  5.8439e+01
7034.1021  7.4378e+01  5.8229e+01
7035.3521  4.8173e+00  5.7949e+01
7036.6025  3.0009e+01  5.8243e+01
7037.8530  3.9564e+01  5.8015e+01
7039.1030  -8.4541e+00  5.7769e+01
7040.3535  -2.1193e+01  6.0814e+01
7041.6040  9.1744e+01  6.9643e+01
7042.8540  -1.3422e+00  7.0839e+01
7044.1045  -5.8939e+01  6.1882e+01
7045.3550  1.5993e+01  6.1652e+01
7046.6055  2.8894e+01  6.9344e+01
7047.8555  -2.2576e+01  8.1388e+01
7049.1060  -2.9520e+01  9.0847e+01
7050.3564  5.4605e+01  8.1719e+01
7051.6064  4.3558e+01  7.3205e+01
