# SNR 8.1581
# Quality c
# flux_factor = 1.e-20
6041.9287  -3.8131e+02  1.5461e+02
6043.1787  -1.7935e+02  1.5417e+02
6044.4292  6.2814e+01  1.5434e+02
6045.6797  -4.2018e+01  1.5405e+02
6046.9297  -1.1305e+02  1.5471e+02
6048.1802  -3.0242e+02  1.5514e+02
6049.4307  1.0106e+02  1.5412e+02
6050.6807  3.6606e+01  1.5487e+02
6051.9312  -6.3130e+01  1.5305e+02
6053.1816  -1.1041e+02  1.5310e+02
6054.4321  -9.1388e+01  1.5293e+02
6055.6821  -1.0738e+02  1.5136e+02
6056.9326  -1.4524e+02  1.5229e+02
6058.1831  -3.8375e+01  1.5212e+02
6059.4331  -2.2954e+02  1.5238e+02
6060.6836  3.2090e+01  1.5386e+02
6061.9341  -5.6712e+01  1.5262e+02
6063.1841  -1.9987e+02  1.5351e+02
6064.4346  -1.3692e+02  1.5522e+02
6065.6851  -4.4875e+01  1.5410e+02
6066.9351  -3.4626e+01  1.5163e+02
6068.1855  1.4626e+02  1.5266e+02
6069.4360  1.8167e+02  1.5788e+02
6070.6860  2.5674e+01  1.5596e+02
6071.9365  -1.0891e+01  1.5282e+02
6073.1870  3.0175e+01  1.5148e+02
6074.4370  5.8219e+01  1.4939e+02
6075.6875  9.3868e+01  1.5184e+02
6076.9380  -1.4712e+02  1.5032e+02
6078.1885  -5.6832e+01  1.4991e+02
6079.4385  -3.8590e+01  1.5058e+02
6080.6890  1.1006e+02  1.4982e+02
6081.9395  -7.4984e+01  1.5000e+02
6083.1895  -6.7822e+01  1.5035e+02
6084.4399  -7.1154e+01  1.4980e+02
6085.6904  5.8281e+01  1.4893e+02
6086.9404  1.4930e+02  1.4753e+02
6088.1909  -1.9522e+01  1.4996e+02
6089.4414  1.7445e+02  1.5057e+02
6090.6914  8.5108e+00  1.4886e+02
6091.9419  -2.5924e+02  1.4939e+02
6093.1924  -1.5832e+02  1.4817e+02
6094.4424  -9.0044e+01  1.4789e+02
6095.6929  2.9566e+01  1.4769e+02
6096.9434  1.3003e+00  1.5153e+02
6098.1938  2.8413e+01  1.5060e+02
6099.4438  -5.7924e+01  1.5085e+02
6100.6943  -1.6461e+02  1.4977e+02
6101.9448  -1.4093e+02  1.5128e+02
6103.1948  3.3964e+01  1.4831e+02
6104.4453  7.1292e+01  1.4713e+02
6105.6958  -1.6246e+02  1.5046e+02
6106.9458  -1.4748e+02  1.5185e+02
6108.1963  -7.8353e+01  1.5091e+02
6109.4468  1.9593e+02  1.4978e+02
6110.6968  9.2209e+01  1.4713e+02
6111.9473  9.3791e+01  1.4755e+02
6113.1978  -5.5145e+01  1.4760e+02
6114.4478  1.1141e+02  1.4840e+02
6115.6982  -3.3720e+01  1.4727e+02
6116.9487  -3.5194e+01  1.4701e+02
6118.1992  -4.6392e+01  1.4672e+02
6119.4492  -9.2910e+01  1.4592e+02
6120.6997  -2.2808e+00  1.4505e+02
6121.9502  2.7010e+01  1.4551e+02
6123.2002  -1.3415e+02  1.4569e+02
6124.4507  -1.4351e+00  1.4505e+02
6125.7012  -7.2292e+01  1.4529e+02
6126.9512  -1.9606e+02  1.4553e+02
6128.2017  -2.9387e+02  1.4407e+02
6129.4521  1.7389e+00  1.4559e+02
6130.7021  -5.3803e+01  1.4550e+02
6131.9526  -4.3652e+01  1.4410e+02
6133.2031  2.9397e+01  1.4488e+02
6134.4531  1.3189e+02  1.4308e+02
6135.7036  6.7815e+01  1.4392e+02
6136.9541  -3.6135e+01  1.4641e+02
6138.2046  4.0508e+01  1.4984e+02
6139.4546  1.2673e+02  1.5054e+02
6140.7051  4.2004e+02  1.5327e+02
6141.9556  5.6383e+02  1.5802e+02
6143.2056  5.9185e+02  1.5073e+02
6144.4561  5.2204e+02  1.4703e+02
6145.7065  2.6021e+02  1.5664e+02
6146.9565  -4.2467e+01  1.6018e+02
6148.2070  8.6563e+01  1.5202e+02
6149.4575  8.9593e+00  1.4509e+02
6150.7075  -1.4659e+00  1.4243e+02
6151.9580  -9.0443e+01  1.4375e+02
6153.2085  -1.2066e+02  1.4662e+02
6154.4585  2.5822e+00  1.4547e+02
6155.7090  -7.5654e+01  1.4383e+02
6156.9595  -1.4972e+02  1.4686e+02
6158.2100  1.0506e+02  1.5682e+02
6159.4600  2.4463e-02  1.6670e+02
6160.7104  -1.8139e+01  1.6113e+02
6161.9609  -1.7823e+02  1.4928e+02
6163.2109  -1.6185e+02  1.4345e+02
6164.4614  1.2546e+02  1.4014e+02
6165.7119  4.5589e+01  1.3914e+02
6166.9619  -1.0279e+01  1.3930e+02
6168.2124  1.6892e+01  1.4052e+02
6169.4629  -1.9584e+02  1.4159e+02
6170.7129  -9.0761e+01  1.4461e+02
6171.9634  1.5470e+02  1.6112e+02
6173.2139  2.1466e+02  1.7010e+02
6174.4639  -2.2777e+02  1.5364e+02
6175.7144  -3.3658e+02  1.4101e+02
6176.9648  -1.4698e+02  1.4402e+02
6178.2148  4.8282e+01  1.4917e+02
6179.4653  2.4117e+01  1.4679e+02
6180.7158  3.7367e+01  1.3998e+02
6181.9663  -5.3272e+01  1.3911e+02
6183.2163  -2.4236e+02  1.3981e+02
6184.4668  2.6857e+01  1.3994e+02
6185.7173  -2.6982e+01  1.4297e+02
6186.9673  -6.3452e+01  1.4362e+02
6188.2178  6.4622e+01  1.4096e+02
6189.4683  -1.0160e+02  1.3969e+02
6190.7183  -3.7444e+02  1.4114e+02
6191.9688  -2.6644e+02  1.4028e+02
6193.2192  -4.2125e+00  1.3849e+02
6194.4692  1.5069e+02  1.4283e+02
6195.7197  1.1595e+02  1.4599e+02
6196.9702  -4.2454e+00  1.4120e+02
6198.2202  -2.1992e+02  1.3865e+02
6199.4707  -1.2553e+02  1.3805e+02
6200.7212  -6.0670e+01  1.3775e+02
6201.9717  -1.4173e+02  1.3791e+02
6203.2217  -8.3915e+01  1.4270e+02
6204.4722  -3.3666e+02  1.6103e+02
6205.7227  -4.5627e+02  1.6127e+02
6206.9727  -1.2882e+02  1.4415e+02
6208.2231  1.2177e+02  1.3848e+02
6209.4736  4.3056e+01  1.3725e+02
6210.7236  4.4664e+01  1.3705e+02
6211.9741  -8.0052e+01  1.3959e+02
6213.2246  1.0451e+02  1.4086e+02
6214.4746  1.2392e+01  1.4401e+02
6215.7251  2.9304e+01  1.4509e+02
6216.9756  1.4336e+02  1.4056e+02
6218.2256  -1.7997e+02  1.3648e+02
6219.4761  -2.5715e+02  1.3849e+02
6220.7266  -2.4846e+02  1.3642e+02
6221.9771  -1.0445e+02  1.4123e+02
6223.2271  -2.2831e+02  1.5738e+02
6224.4775  -7.2736e+01  1.6558e+02
6225.7280  1.1721e+02  1.4803e+02
6226.9780  1.9760e+02  1.3766e+02
6228.2285  1.3981e+01  1.3672e+02
6229.4790  -6.6158e+01  1.3554e+02
6230.7290  -8.8882e+01  1.3628e+02
6231.9795  1.7897e+02  1.3544e+02
6233.2300  -2.8233e+01  1.3633e+02
6234.4800  -8.5048e+01  1.4121e+02
6235.7305  -2.5180e+02  1.7103e+02
6236.9810  -5.8764e+01  1.9889e+02
6238.2310  -2.0071e+02  2.6243e+02
6239.4814  1.2297e+01  1.9463e+02
6240.7319  1.5268e+01  1.6420e+02
6241.9824  5.5309e+01  1.5806e+02
6243.2324  -2.8381e+02  1.6578e+02
6244.4829  1.5523e+02  1.6487e+02
6245.7334  -9.2260e+01  1.6102e+02
