# SNR 14.1188
# Quality c
# flux_factor = 1.e-20
7452.0098  6.6306e+01  5.3807e+01
7453.2603  2.1256e+01  5.5017e+01
7454.5107  -3.5133e+01  5.4535e+01
7455.7607  -4.3059e+01  5.3764e+01
7457.0112  -1.0338e+01  5.3992e+01
7458.2617  -1.1174e+01  5.4568e+01
7459.5117  -6.4232e+01  5.6515e+01
7460.7622  -2.2406e+01  5.7733e+01
7462.0127  -1.6140e+01  5.8054e+01
7463.2632  7.5720e+01  6.6323e+01
7464.5132  9.0063e+00  7.0426e+01
7465.7637  -4.6039e+01  6.7507e+01
7467.0142  7.7414e+01  7.2121e+01
7468.2642  -3.6363e+01  8.3997e+01
7469.5146  -3.6759e+01  7.6125e+01
7470.7651  4.0958e+01  6.3016e+01
7472.0151  -1.3078e+02  7.7974e+01
7473.2656  -8.9262e+01  9.2231e+01
7474.5161  -1.2362e+02  1.0112e+02
7475.7661  -9.2077e+01  1.0381e+02
7477.0166  -3.1876e+01  8.0729e+01
7478.2671  -1.1573e+01  5.8637e+01
7479.5176  -7.0652e+01  6.8976e+01
7480.7676  -1.2718e+02  9.6831e+01
7482.0181  2.3882e+01  1.0268e+02
7483.2686  3.7634e+01  8.3105e+01
7484.5186  -4.3911e+01  1.0283e+02
7485.7690  7.6734e+01  1.1183e+02
7487.0195  5.0426e+01  7.9320e+01
7488.2695  1.3759e+01  5.8336e+01
7489.5200  -5.0168e+00  5.9099e+01
7490.7705  3.4651e+01  5.6893e+01
7492.0205  -5.6295e+00  5.4731e+01
7493.2710  6.0845e+01  5.5385e+01
7494.5215  -1.5118e+01  7.1148e+01
7495.7715  2.7300e+01  8.0013e+01
7497.0220  1.1419e+02  6.6868e+01
7498.2725  -2.4230e+01  5.3844e+01
7499.5229  8.5393e+00  5.4046e+01
7500.7729  9.0078e+01  5.5901e+01
7502.0234  7.7144e+01  5.6770e+01
7503.2739  -1.7177e+01  5.5507e+01
7504.5239  5.0776e+00  5.5385e+01
7505.7744  7.8967e+01  5.4655e+01
7507.0249  -1.2004e+01  5.3531e+01
7508.2749  -6.2373e+00  5.3773e+01
7509.5254  2.8591e+01  5.4265e+01
7510.7759  -5.7964e+00  5.4472e+01
7512.0259  3.5175e+01  5.3658e+01
7513.2764  1.0860e+01  5.2928e+01
7514.5269  -3.9127e-01  5.3750e+01
7515.7773  -3.7711e+01  5.3658e+01
7517.0273  -7.6015e+00  5.5121e+01
7518.2778  7.5714e+01  6.5805e+01
7519.5283  -8.6802e+00  7.0797e+01
7520.7783  -5.6703e+00  6.1785e+01
7522.0288  4.2789e+01  5.7445e+01
7523.2793  -1.0515e+01  7.3720e+01
7524.5293  3.1233e+01  1.3427e+02
7525.7798  -2.3127e+02  2.1416e+02
7527.0303  -2.2312e+02  1.4863e+02
7528.2803  7.1116e+01  7.6150e+01
7529.5308  5.5983e-01  6.1503e+01
7530.7812  7.2608e+01  7.2355e+01
7532.0317  -2.4961e+00  1.0228e+02
7533.2817  1.0085e+02  1.0199e+02
7534.5322  -2.5701e+01  6.7967e+01
7535.7827  -7.4386e+01  5.4783e+01
7537.0327  -3.2051e+01  5.4803e+01
7538.2832  -3.4303e+01  5.6711e+01
7539.5337  -1.5091e+00  5.7004e+01
7540.7837  -3.1657e+01  6.2463e+01
7542.0342  -2.8724e+01  7.2023e+01
7543.2847  3.5042e+01  6.8859e+01
7544.5347  -1.7838e+01  5.7250e+01
7545.7852  6.7091e+01  5.4781e+01
7547.0356  1.9351e+01  5.4895e+01
7548.2856  8.3408e+01  5.5814e+01
7549.5361  1.2458e+00  5.5249e+01
7550.7866  -5.5027e+00  5.4340e+01
7552.0371  -4.0620e+01  5.4660e+01
7553.2871  1.6402e+01  5.6171e+01
7554.5376  1.2862e+01  5.8859e+01
7555.7881  -6.8616e+00  5.8264e+01
7557.0381  4.2123e+01  5.8148e+01
7558.2886  2.9324e+01  7.9844e+01
7559.5391  -7.8733e+01  9.6453e+01
7560.7891  9.6177e+00  7.7114e+01
7562.0396  6.4083e+01  5.7633e+01
7563.2900  3.8426e+01  5.6487e+01
7564.5400  3.0917e+01  5.5211e+01
7565.7905  3.9841e+01  5.5683e+01
7567.0410  8.1890e+01  5.4662e+01
7568.2915  8.5571e+01  6.1545e+01
7569.5415  4.7969e+00  6.7868e+01
7570.7920  6.1430e+01  6.5753e+01
7572.0425  9.3814e+01  9.7481e+01
7573.2925  -1.0520e+02  1.4997e+02
7574.5430  1.2296e+02  1.4294e+02
7575.7935  2.1798e+02  8.6951e+01
7577.0435  4.5032e+02  6.6502e+01
7578.2939  4.1735e+02  5.6451e+01
7579.5444  3.9646e+02  5.4711e+01
7580.7944  3.4366e+02  5.5193e+01
7582.0449  2.9543e+02  5.5136e+01
7583.2954  1.6881e+02  5.5125e+01
7584.5459  1.1564e+02  5.5959e+01
7585.7959  1.8210e+02  6.1319e+01
7587.0464  1.1358e+02  9.4204e+01
7588.2969  1.0055e+02  1.0803e+02
7589.5469  2.6248e+01  8.1125e+01
7590.7974  6.9753e+01  5.8844e+01
7592.0479  6.7061e+00  5.8990e+01
7593.2979  2.4193e+01  5.9561e+01
7594.5483  4.6870e+01  6.2082e+01
7595.7988  6.1535e+01  7.2027e+01
7597.0488  -1.0815e+01  8.9033e+01
7598.2993  1.7020e+01  1.2017e+02
7599.5498  4.7412e+01  2.3343e+02
7600.8003  -9.1677e+01  2.6318e+02
7602.0503  -6.0359e+01  1.5063e+02
7603.3008  7.5269e+01  1.2688e+02
7604.5513  -4.6628e+01  1.3375e+02
7605.8013  1.4353e+02  1.4302e+02
7607.0518  -3.1783e+01  1.4547e+02
7608.3022  -3.7794e+01  1.4083e+02
7609.5522  1.6956e+02  1.3458e+02
7610.8027  6.0553e+01  1.2985e+02
7612.0532  1.9212e+01  1.2183e+02
7613.3032  1.3504e+02  1.1137e+02
7614.5537  7.2109e+01  1.0175e+02
7615.8042  5.3361e+01  9.0132e+01
7617.0542  -2.3107e+01  8.1770e+01
7618.3047  1.1182e+01  8.8111e+01
7619.5552  4.6602e-01  1.0566e+02
7620.8057  6.7689e+01  9.6511e+01
7622.0557  7.6997e+01  7.3720e+01
7623.3062  1.1093e+02  7.9917e+01
7624.5566  5.4083e+01  9.0086e+01
7625.8066  -1.0064e+01  8.9024e+01
7627.0571  1.6605e+01  8.5308e+01
7628.3076  -2.9115e+01  9.4156e+01
7629.5576  -2.5856e+02  1.5995e+02
7630.8081  2.2082e+02  1.7543e+02
7632.0586  4.2965e+00  1.2620e+02
7633.3086  -3.3621e+01  9.2416e+01
7634.5591  -5.6933e+01  8.8431e+01
7635.8096  2.9320e+01  7.9271e+01
7637.0601  4.6300e+01  8.0947e+01
7638.3101  4.6092e+01  8.4060e+01
7639.5605  5.4728e+01  7.6433e+01
7640.8110  1.9730e+00  7.5624e+01
7642.0610  2.9417e+01  8.2700e+01
7643.3115  7.5570e+01  7.8875e+01
7644.5620  -2.9724e+00  7.1653e+01
7645.8120  5.1384e+01  7.2498e+01
7647.0625  -5.1971e+01  7.8702e+01
7648.3130  -1.7992e+01  7.0217e+01
7649.5630  1.5359e+01  6.5673e+01
7650.8135  -5.4551e+01  6.9782e+01
7652.0640  -7.6024e+00  7.3672e+01
7653.3145  1.0232e+02  7.0545e+01
7654.5645  -7.8217e+00  8.5233e+01
7655.8149  -4.2233e+01  9.3392e+01
7657.0654  7.4367e+01  7.5861e+01
7658.3154  -1.9342e+01  6.2814e+01
7659.5659  -5.7928e+01  5.8660e+01
7660.8164  7.0223e+00  6.0857e+01
7662.0664  5.8223e+00  6.9306e+01
7663.3169  1.0153e+02  1.0128e+02
7664.5674  5.4553e+00  1.0842e+02
7665.8174  -7.8235e+01  8.2394e+01
7667.0679  -4.6971e+01  6.1451e+01
7668.3184  1.4765e+01  6.0405e+01
7669.5688  5.1687e+01  5.7143e+01
7670.8188  6.1472e+01  5.6075e+01
7672.0693  -4.9596e+01  5.7069e+01
7673.3198  -8.0385e+01  5.9963e+01
7674.5698  -3.0478e+01  6.0114e+01
7675.8203  2.6090e+01  5.6657e+01
7677.0708  1.0043e+02  5.5168e+01
7678.3208  1.0754e+01  5.5891e+01
7679.5713  3.8840e+01  5.7656e+01
7680.8218  1.0251e+01  5.6433e+01
7682.0718  9.7771e+00  5.7033e+01
7683.3223  -2.4755e+01  6.3045e+01
7684.5728  1.6197e+00  6.4557e+01
7685.8228  2.8202e+01  6.3581e+01
7687.0732  -3.7679e+01  6.6354e+01
7688.3237  1.2510e+01  7.0380e+01
7689.5742  3.8882e+01  7.0188e+01
7690.8242  6.0416e+01  6.6248e+01
7692.0747  1.0514e+02  6.6021e+01
7693.3252  5.7582e+01  7.4112e+01
7694.5752  3.0213e+00  7.2134e+01
7695.8257  7.1490e+01  6.2797e+01
7697.0762  2.7912e+01  5.9608e+01
7698.3262  1.3929e+01  6.0331e+01
7699.5767  2.9133e+01  6.6436e+01
7700.8271  3.1867e+01  8.2160e+01
7702.0771  1.6119e+01  8.3184e+01
7703.3276  -2.3253e+01  6.6372e+01
