# SNR 10.7712
# Quality c
# flux_factor = 1.e-20
7708.6797  6.8460e+00  1.1486e+02
7709.9302  -1.6415e+02  1.1424e+02
7711.1802  -1.1491e+01  1.1527e+02
7712.4307  1.8163e+01  1.2411e+02
7713.6812  -5.0068e+00  2.0176e+02
7714.9316  -1.9877e+02  3.6640e+02
7716.1816  1.7626e+02  3.8029e+02
7717.4321  1.5705e+02  2.8839e+02
7718.6826  4.3836e+02  3.3582e+02
7719.9326  2.0595e+02  4.0125e+02
7721.1831  -3.4729e+02  3.4151e+02
7722.4336  9.1441e+01  2.0058e+02
7723.6836  -5.5476e+01  1.2935e+02
7724.9341  5.6102e+01  1.3455e+02
7726.1846  8.1843e+01  1.7707e+02
7727.4346  1.9582e+02  1.9968e+02
7728.6851  4.7232e+01  2.2237e+02
7729.9355  -1.4658e+02  2.0655e+02
7731.1860  5.3163e+01  1.4095e+02
7732.4360  1.0061e+01  1.2387e+02
7733.6865  -7.2685e+01  1.2360e+02
7734.9370  3.5453e+01  1.2170e+02
7736.1870  9.3872e+01  1.2989e+02
7737.4375  -4.3596e+01  1.4653e+02
7738.6880  -3.3002e+01  1.5336e+02
7739.9380  -4.6188e+01  1.3834e+02
7741.1885  -5.2915e+01  1.2190e+02
7742.4390  -5.2713e+01  1.2562e+02
7743.6890  -2.2693e+01  1.3346e+02
7744.9395  4.8147e+01  1.2696e+02
7746.1899  -3.5843e+01  1.1746e+02
7747.4404  -8.4409e+01  1.2013e+02
7748.6904  -1.7536e+02  1.2750e+02
7749.9409  -1.7420e+02  1.3216e+02
7751.1914  1.0955e+01  1.8543e+02
7752.4414  -1.1254e+02  4.2803e+02
7753.6919  5.6117e+02  5.9476e+02
7754.9424  4.3822e+00  4.5829e+02
7756.1924  3.8682e+02  1.8335e+02
7757.4429  -5.2677e+01  1.2205e+02
7758.6934  -1.2900e+02  1.3007e+02
7759.9434  -5.7847e+01  1.4598e+02
7761.1938  1.0313e+02  1.7482e+02
7762.4443  -1.5765e+02  2.8243e+02
7763.6948  -1.0983e+02  2.9653e+02
7764.9448  7.9818e+01  1.8313e+02
7766.1953  1.0848e+02  1.1887e+02
7767.4458  -9.9018e+01  1.1690e+02
7768.6958  -7.6258e+01  1.1551e+02
7769.9463  4.8314e+01  1.1430e+02
7771.1968  -9.6388e+01  1.1945e+02
7772.4468  -7.2083e+01  1.2428e+02
7773.6973  -1.3405e+01  1.2319e+02
7774.9478  1.1235e+02  1.5466e+02
7776.1978  -1.1206e+02  2.0796e+02
7777.4482  -1.4424e+02  1.9057e+02
7778.6987  -5.3711e+01  1.2987e+02
7779.9492  -1.1166e+01  1.1545e+02
7781.1992  4.2314e+01  1.2897e+02
7782.4497  -6.9579e+01  2.0807e+02
7783.7002  -1.1424e+02  2.5549e+02
7784.9502  -1.8826e+02  1.9600e+02
7786.2007  1.4313e+02  1.2701e+02
7787.4512  1.4720e+02  1.2637e+02
7788.7012  -2.9644e+01  1.3118e+02
7789.9517  9.3065e+01  1.2988e+02
7791.2021  1.5346e+01  1.2538e+02
7792.4521  5.9690e+01  1.3599e+02
7793.7026  -7.2107e+01  1.5854e+02
7794.9531  9.1660e+01  1.9319e+02
7796.2031  -1.9440e+02  3.4826e+02
7797.4536  1.0764e+02  5.1465e+02
7798.7041  -1.2219e+02  3.0049e+02
7799.9546  5.2405e+01  1.4097e+02
7801.2046  -7.2713e+01  1.2194e+02
7802.4551  3.3106e+01  1.1830e+02
7803.7056  -1.5733e+01  1.1715e+02
7804.9556  1.1162e+02  1.1574e+02
7806.2061  -3.8472e+01  1.1915e+02
7807.4565  9.8142e+01  1.2103e+02
7808.7065  -7.7667e+01  1.2432e+02
7809.9570  3.8214e+01  1.8601e+02
7811.2075  7.2465e+01  2.8796e+02
7812.4575  -3.5437e+02  2.7035e+02
7813.7080  -2.9380e+01  1.6100e+02
7814.9585  -6.5253e+01  1.2848e+02
7816.2090  4.0214e+01  1.3098e+02
7817.4590  4.2285e+00  1.3561e+02
7818.7095  -1.0398e+02  1.3694e+02
7819.9600  -2.5488e+01  1.2815e+02
7821.2100  -1.9004e+02  1.3469e+02
7822.4604  -1.1245e+02  2.0643e+02
7823.7109  -2.0018e+02  4.7323e+02
7824.9609  2.3449e+02  5.6476e+02
7826.2114  9.0362e+01  3.0620e+02
7827.4619  6.5951e+01  1.4506e+02
7828.7119  -1.1491e+02  1.2441e+02
7829.9624  -1.1155e+02  1.2183e+02
7831.2129  3.9897e+01  1.3136e+02
7832.4634  -5.0387e+01  1.3447e+02
7833.7134  -3.9665e+01  1.2251e+02
7834.9639  1.2055e+02  1.1799e+02
7836.2144  8.7968e+01  1.2433e+02
7837.4644  4.4604e+02  1.2897e+02
7838.7148  9.4559e+02  1.2119e+02
7839.9653  5.5319e+02  1.1563e+02
7841.2153  4.6297e+02  1.1993e+02
7842.4658  2.6399e+02  1.5752e+02
7843.7163  4.9692e+02  2.6073e+02
7844.9663  3.6631e+02  2.7840e+02
7846.2168  2.9718e+02  1.7615e+02
7847.4673  1.3992e+02  1.1820e+02
7848.7178  -1.1554e+02  1.1801e+02
7849.9678  -2.0129e+01  1.1799e+02
7851.2183  1.4901e+02  1.4843e+02
7852.4688  1.4808e+02  1.9896e+02
7853.7188  9.3740e+01  2.1219e+02
7854.9692  -1.2395e+02  3.1540e+02
7856.2197  1.7366e+02  5.7915e+02
7857.4697  -1.0485e+02  5.1358e+02
7858.7202  2.3403e+02  2.1646e+02
7859.9707  -5.5944e+01  1.6632e+02
7861.2207  5.3521e+01  2.0430e+02
7862.4712  2.2768e+02  2.5706e+02
7863.7217  2.2885e+02  3.1819e+02
7864.9722  -2.0044e+02  2.6322e+02
7866.2222  -2.4805e+01  1.4050e+02
7867.4727  6.7980e+01  1.1900e+02
7868.7231  1.3394e+02  1.3219e+02
7869.9731  -1.3188e+02  1.9711e+02
7871.2236  -2.2748e+02  2.3339e+02
7872.4741  2.1730e+02  2.6188e+02
7873.7241  1.6172e+02  3.3904e+02
7874.9746  8.9060e+01  2.9180e+02
7876.2251  1.2502e+02  1.5157e+02
7877.4751  -1.1528e+02  1.2019e+02
7878.7256  4.3610e+01  1.1921e+02
7879.9761  -8.8944e+01  1.4883e+02
7881.2261  9.5915e+01  2.3849e+02
7882.4766  -2.3536e+02  2.5740e+02
7883.7271  7.8164e+01  2.3009e+02
7884.9775  -2.0314e+01  2.4090e+02
7886.2275  1.9892e+02  1.9196e+02
7887.4780  2.6197e+01  1.3928e+02
7888.7285  -1.2965e+02  1.4169e+02
7889.9785  1.5159e+02  1.4712e+02
7891.2290  8.8053e+01  2.0761e+02
7892.4795  6.1363e+02  3.3716e+02
7893.7295  1.9028e+02  3.3901e+02
7894.9800  1.5456e+02  2.0218e+02
7896.2305  -2.4047e+02  1.4393e+02
7897.4805  -7.9040e+01  1.4035e+02
7898.7310  6.3100e+01  1.3463e+02
7899.9814  1.4553e+01  1.2988e+02
7901.2319  4.2627e+01  1.3065e+02
7902.4819  6.9754e+00  1.2463e+02
7903.7324  -1.2859e+02  1.1706e+02
7904.9829  -1.5401e+02  1.2425e+02
7906.2329  -1.0701e+02  1.3061e+02
7907.4834  1.4564e+01  1.2605e+02
7908.7339  1.1691e+00  1.2801e+02
7909.9839  6.6650e+01  1.3042e+02
7911.2344  -1.4282e+02  1.2487e+02
7912.4849  -1.0357e+02  1.3313e+02
7913.7349  -2.1384e+02  1.7228e+02
7914.9854  1.1110e+02  2.9660e+02
7916.2358  2.4065e+02  6.2251e+02
7917.4863  -2.2673e+02  6.2822e+02
7918.7363  3.3219e+02  2.9185e+02
7919.9868  -1.1487e+02  1.4972e+02
7921.2373  1.3858e+02  1.6776e+02
7922.4873  1.6082e+02  2.3048e+02
7923.7378  3.0608e+02  3.5138e+02
7924.9883  -2.4288e+02  3.4384e+02
7926.2383  1.3529e+02  2.0232e+02
7927.4888  -8.2961e+01  1.3587e+02
7928.7393  -8.7807e+01  1.2338e+02
7929.9893  -1.1044e+02  1.2309e+02
7931.2397  5.3482e+01  1.3947e+02
7932.4902  1.7871e+02  1.7697e+02
7933.7407  4.1392e+01  2.8045e+02
7934.9907  2.3035e+02  3.0313e+02
7936.2412  8.0688e+01  2.0980e+02
7937.4917  1.9804e+01  1.3794e+02
7938.7417  -2.0090e+01  1.2489e+02
7939.9922  1.5103e+02  1.1896e+02
7941.2427  1.0545e+01  1.2012e+02
7942.4927  2.2111e+01  1.2269e+02
7943.7432  1.1539e+01  1.2381e+02
7944.9937  -5.8121e+01  1.2639e+02
7946.2437  -6.6898e+01  1.2899e+02
7947.4941  -1.0502e+02  1.3661e+02
7948.7446  -9.1064e+01  1.4832e+02
7949.9951  1.2849e+01  1.5079e+02
7951.2451  -2.9410e+02  2.2197e+02
7952.4956  1.3314e+02  2.7948e+02
7953.7461  -2.8360e+02  2.1838e+02
7954.9961  2.2391e+02  1.3444e+02
7956.2466  -1.3577e+02  1.2512e+02
7957.4971  -9.1485e+01  1.1833e+02
7958.7471  -6.2305e+01  1.1693e+02
7959.9976  -2.4396e+01  1.1658e+02
7961.2480  2.2179e+01  1.1810e+02
7962.4980  5.5909e+01  1.1800e+02
7963.7485  -1.1602e+02  1.1989e+02
7964.9990  -6.8567e+01  1.4308e+02
7966.2495  6.3734e+01  2.7961e+02
7967.4995  1.8801e+02  5.6571e+02
7968.7500  3.9276e+02  5.1286e+02
