# SNR 8.3796
# Quality c
# flux_factor = 1.e-20
6952.1396  -1.8211e+01  1.0219e+02
6953.3901  1.0137e+01  8.1305e+01
6954.6406  -3.3720e+01  5.3770e+01
6955.8911  5.2737e+01  5.1982e+01
6957.1411  -1.9431e+01  4.6051e+01
6958.3916  -5.9045e+01  5.5753e+01
6959.6421  -7.8910e-01  5.3483e+01
6960.8921  -4.8218e+01  5.8634e+01
6962.1426  2.2403e+01  5.4582e+01
6963.3931  4.9934e+00  5.8829e+01
6964.6431  2.2588e+01  5.1089e+01
6965.8936  -1.4689e+01  5.1836e+01
6967.1440  -3.4015e+01  5.0713e+01
6968.3940  3.4393e+00  5.8639e+01
6969.6445  9.5140e+00  5.3466e+01
6970.8950  -9.5397e+01  5.2230e+01
6972.1455  -8.4356e+01  7.6182e+01
6973.3955  3.1045e+01  7.1842e+01
6974.6460  -7.9167e+01  6.1449e+01
6975.8965  -1.1243e+02  5.2841e+01
6977.1465  4.9075e+01  4.4737e+01
6978.3970  2.6231e+01  4.8006e+01
6979.6475  6.1746e+00  7.1223e+01
6980.8975  5.3120e+01  8.4744e+01
6982.1479  1.3243e+02  8.0090e+01
6983.3984  -4.3814e+00  6.4421e+01
6984.6484  -2.9599e+01  5.1756e+01
6985.8989  2.2442e+01  4.5888e+01
6987.1494  2.8749e+00  5.2942e+01
6988.3994  -2.1720e+01  4.9175e+01
6989.6499  2.7959e+01  5.0097e+01
6990.9004  -6.3244e+00  5.0675e+01
6992.1509  -1.8928e+01  4.9474e+01
6993.4009  5.3018e+01  4.8792e+01
6994.6514  -7.5398e+01  5.2605e+01
6995.9019  9.6857e+01  5.0953e+01
6997.1519  6.0952e+01  6.3838e+01
6998.4023  -2.4599e+00  5.5059e+01
6999.6528  -3.6156e+01  4.8987e+01
7000.9028  5.2797e+01  4.7252e+01
7002.1533  1.3571e+02  5.1361e+01
7003.4038  -7.1654e+01  5.4088e+01
7004.6538  9.9661e+01  5.1044e+01
7005.9043  8.2022e+01  5.6572e+01
7007.1548  -6.5224e+01  5.5742e+01
7008.4048  1.1946e+01  6.0245e+01
7009.6553  -2.3838e+01  4.3162e+01
7010.9058  3.7321e+01  5.1627e+01
7012.1562  -1.9606e+01  5.4750e+01
7013.4062  1.3094e+02  7.9187e+01
7014.6567  9.8361e+01  7.6438e+01
7015.9072  5.6470e+01  5.4651e+01
7017.1572  4.8647e+01  4.7984e+01
7018.4077  4.3075e+01  4.8363e+01
7019.6582  -1.4411e+01  4.7359e+01
7020.9082  7.9735e+01  4.8251e+01
7022.1587  3.4955e+01  4.9213e+01
7023.4092  -1.9060e+01  5.9487e+01
7024.6592  -2.9192e+01  5.1531e+01
7025.9097  2.0197e+01  4.9922e+01
7027.1602  -4.0431e+01  4.9105e+01
7028.4106  -1.7914e+00  5.1089e+01
7029.6606  2.1194e+01  5.4610e+01
7030.9111  4.2962e+01  6.3955e+01
7032.1616  4.2703e+01  5.1702e+01
7033.4116  5.6200e+01  5.7368e+01
7034.6621  -4.7482e+01  5.3863e+01
7035.9126  2.6323e+01  4.2885e+01
7037.1626  -2.3883e+01  5.0468e+01
7038.4131  -7.7614e+01  5.2623e+01
7039.6636  -6.0697e+01  5.0399e+01
7040.9136  -8.4994e+01  4.9284e+01
7042.1641  -4.7197e+01  5.6207e+01
7043.4146  -3.3081e+01  5.9871e+01
7044.6646  -5.1488e+00  4.9140e+01
7045.9150  -3.4652e+01  5.5419e+01
7047.1655  1.9742e+01  6.2691e+01
7048.4160  1.1225e+01  5.0313e+01
7049.6660  -2.2146e+01  7.2955e+01
7050.9165  -1.3481e+02  6.0939e+01
7052.1670  2.1643e+01  5.8465e+01
7053.4170  -7.6059e+00  5.1323e+01
7054.6675  -1.9369e+01  5.0182e+01
7055.9180  6.1379e+01  5.3634e+01
7057.1680  5.3683e+01  6.6431e+01
7058.4185  -1.5038e+01  5.4971e+01
7059.6689  8.3539e+01  4.6593e+01
7060.9189  -2.9029e+01  5.7072e+01
7062.1694  -2.3384e+01  5.8676e+01
7063.4199  -2.3131e+01  5.1007e+01
7064.6704  1.2969e+02  6.2956e+01
7065.9204  7.1775e+00  4.7648e+01
7067.1709  1.4006e+02  4.6979e+01
7068.4214  2.3403e+02  6.8074e+01
7069.6714  3.5414e+02  5.7757e+01
7070.9219  2.0508e+02  5.4234e+01
7072.1724  2.1086e+02  4.9195e+01
7073.4224  9.6184e+01  6.0079e+01
7074.6729  1.0370e+02  6.2232e+01
7075.9233  3.8178e+01  5.5437e+01
7077.1733  1.7802e+01  6.2044e+01
7078.4238  -2.4018e+01  4.5166e+01
7079.6743  -2.1041e+01  4.6785e+01
7080.9243  -8.1539e+00  4.8275e+01
7082.1748  1.2473e+02  5.2096e+01
7083.4253  2.1616e+01  5.5478e+01
7084.6758  -7.5428e+01  6.4917e+01
7085.9258  -1.2753e+01  5.1020e+01
7087.1763  -5.2735e+01  5.6219e+01
7088.4268  -6.0283e+01  4.6646e+01
7089.6768  -1.1619e+02  4.8198e+01
7090.9272  -9.9651e+01  5.3437e+01
7092.1777  -3.2414e+01  6.1786e+01
7093.4277  5.6553e+01  5.2328e+01
7094.6782  1.0395e+02  5.8053e+01
7095.9287  1.7124e+01  4.5310e+01
7097.1787  -5.0524e+01  4.4031e+01
7098.4292  -4.7963e+01  5.3596e+01
7099.6797  -2.6991e+01  5.8207e+01
7100.9302  4.3199e+01  5.0980e+01
7102.1802  1.1551e+01  4.8419e+01
7103.4307  -8.3291e+01  5.1322e+01
7104.6812  -5.8651e+01  4.8386e+01
7105.9312  9.1943e-02  5.2800e+01
7107.1816  2.9493e+00  4.7972e+01
7108.4321  6.0157e+01  5.3639e+01
7109.6821  -7.0978e+01  4.7887e+01
7110.9326  -1.2772e+01  5.2771e+01
7112.1831  -1.0863e+02  5.1462e+01
7113.4331  -5.1673e+01  5.0992e+01
7114.6836  -3.4483e+01  5.3663e+01
7115.9341  -8.1798e+01  5.0492e+01
7117.1841  -7.3858e+00  4.7043e+01
7118.4346  6.6018e+00  5.5902e+01
7119.6851  -3.0902e+00  4.5451e+01
7120.9355  1.7282e+01  4.3770e+01
7122.1855  3.2054e+01  5.2064e+01
7123.4360  -2.9814e+01  5.5930e+01
7124.6865  -5.3151e+01  5.8304e+01
7125.9365  -1.2760e+01  4.8341e+01
7127.1870  -4.0588e+00  4.6515e+01
7128.4375  4.4088e+01  5.2883e+01
7129.6875  1.0357e+02  4.8437e+01
7130.9380  2.6245e+01  5.0808e+01
7132.1885  1.4790e+01  5.0603e+01
7133.4385  -1.3737e+02  4.7732e+01
7134.6890  -3.0942e+01  5.8429e+01
7135.9395  9.4629e+00  5.2258e+01
7137.1899  1.6123e+00  6.5219e+01
7138.4399  8.5304e+01  4.8783e+01
7139.6904  -3.8961e+01  4.8322e+01
7140.9409  -2.4679e+00  5.5076e+01
7142.1909  -6.3524e+01  6.0793e+01
7143.4414  -2.0760e+01  4.7714e+01
7144.6919  -2.2758e+01  5.3958e+01
7145.9419  2.1412e+01  5.8654e+01
7147.1924  -1.0351e+02  6.5361e+01
7148.4429  -3.9560e+01  5.1889e+01
7149.6929  3.3206e+01  5.7405e+01
7150.9434  -6.6697e+01  4.9112e+01
7152.1938  4.8292e+01  5.1424e+01
7153.4443  1.6457e+01  5.7518e+01
7154.6943  1.5118e+01  4.6314e+01
7155.9448  3.7108e+01  4.8509e+01
7157.1953  2.8221e+01  4.6500e+01
7158.4453  -4.5471e+01  5.3037e+01
7159.6958  8.5498e+00  4.7767e+01
7160.9463  -2.8869e+01  5.6916e+01
7162.1963  -4.0655e+01  4.7270e+01
7163.4468  -9.7192e+01  5.5645e+01
7164.6973  -6.3361e+01  4.9591e+01
7165.9473  -3.2341e+00  6.1736e+01
7167.1978  -1.9616e+01  5.0264e+01
7168.4482  -5.5399e+01  4.9124e+01
7169.6982  2.5098e+01  4.7536e+01
7170.9487  -5.1864e+01  4.6653e+01
7172.1992  7.2169e+01  4.8474e+01
7173.4497  -5.3598e+01  5.7213e+01
7174.6997  -3.9315e+01  5.4591e+01
7175.9502  -3.2524e+01  5.9969e+01
7177.2007  1.2989e+01  6.4963e+01
7178.4507  3.5724e+01  5.5721e+01
7179.7012  -3.0820e+01  5.5786e+01
7180.9517  2.4365e+00  5.8622e+01
7182.2017  6.2692e+01  4.8573e+01
7183.4521  3.2656e+01  5.2695e+01
7184.7026  -1.0314e+02  4.7943e+01
7185.9526  -1.0221e+02  5.3310e+01
7187.2031  -8.7286e+01  6.9995e+01
