# SNR 13.4407
# Quality c
# flux_factor = 1.e-20
6410.4336  7.3903e+01  4.5411e+01
6411.6841  -2.0082e+01  4.6542e+01
6412.9346  -4.5684e+01  5.2428e+01
6414.1846  7.0561e-01  6.4055e+01
6415.4351  -5.5490e+00  5.5367e+01
6416.6855  -6.7275e-01  5.0983e+01
6417.9355  -3.3417e+01  4.5128e+01
6419.1860  -4.6612e+01  5.5640e+01
6420.4365  -3.7414e+01  6.2254e+01
6421.6865  2.2647e+01  5.3458e+01
6422.9370  -5.0464e+01  5.7519e+01
6424.1875  4.2224e+01  5.0876e+01
6425.4375  7.3378e+01  5.4782e+01
6426.6880  1.0519e+02  5.9966e+01
6427.9385  3.6912e+01  5.4080e+01
6429.1885  -4.7365e+00  5.5244e+01
6430.4390  -2.8110e+01  5.0143e+01
6431.6895  -2.3638e+00  5.6682e+01
6432.9399  7.7654e+01  4.9258e+01
6434.1899  1.0326e+02  5.7743e+01
6435.4404  4.1601e+01  5.6323e+01
6436.6909  1.4593e+01  5.7560e+01
6437.9409  6.5902e+01  5.0541e+01
6439.1914  4.0700e+01  4.4674e+01
6440.4419  -1.0220e+01  5.4811e+01
6441.6919  2.3361e+01  5.4725e+01
6442.9424  5.7599e+01  4.8553e+01
6444.1929  6.6984e+01  5.1835e+01
6445.4429  1.8250e+00  5.0128e+01
6446.6934  5.1465e+01  4.8261e+01
6447.9438  8.0445e+01  4.8817e+01
6449.1938  3.1680e+01  5.5767e+01
6450.4443  1.7557e+01  4.9833e+01
6451.6948  1.8955e+01  5.3756e+01
6452.9453  4.5938e+01  5.5480e+01
6454.1953  5.2295e+01  6.2959e+01
6455.4458  1.3136e+01  6.7389e+01
6456.6963  7.9414e+01  6.5664e+01
6457.9463  3.8655e+01  4.8015e+01
6459.1968  1.0696e+01  5.7540e+01
6460.4473  4.0474e+01  5.2974e+01
6461.6973  3.1892e+01  4.5283e+01
6462.9478  -2.2987e+01  5.2380e+01
6464.1982  -8.9022e+01  5.4971e+01
6465.4482  5.4770e+01  6.1998e+01
6466.6987  5.2772e+01  6.7954e+01
6467.9492  -8.6036e+01  6.7391e+01
6469.1992  1.7207e+01  5.6295e+01
6470.4497  6.5115e+01  5.8970e+01
6471.7002  3.5807e+01  6.7502e+01
6472.9507  3.2834e+01  6.8142e+01
6474.2007  -3.0646e+01  6.1824e+01
6475.4512  1.5217e+01  4.7982e+01
6476.7017  -8.3400e+01  5.0935e+01
6477.9517  -2.8723e+01  5.1201e+01
6479.2021  4.1742e+01  5.8866e+01
6480.4526  1.0009e+02  5.7092e+01
6481.7026  1.0963e+02  5.2080e+01
6482.9531  -1.3509e+01  5.2656e+01
6484.2036  4.5232e+01  5.6260e+01
6485.4536  -5.7025e+01  4.3239e+01
6486.7041  8.3951e+00  4.2970e+01
6487.9546  -3.1946e+01  4.7857e+01
6489.2046  -6.5611e+01  5.0158e+01
6490.4551  1.1586e+01  5.9655e+01
6491.7056  7.1244e+01  6.1471e+01
6492.9561  -4.8238e+01  4.7592e+01
6494.2061  1.0230e+01  4.4879e+01
6495.4565  3.7063e+01  5.0232e+01
6496.7070  5.8482e+01  6.3462e+01
6497.9570  1.1539e+02  5.6018e+01
6499.2075  1.4163e+01  7.9400e+01
6500.4580  1.9416e+01  9.1837e+01
6501.7080  -3.0352e+01  7.0116e+01
6502.9585  6.5739e+01  5.3766e+01
6504.2090  -5.0531e+01  5.3834e+01
6505.4590  1.6046e+01  7.5307e+01
6506.7095  6.6885e+01  6.9255e+01
6507.9600  5.9667e+01  5.4960e+01
6509.2100  -5.3073e+01  6.0473e+01
6510.4604  -6.9035e+01  5.1366e+01
6511.7109  2.2381e+01  5.2748e+01
6512.9614  8.6948e+01  6.1520e+01
6514.2114  7.1588e+01  5.5090e+01
6515.4619  1.3754e+02  5.8462e+01
6516.7124  3.4725e+02  4.8688e+01
6517.9624  3.9656e+02  4.5441e+01
6519.2129  3.3094e+02  4.3708e+01
6520.4634  2.8800e+02  5.7163e+01
6521.7134  1.4538e+02  6.3212e+01
6522.9639  9.4496e+01  6.8675e+01
6524.2144  1.2445e+02  5.7583e+01
6525.4644  5.0750e+01  5.8411e+01
6526.7148  6.3110e+01  5.2610e+01
6527.9653  2.2053e+01  5.0413e+01
6529.2158  -1.3139e+01  4.3701e+01
6530.4658  6.1356e+01  4.7509e+01
6531.7163  1.0200e+02  4.4282e+01
6532.9668  1.1561e+02  6.3954e+01
6534.2168  -1.0448e+01  8.4883e+01
6535.4673  3.7625e+01  7.9631e+01
6536.7178  -2.9576e+01  5.5772e+01
6537.9678  1.0887e+01  5.8596e+01
6539.2183  -4.3841e+01  4.9246e+01
6540.4688  -2.4808e+01  5.1171e+01
6541.7188  6.0365e+01  5.0654e+01
6542.9692  -4.3258e+01  4.8223e+01
6544.2197  -3.8884e+01  5.4386e+01
6545.4697  5.7908e+01  6.5105e+01
6546.7202  -2.3236e+01  5.8528e+01
6547.9707  8.2861e+01  6.5613e+01
6549.2212  -5.1441e+01  5.4958e+01
6550.4712  3.5432e+01  4.5627e+01
6551.7217  4.0765e+01  4.6418e+01
6552.9722  3.0343e+01  5.0418e+01
6554.2222  7.9186e+01  7.9978e+01
6555.4727  -1.8909e+01  9.0987e+01
6556.7231  3.3108e+00  6.6462e+01
6557.9731  2.1409e+01  5.2201e+01
6559.2236  -2.2419e+01  5.1874e+01
6560.4741  -4.4428e+00  4.5756e+01
6561.7241  3.2190e+01  4.5094e+01
6562.9746  -7.0247e+01  6.8270e+01
6564.2251  -7.4732e-01  9.3423e+01
6565.4751  6.4978e+01  7.8996e+01
6566.7256  2.5611e+01  5.5339e+01
6567.9761  -3.4655e+01  5.2011e+01
6569.2266  1.0148e+02  5.8341e+01
6570.4766  6.0395e+01  6.4264e+01
6571.7271  4.1539e+01  5.3653e+01
6572.9775  -3.8520e+01  4.9351e+01
6574.2275  -5.2805e+01  4.5204e+01
6575.4780  -6.9059e+00  5.6901e+01
6576.7285  -7.1194e+01  5.0576e+01
6577.9785  -5.6354e+01  7.4064e+01
6579.2290  8.4097e+01  8.1121e+01
6580.4795  -3.8798e+01  6.6832e+01
6581.7295  -1.9857e+01  6.1818e+01
6582.9800  1.1183e+01  5.0196e+01
6584.2305  -1.0868e+00  4.7050e+01
6585.4805  7.0462e+00  5.4295e+01
6586.7310  4.2512e+01  4.7964e+01
6587.9814  -6.4971e+01  4.4996e+01
6589.2319  -6.1916e+01  4.5296e+01
6590.4819  1.8280e+01  5.6442e+01
6591.7324  1.0248e+02  4.7302e+01
6592.9829  4.7284e+00  4.5916e+01
6594.2329  5.0047e+01  5.8932e+01
6595.4834  -1.0440e+02  5.2824e+01
6596.7339  7.1008e+01  5.6725e+01
6597.9839  4.1500e+01  6.0541e+01
6599.2344  6.0574e+01  5.9118e+01
6600.4849  5.5113e+01  4.7799e+01
6601.7349  -1.0218e+02  4.4285e+01
6602.9854  2.0944e+01  5.1120e+01
6604.2358  -9.8994e+01  5.3498e+01
6605.4858  7.8710e+01  7.1630e+01
6606.7363  4.0096e+01  6.0125e+01
6607.9868  3.5032e+01  4.6297e+01
6609.2373  4.1843e+01  5.2679e+01
6610.4873  9.1046e+00  5.7825e+01
6611.7378  -4.7225e+01  4.4485e+01
6612.9883  9.6330e+00  4.8703e+01
6614.2383  5.2816e+01  4.3151e+01
6615.4888  -5.5517e+01  4.2922e+01
6616.7393  1.9240e+01  4.3191e+01
6617.9893  -5.7338e+01  5.3212e+01
6619.2397  -8.2090e+01  4.4639e+01
6620.4902  9.3120e+01  4.3614e+01
6621.7402  2.5213e+01  4.4174e+01
6622.9907  4.7655e+00  4.6266e+01
6624.2412  -1.4766e+00  5.8361e+01
6625.4912  1.4824e+01  4.9702e+01
