# SNR 9.6716
# Quality c
# flux_factor = 1.e-20
5626.4189  3.5247e+01  8.5989e+01
5627.6694  8.3281e+01  8.0371e+01
5628.9194  3.7066e+01  8.0511e+01
5630.1699  1.4836e+02  8.0347e+01
5631.4204  -3.3099e+01  7.9665e+01
5632.6704  -1.1553e+02  9.5499e+01
5633.9209  8.5534e+01  9.4697e+01
5635.1714  -1.1305e+02  8.7629e+01
5636.4214  1.0602e+02  7.9099e+01
5637.6719  -2.2566e+01  7.8977e+01
5638.9224  6.9516e+01  7.9548e+01
5640.1724  2.7672e+01  9.9035e+01
5641.4229  3.0923e+01  8.0939e+01
5642.6733  3.7125e+01  7.7616e+01
5643.9233  4.8994e+00  8.3750e+01
5645.1738  2.1407e+02  8.4577e+01
5646.4243  2.6554e+01  8.6588e+01
5647.6743  -1.1144e+02  8.5016e+01
5648.9248  1.5956e+02  8.9895e+01
5650.1753  7.7441e+01  9.6270e+01
5651.4258  -1.3559e+02  9.3165e+01
5652.6758  -8.0148e+01  7.9779e+01
5653.9263  -9.2524e+00  1.0192e+02
5655.1768  -3.9115e+01  8.5315e+01
5656.4268  1.3526e+02  7.9255e+01
5657.6772  4.3286e+01  8.3375e+01
5658.9277  -1.1355e+02  8.8129e+01
5660.1777  1.5654e+00  8.6325e+01
5661.4282  7.6514e+01  7.7957e+01
5662.6787  -2.2397e+02  9.3056e+01
5663.9287  -5.2318e+01  7.9105e+01
5665.1792  2.4437e+02  8.5573e+01
5666.4297  9.2128e+01  9.5153e+01
5667.6797  8.1124e+01  1.0600e+02
5668.9302  4.5505e+01  1.0480e+02
5670.1807  7.1619e+01  9.4712e+01
5671.4312  5.0015e+01  8.4036e+01
5672.6812  -9.1193e+01  8.7455e+01
5673.9316  -6.2595e+01  8.2421e+01
5675.1821  -4.5813e+01  8.4552e+01
5676.4321  -4.3493e+01  9.3024e+01
5677.6826  -1.2378e+02  9.8563e+01
5678.9331  -6.6895e+01  8.7277e+01
5680.1831  3.3584e+01  8.8862e+01
5681.4336  -5.1486e+01  9.0213e+01
5682.6841  -4.4984e+01  8.2515e+01
5683.9341  -9.7721e+01  8.0909e+01
5685.1846  3.9534e+01  8.2824e+01
5686.4351  1.3662e+01  9.6396e+01
5687.6851  -1.3656e+01  8.5536e+01
5688.9355  4.7853e+01  8.3988e+01
5690.1860  -2.8137e+01  8.1918e+01
5691.4360  1.0838e+02  8.4105e+01
5692.6865  -1.9731e+01  8.8164e+01
5693.9370  2.6167e+01  8.9892e+01
5695.1875  1.4349e+02  1.0747e+02
5696.4375  -4.8821e+01  8.4883e+01
5697.6880  3.7946e+01  8.5482e+01
5698.9385  2.5465e+01  8.4086e+01
5700.1885  -1.3630e+02  8.2915e+01
5701.4390  -6.1900e+01  8.2401e+01
5702.6895  3.7464e+01  9.3719e+01
5703.9395  -1.5514e+02  8.7032e+01
5705.1899  1.0307e+02  9.9864e+01
5706.4404  1.0110e+02  8.1979e+01
5707.6904  5.8909e+01  8.1249e+01
5708.9409  -4.3868e+01  8.1389e+01
5710.1914  2.8767e+01  9.1252e+01
5711.4414  2.6900e+02  9.0568e+01
5712.6919  7.6561e+00  7.9212e+01
5713.9424  -1.2950e+02  8.2207e+01
5715.1924  4.0835e+01  8.2820e+01
5716.4429  7.2093e+01  8.6748e+01
5717.6934  6.2531e+01  8.2292e+01
5718.9438  2.7170e+02  8.4134e+01
5720.1938  6.2077e+02  8.0325e+01
5721.4443  7.5870e+02  8.0521e+01
5722.6948  4.7669e+02  8.0375e+01
5723.9448  4.7835e+02  8.1795e+01
5725.1953  3.6921e+02  8.5890e+01
5726.4458  3.6777e+02  8.9219e+01
5727.6958  2.2124e+02  8.9536e+01
5728.9463  8.6299e+01  8.9637e+01
5730.1968  1.1752e+02  9.2932e+01
5731.4468  7.9048e+01  9.1472e+01
5732.6973  1.4895e+02  9.8005e+01
5733.9478  1.1683e+02  8.0701e+01
5735.1978  7.3706e+01  8.1363e+01
5736.4482  1.5191e+02  7.9958e+01
5737.6987  -4.0056e+01  8.6079e+01
5738.9487  -4.2659e+01  8.3588e+01
5740.1992  1.0768e+02  1.0111e+02
5741.4497  8.8663e+01  7.8447e+01
5742.7002  1.6275e+02  7.9197e+01
5743.9502  3.7225e+01  8.9127e+01
5745.2007  1.8263e+02  9.7344e+01
5746.4512  6.7237e+01  8.1145e+01
5747.7012  5.7650e+01  8.9819e+01
5748.9517  2.2915e+01  8.1817e+01
5750.2021  -1.0817e+02  8.0557e+01
5751.4521  8.7861e+00  7.9450e+01
5752.7026  4.3086e+01  7.7943e+01
5753.9531  6.6165e+01  9.3626e+01
5755.2031  5.6048e+01  8.1115e+01
5756.4536  -8.1579e+00  9.3141e+01
5757.7041  1.5682e+02  8.0016e+01
5758.9541  1.1239e+02  9.9831e+01
5760.2046  -2.2775e+01  8.9007e+01
5761.4551  5.7844e+01  7.8700e+01
5762.7056  4.5582e+01  7.9294e+01
5763.9556  1.8336e+02  9.0408e+01
5765.2061  1.1096e+02  8.3019e+01
5766.4565  1.3790e+02  8.1562e+01
5767.7065  1.0189e+02  9.3762e+01
5768.9570  4.3737e+01  9.7943e+01
5770.2075  3.8953e+01  8.2824e+01
5771.4575  7.9543e+01  9.6481e+01
5772.7080  8.6630e+01  1.0750e+02
5773.9585  6.0397e+01  8.0990e+01
5775.2085  5.3838e+01  8.3520e+01
5776.4590  1.3771e+01  9.9097e+01
5777.7095  -1.1180e+02  9.2609e+01
5778.9595  1.0587e+01  8.5237e+01
5780.2100  -3.1769e+01  8.1173e+01
5781.4604  3.6417e+01  8.0950e+01
5782.7104  8.7473e+01  8.7819e+01
5783.9609  -9.0934e+00  7.7674e+01
5785.2114  7.4206e+01  9.4108e+01
5786.4619  5.3800e+01  7.9090e+01
5787.7119  -3.0177e+01  7.8404e+01
5788.9624  7.2715e+01  8.9877e+01
5790.2129  -5.2367e+01  9.7352e+01
5791.4629  -5.0551e+01  1.0548e+02
5792.7134  7.1855e+01  8.5608e+01
5793.9639  1.7899e+02  7.9059e+01
5795.2139  -6.9595e+01  8.2467e+01
5796.4644  1.1883e+02  8.2863e+01
5797.7148  1.3422e+02  7.8758e+01
5798.9648  8.8511e+01  7.7078e+01
5800.2153  -5.5790e+01  8.8976e+01
5801.4658  -1.3651e+02  8.8291e+01
5802.7158  3.5841e+01  7.9099e+01
5803.9663  2.9349e+01  7.6979e+01
5805.2168  7.2950e+01  7.7494e+01
5806.4668  1.3346e+01  7.7196e+01
5807.7173  -4.4910e+01  9.4474e+01
5808.9678  -4.6158e+01  7.6293e+01
5810.2183  -1.3042e+02  7.7429e+01
5811.4683  -5.5891e-01  9.3616e+01
5812.7188  -4.9185e+01  8.0246e+01
5813.9692  -1.0870e+01  7.7137e+01
5815.2192  1.1980e+02  9.1850e+01
