# SNR 8.8911
# Quality c
# flux_factor = 1.e-20
5227.9277  1.1477e+02  1.0396e+02
5229.1782  -1.6699e+01  9.0801e+01
5230.4282  1.2724e+02  1.0959e+02
5231.6787  -1.2410e+02  1.0390e+02
5232.9292  -1.1306e+02  8.9772e+01
5234.1792  2.4760e+02  8.5927e+01
5235.4297  9.3194e+01  9.4017e+01
5236.6802  -7.8666e+01  9.6361e+01
5237.9307  2.4537e+01  1.0841e+02
5239.1807  1.6226e+02  9.5458e+01
5240.4312  3.4241e+01  1.0008e+02
5241.6816  1.2302e+02  9.6840e+01
5242.9316  -1.7594e+01  9.6012e+01
5244.1821  7.9641e+01  8.7966e+01
5245.4326  -3.0689e+00  7.6367e+01
5246.6826  7.2833e+01  8.2282e+01
5247.9331  -3.6409e+00  9.4966e+01
5249.1836  9.6946e+00  9.9000e+01
5250.4336  4.0476e+01  9.5035e+01
5251.6841  -5.1022e+01  9.7697e+01
5252.9346  -8.4221e+01  1.2075e+02
5254.1846  1.0639e+01  8.8306e+01
5255.4351  1.6282e+02  1.1262e+02
5256.6855  1.4658e+02  8.9511e+01
5257.9355  8.4768e+01  1.1682e+02
5259.1860  -5.3760e+00  1.0968e+02
5260.4365  -1.8612e+01  8.7950e+01
5261.6870  1.4143e+01  9.7661e+01
5262.9370  -4.0397e+01  1.0161e+02
5264.1875  1.7911e+02  9.4854e+01
5265.4380  1.1611e+02  1.0522e+02
5266.6880  7.5140e+01  9.6611e+01
5267.9385  5.4805e+01  9.2736e+01
5269.1890  -1.7253e+02  8.6357e+01
5270.4390  2.3822e+01  8.9207e+01
5271.6895  9.4022e+01  1.0294e+02
5272.9399  1.2734e+02  8.1085e+01
5274.1899  -1.1483e+02  8.6323e+01
5275.4404  -6.2422e+01  9.0544e+01
5276.6909  9.9372e+01  9.1872e+01
5277.9409  1.5344e+02  1.0625e+02
5279.1914  -6.7214e+01  1.2001e+02
5280.4419  5.5512e+01  1.0076e+02
5281.6919  1.2185e+02  9.7702e+01
5282.9424  2.3542e+02  9.4813e+01
5284.1929  1.2170e+02  9.2462e+01
5285.4429  -5.2705e+01  7.8256e+01
5286.6934  -1.1368e+02  8.4145e+01
5287.9438  1.0931e+02  8.1457e+01
5289.1943  5.5188e+01  8.6385e+01
5290.4443  1.3637e+02  8.7089e+01
5291.6948  7.9431e+01  1.0433e+02
5292.9453  -4.7158e+01  9.7094e+01
5294.1953  -4.8142e+01  9.5285e+01
5295.4458  7.1894e+01  9.6396e+01
5296.6963  1.2622e+02  9.3237e+01
5297.9463  5.6900e+01  7.9458e+01
5299.1968  1.0905e+02  7.8406e+01
5300.4473  4.0498e+01  9.3184e+01
5301.6973  1.6077e+02  9.8651e+01
5302.9478  2.3031e+02  9.4543e+01
5304.1982  4.3895e+00  8.8805e+01
5305.4482  1.8660e+02  9.3095e+01
5306.6987  4.0298e+02  9.2841e+01
5307.9492  3.1055e+02  8.1882e+01
5309.1992  2.4694e+02  9.6389e+01
5310.4497  1.2618e+02  9.9336e+01
5311.7002  -4.2944e+01  8.1697e+01
5312.9502  3.9511e+02  9.9637e+01
5314.2007  5.9868e+02  1.1179e+02
5315.4512  7.2028e+02  9.3740e+01
5316.7017  6.3771e+02  9.5118e+01
5317.9517  4.8959e+02  9.7067e+01
5319.2021  3.7330e+02  9.2213e+01
5320.4526  4.1784e+02  9.6849e+01
5321.7026  2.1909e+02  7.5083e+01
5322.9531  4.2335e+01  8.7976e+01
5324.2036  -9.9858e+01  1.1802e+02
5325.4536  3.3001e+02  9.2607e+01
5326.7041  2.3404e+02  1.0822e+02
5327.9546  9.1566e+01  1.0127e+02
5329.2046  2.7632e+02  8.6402e+01
5330.4551  2.2523e+02  1.0572e+02
5331.7056  9.1856e+01  1.0107e+02
5332.9556  9.9103e+01  1.0270e+02
5334.2061  7.0534e+01  9.8871e+01
5335.4565  -9.0350e+01  1.0175e+02
5336.7065  4.4424e+01  8.8959e+01
5337.9570  3.2046e+01  7.8601e+01
5339.2075  1.4432e+02  9.1686e+01
5340.4580  1.0535e+02  8.8965e+01
5341.7080  -3.6991e+01  9.6530e+01
5342.9585  -3.4468e+01  8.7145e+01
5344.2090  1.2870e+02  9.4413e+01
5345.4590  7.9262e+01  7.7255e+01
5346.7095  8.0299e+01  1.0544e+02
5347.9600  4.6677e+01  8.4485e+01
5349.2100  2.0611e+02  8.6260e+01
5350.4604  1.4202e+02  7.7585e+01
5351.7109  1.4948e+02  9.5379e+01
5352.9609  1.2749e+02  1.0421e+02
5354.2114  6.2876e+01  1.1115e+02
5355.4619  1.5032e+02  9.6325e+01
5356.7119  2.0681e+02  8.1271e+01
5357.9624  5.3901e+01  8.6481e+01
5359.2129  1.3784e+02  7.9973e+01
5360.4629  1.6992e+02  8.4620e+01
5361.7134  1.1594e+02  1.0034e+02
5362.9639  1.6518e+02  1.0411e+02
5364.2139  3.0654e-02  8.2005e+01
5365.4644  4.6915e+01  8.6959e+01
5366.7148  4.2858e+01  7.5638e+01
5367.9653  1.0477e+02  8.7141e+01
5369.2153  8.0565e+01  8.6530e+01
5370.4658  1.3888e+02  9.1564e+01
5371.7163  -6.0405e+01  9.6282e+01
5372.9663  3.9015e+00  7.6211e+01
5374.2168  8.8051e+01  9.0451e+01
5375.4673  -1.2471e+02  9.1709e+01
5376.7173  -1.8914e+01  1.0305e+02
5377.9678  1.7744e+02  7.7152e+01
5379.2183  1.0140e+02  8.5521e+01
5380.4683  1.0913e+02  8.6567e+01
5381.7188  1.1898e+02  9.5572e+01
5382.9692  1.3145e+02  9.0647e+01
5384.2192  8.7733e+01  1.0006e+02
5385.4697  -9.5339e+00  8.9755e+01
5386.7202  2.0003e+02  9.8037e+01
5387.9702  2.9480e+02  9.8647e+01
5389.2207  7.3717e+01  8.2363e+01
5390.4712  5.8132e+01  8.9917e+01
5391.7217  9.8427e+01  7.5093e+01
5392.9717  3.6931e+01  9.3626e+01
5394.2222  1.9847e+02  9.6462e+01
5395.4727  1.0946e+02  9.9342e+01
5396.7227  1.2010e+02  7.8812e+01
5397.9731  1.8151e+02  8.7511e+01
5399.2236  1.3311e+02  1.0421e+02
5400.4736  1.7472e+02  8.8649e+01
5401.7241  1.1624e+00  6.9661e+01
5402.9746  1.3629e+02  9.4911e+01
