# SNR 11.3463
# Quality c
# flux_factor = 1.e-20
5144.9229  -5.8627e+01  7.5223e+01
5146.1733  -1.1581e+02  9.1226e+01
5147.4233  1.0421e+02  6.9671e+01
5148.6738  1.6869e+01  6.1803e+01
5149.9243  -5.5597e+01  6.4333e+01
5151.1743  4.1249e+00  6.5375e+01
5152.4248  -2.6676e+01  8.2731e+01
5153.6753  -9.7733e+00  6.7476e+01
5154.9253  -6.5246e+01  7.5318e+01
5156.1758  8.1765e+01  7.4660e+01
5157.4263  1.1023e+02  7.2998e+01
5158.6763  8.6018e+01  6.6644e+01
5159.9268  -1.1076e+02  7.2185e+01
5161.1772  -1.7585e+02  6.6932e+01
5162.4272  -3.8456e+01  6.4966e+01
5163.6777  8.4096e+01  8.0381e+01
5164.9282  -1.1750e+01  6.0427e+01
5166.1782  -5.8412e+01  8.0281e+01
5167.4287  2.5724e+01  6.2795e+01
5168.6792  4.8212e+01  7.6867e+01
5169.9292  5.5456e+00  6.2066e+01
5171.1797  -1.6090e+01  6.2727e+01
5172.4302  1.1638e+02  6.4623e+01
5173.6802  -4.3677e+00  6.5961e+01
5174.9307  -1.4880e+01  6.2828e+01
5176.1812  1.3617e+02  7.7778e+01
5177.4316  9.0942e+01  8.4275e+01
5178.6816  3.7710e+01  6.8437e+01
5179.9321  -4.0615e+01  6.2139e+01
5181.1826  1.5198e+00  6.5424e+01
5182.4326  8.7215e+01  7.9940e+01
5183.6831  4.6356e+01  6.2306e+01
5184.9336  1.6133e+01  6.7386e+01
5186.1836  4.9351e+01  6.1897e+01
5187.4341  1.8104e+01  6.6649e+01
5188.6846  -4.9187e+01  7.4217e+01
5189.9346  -1.2852e+01  7.4989e+01
5191.1851  -1.9244e+00  7.8354e+01
5192.4355  -6.7137e+01  6.6192e+01
5193.6855  -6.6455e+01  7.8626e+01
5194.9360  7.9679e+01  7.5244e+01
5196.1865  -1.0043e+02  6.4675e+01
5197.4365  -6.5194e+01  6.2679e+01
5198.6870  -1.4684e+02  6.7365e+01
5199.9375  -1.4497e+02  7.5536e+01
5201.1875  4.2375e+01  7.6919e+01
5202.4380  8.1720e+01  7.3635e+01
5203.6885  2.3584e+01  7.0028e+01
5204.9390  -1.6707e+01  7.1038e+01
5206.1890  -2.5321e+01  6.0189e+01
5207.4395  1.0210e+02  6.2523e+01
5208.6899  -1.3762e+02  6.4501e+01
5209.9399  -2.8980e+01  7.8749e+01
5211.1904  2.0552e+01  6.7031e+01
5212.4409  -8.4089e+01  7.6897e+01
5213.6909  4.8153e+01  7.4652e+01
5214.9414  3.5332e+01  6.6056e+01
5216.1919  1.7150e+02  6.6715e+01
5217.4419  4.9104e-01  6.7799e+01
5218.6924  4.9769e+01  6.4960e+01
5219.9429  -3.9354e+01  7.4037e+01
5221.1929  4.3210e+01  7.0275e+01
5222.4434  1.1305e+02  6.2980e+01
5223.6938  1.5274e+02  6.9808e+01
5224.9438  1.0217e+02  6.7288e+01
5226.1943  1.6040e+02  7.1624e+01
5227.4448  3.2602e+01  6.4847e+01
5228.6953  3.4442e+01  7.4587e+01
5229.9453  2.8012e+02  6.1720e+01
5231.1958  5.1751e+02  7.6670e+01
5232.4463  4.7177e+02  6.2606e+01
5233.6963  4.3024e+02  6.6846e+01
5234.9468  2.8332e+02  6.8049e+01
5236.1973  2.6423e+02  5.8277e+01
5237.4473  4.3500e+01  7.8583e+01
5238.6978  -2.1586e+01  7.0670e+01
5239.9482  1.4855e+02  6.5329e+01
5241.1982  -1.9410e+01  6.8495e+01
5242.4487  1.1256e+02  7.4213e+01
5243.6992  -3.2577e+01  6.9466e+01
5244.9492  1.8280e+01  6.0992e+01
5246.1997  -5.0625e+01  6.1818e+01
5247.4502  -1.5369e+01  6.8670e+01
5248.7002  8.2501e+01  6.0125e+01
5249.9507  -3.8189e+00  5.9869e+01
5251.2012  -5.4161e+00  7.5434e+01
5252.4512  3.7270e+01  7.2616e+01
5253.7017  4.5454e+01  6.3699e+01
5254.9521  -4.0291e+00  7.7029e+01
5256.2026  1.9281e+01  6.8374e+01
5257.4526  -4.2187e+01  6.8197e+01
5258.7031  -1.9304e+01  7.4739e+01
5259.9536  7.8905e+01  7.1363e+01
5261.2036  1.0077e+02  6.8540e+01
5262.4541  3.1523e+01  7.4855e+01
5263.7046  6.3618e+01  7.0293e+01
5264.9546  4.5885e+01  6.8637e+01
5266.2051  -8.7765e+01  5.4350e+01
5267.4556  -7.2827e+01  7.3019e+01
5268.7056  6.6811e+00  5.8028e+01
5269.9561  -2.7635e+01  6.3087e+01
5271.2065  6.1072e+00  6.0603e+01
5272.4565  -4.5323e+00  6.1344e+01
5273.7070  4.4398e+01  5.7296e+01
5274.9575  -7.1132e+01  7.3212e+01
5276.2075  2.6636e+01  7.4991e+01
5277.4580  -1.7966e+01  6.4545e+01
5278.7085  -7.2690e+01  6.7259e+01
5279.9585  -6.0044e+01  6.4370e+01
5281.2090  -2.4993e+01  5.9938e+01
5282.4595  -4.5806e+01  6.8445e+01
5283.7100  4.9507e+01  5.8317e+01
5284.9600  2.5559e+01  7.0662e+01
5286.2104  -5.6628e+01  5.7013e+01
5287.4609  -2.5072e+02  7.0893e+01
5288.7109  3.2966e+01  7.1987e+01
5289.9614  4.1267e+00  6.6807e+01
5291.2119  4.1529e+01  7.9297e+01
5292.4619  6.9224e+01  7.0185e+01
5293.7124  -1.0715e+02  6.3102e+01
5294.9629  -1.0434e+02  6.9471e+01
5296.2129  1.5441e+01  7.0767e+01
5297.4634  -9.5070e+01  6.9816e+01
5298.7139  4.7917e+01  6.7664e+01
5299.9639  -4.3801e+01  7.3279e+01
5301.2144  1.9896e+01  8.3526e+01
5302.4648  1.3115e+00  6.8560e+01
5303.7148  -3.8770e+01  7.4666e+01
5304.9653  4.4095e+01  7.8924e+01
5306.2158  -1.2415e+02  6.9326e+01
5307.4658  5.5693e+01  7.1038e+01
5308.7163  5.5251e+01  6.6123e+01
5309.9668  4.5371e+01  6.0810e+01
5311.2173  -6.5538e+00  6.4389e+01
5312.4673  9.4106e+00  5.9599e+01
5313.7178  -1.5459e+01  6.1285e+01
5314.9683  -1.1960e+01  7.0409e+01
5316.2183  -2.3596e+00  6.6304e+01
5317.4688  5.2666e+01  6.5855e+01
5318.7192  4.6508e+01  6.6335e+01
