# SNR 14.8085
# Quality c
# flux_factor = 1.e-20
4801.3257  2.1826e+02  1.4062e+02
4802.5762  2.4563e+02  1.4111e+02
4803.8262  -6.0886e+01  1.4223e+02
4805.0767  2.7568e+02  1.4278e+02
4806.3271  -4.1541e+00  1.4011e+02
4807.5771  1.2541e+02  1.3943e+02
4808.8276  -1.2442e+02  1.3779e+02
4810.0781  -1.5125e+02  1.3844e+02
4811.3281  -1.6315e+02  1.3802e+02
4812.5786  -6.4096e+01  1.3867e+02
4813.8291  1.1614e+02  1.3934e+02
4815.0791  -1.2995e+00  1.3895e+02
4816.3296  8.3600e+01  1.3980e+02
4817.5801  5.1773e+01  1.4174e+02
4818.8301  7.0579e+00  1.4220e+02
4820.0806  1.2650e+02  1.4140e+02
4821.3311  1.5257e+02  1.4293e+02
4822.5811  -1.6097e+02  1.4265e+02
4823.8315  -7.2326e+01  1.4047e+02
4825.0820  1.3437e+01  1.3967e+02
4826.3320  1.0132e+01  1.3881e+02
4827.5825  1.5457e+02  1.3985e+02
4828.8330  3.4484e+01  1.3956e+02
4830.0835  8.3158e+01  1.3996e+02
4831.3335  -9.4006e+01  1.3910e+02
4832.5840  -7.0691e+01  1.3769e+02
4833.8345  1.4043e+02  1.3938e+02
4835.0845  -1.1705e+02  1.4103e+02
4836.3350  -3.3382e+01  1.3970e+02
4837.5854  -1.8575e+02  1.3846e+02
4838.8354  1.2137e+02  1.3861e+02
4840.0859  7.8331e+01  1.3784e+02
4841.3364  1.7946e+02  1.3616e+02
4842.5864  -1.0808e+02  1.3573e+02
4843.8369  1.5596e+02  1.3478e+02
4845.0874  2.4460e+01  1.3500e+02
4846.3374  1.3805e+02  1.3424e+02
4847.5879  1.7142e+01  1.3503e+02
4848.8384  -6.5532e+01  1.3533e+02
4850.0884  1.0176e+02  1.3132e+02
4851.3389  2.0175e+02  1.3167e+02
4852.5894  1.2334e+02  1.3200e+02
4853.8394  1.6648e+02  1.3222e+02
4855.0898  1.0419e+02  1.3168e+02
4856.3403  1.7794e+02  1.2864e+02
4857.5903  5.6127e+01  1.2822e+02
4858.8408  1.2687e+02  1.2677e+02
4860.0913  1.8769e+02  1.2633e+02
4861.3413  1.5527e+01  1.2903e+02
4862.5918  -1.3457e+02  1.3348e+02
4863.8423  6.8374e+01  1.3059e+02
4865.0928  6.5770e+01  1.2752e+02
4866.3428  1.0962e+02  1.2648e+02
4867.5933  1.8074e+02  1.2768e+02
4868.8438  1.6929e+02  1.2846e+02
4870.0938  1.5121e+02  1.2956e+02
4871.3442  -4.8211e+01  1.2891e+02
4872.5947  1.3397e+02  1.2598e+02
4873.8447  4.0164e+02  1.2497e+02
4875.0952  2.6367e+02  1.2606e+02
4876.3457  1.5664e+02  1.2620e+02
4877.5957  6.2847e+01  1.2759e+02
4878.8462  3.2047e+02  1.2792e+02
4880.0967  7.7409e+02  1.2921e+02
4881.3467  1.0649e+03  1.2990e+02
4882.5972  1.0945e+03  1.3110e+02
4883.8477  8.3253e+02  1.2956e+02
4885.0977  4.5159e+02  1.2876e+02
4886.3481  3.3691e+02  1.2881e+02
4887.5986  5.2053e+01  1.2692e+02
4888.8486  5.2089e+01  1.2713e+02
4890.0991  6.3176e+01  1.2661e+02
4891.3496  -5.9676e+01  1.2692e+02
4892.5996  -2.2290e+01  1.2717e+02
4893.8501  4.7856e+01  1.2697e+02
4895.1006  6.5941e+01  1.2728e+02
4896.3511  1.4990e+02  1.2965e+02
4897.6011  3.0878e+02  1.2742e+02
4898.8516  7.8273e+01  1.2618e+02
4900.1021  2.3893e+01  1.2609e+02
4901.3521  1.2305e+01  1.2461e+02
4902.6025  -1.5343e+02  1.2434e+02
4903.8530  1.0185e+02  1.2484e+02
4905.1030  2.2251e+00  1.2615e+02
4906.3535  -8.9234e+01  1.2766e+02
4907.6040  -1.8133e+02  1.2655e+02
4908.8540  -6.3218e+01  1.2379e+02
4910.1045  2.0196e+02  1.2299e+02
4911.3550  5.3468e+01  1.2373e+02
4912.6050  1.2103e+02  1.2308e+02
4913.8555  -1.2485e+02  1.2199e+02
4915.1060  -2.5784e+01  1.2450e+02
4916.3560  1.4317e+02  1.2410e+02
4917.6064  2.5515e+01  1.2379e+02
4918.8569  -4.5870e+01  1.2246e+02
4920.1069  -1.6696e+02  1.1907e+02
4921.3574  -7.1385e+01  1.1791e+02
4922.6079  -3.6867e+00  1.1941e+02
4923.8579  -5.4272e+01  1.2130e+02
4925.1084  -1.2039e+02  1.2307e+02
4926.3589  2.3297e+02  1.2335e+02
4927.6094  1.8874e+02  1.2209e+02
4928.8594  3.2212e+01  1.2229e+02
4930.1099  1.1726e+02  1.2185e+02
4931.3604  6.9814e+01  1.2248e+02
4932.6104  -5.1507e+01  1.2275e+02
4933.8608  -1.8076e+02  1.2070e+02
4935.1113  -5.5646e+01  1.1989e+02
4936.3613  -8.2803e+01  1.2090e+02
4937.6118  2.6987e+01  1.2138e+02
4938.8623  1.2016e+02  1.2279e+02
4940.1123  9.4798e+01  1.2034e+02
4941.3628  -5.0579e+01  1.1905e+02
4942.6133  -1.3005e+02  1.2124e+02
4943.8633  -1.3080e+01  1.2113e+02
4945.1138  2.0086e+01  1.1957e+02
4946.3643  1.3033e+02  1.1956e+02
4947.6143  5.3477e+01  1.1808e+02
4948.8647  -3.5274e+01  1.2036e+02
4950.1152  -3.5634e+01  1.2175e+02
4951.3652  7.0071e+01  1.2021e+02
4952.6157  7.4135e+01  1.2087e+02
4953.8662  -2.6040e+01  1.2259e+02
4955.1162  9.4889e+01  1.2246e+02
4956.3667  1.5059e+02  1.1956e+02
4957.6172  2.5731e+01  1.1588e+02
4958.8677  -7.2393e+01  1.1619e+02
4960.1177  8.8689e+01  1.1751e+02
4961.3682  8.1572e+01  1.1801e+02
4962.6187  -1.0213e+01  1.1782e+02
