# SNR 10.3916
# Quality c
# flux_factor = 1.e-20
5158.6655  -5.0569e+00  6.9121e+01
5159.9160  1.2260e+02  6.0605e+01
5161.1665  5.0526e+01  6.5881e+01
5162.4165  -3.7667e+01  8.1196e+01
5163.6670  7.6022e+00  6.3051e+01
5164.9175  1.4810e+01  6.0557e+01
5166.1675  1.2735e+01  6.9388e+01
5167.4180  5.0895e+01  5.2888e+01
5168.6685  5.1629e+01  5.6613e+01
5169.9185  -1.3630e+01  7.0245e+01
5171.1689  6.4183e+00  6.6621e+01
5172.4194  -5.9651e+00  7.0188e+01
5173.6694  1.0319e+02  7.1190e+01
5174.9199  -2.5963e-01  6.3600e+01
5176.1704  3.0406e+00  8.4720e+01
5177.4209  9.2957e+01  7.8484e+01
5178.6709  1.4726e+02  5.6343e+01
5179.9214  6.6431e+01  8.3814e+01
5181.1719  9.8542e+01  5.6995e+01
5182.4219  9.5829e+01  6.5871e+01
5183.6724  -4.9339e+01  6.1670e+01
5184.9229  -2.0272e+01  6.6144e+01
5186.1729  7.9072e+01  5.4973e+01
5187.4233  3.5953e+01  6.3251e+01
5188.6738  -3.8859e+01  6.0049e+01
5189.9238  -8.8817e+01  5.9945e+01
5191.1743  -5.1402e+01  6.4541e+01
5192.4248  1.8298e+00  5.9638e+01
5193.6748  -1.0697e+01  5.6135e+01
5194.9253  -8.5451e+01  5.6236e+01
5196.1758  -4.2292e+01  8.0105e+01
5197.4258  -4.2925e+01  6.3284e+01
5198.6763  -4.8605e+01  8.3113e+01
5199.9268  1.9244e+01  7.5672e+01
5201.1768  -6.2877e+01  6.6827e+01
5202.4272  -6.5354e+01  7.9018e+01
5203.6777  -1.2403e+01  6.2067e+01
5204.9282  -4.3906e+00  6.8470e+01
5206.1782  9.5914e+00  7.6376e+01
5207.4287  8.7622e+01  6.6474e+01
5208.6792  7.6848e+01  5.2805e+01
5209.9292  -2.4189e+01  7.0101e+01
5211.1797  -4.8084e+01  6.7146e+01
5212.4302  2.3709e+01  6.1104e+01
5213.6802  -3.2269e+01  6.1391e+01
5214.9307  -6.6511e+01  6.0460e+01
5216.1812  1.7909e+01  6.4470e+01
5217.4312  -1.7266e+01  6.4366e+01
5218.6816  2.4233e+01  6.5955e+01
5219.9321  -1.9011e+00  7.1585e+01
5221.1821  1.2665e+02  7.0650e+01
5222.4326  8.9669e+01  6.1471e+01
5223.6831  8.4480e+01  6.7988e+01
5224.9331  8.5757e+00  7.7007e+01
5226.1836  -4.5016e+01  5.8254e+01
5227.4341  6.7529e+01  6.7853e+01
5228.6841  5.5945e+01  7.0242e+01
5229.9346  -1.3588e+01  6.8543e+01
5231.1851  -1.2488e+02  6.7937e+01
5232.4355  -2.7046e+01  6.9135e+01
5233.6855  4.7506e+01  5.3961e+01
5234.9360  1.1892e+02  5.0796e+01
5236.1865  1.0954e+01  6.3671e+01
5237.4365  1.8479e+02  5.4951e+01
5238.6870  1.7255e+02  6.2659e+01
5239.9375  -4.6626e+01  5.9685e+01
5241.1875  -3.8392e+01  5.8704e+01
5242.4380  3.9170e+01  7.1752e+01
5243.6885  3.1244e+02  5.7989e+01
5244.9385  5.4490e+02  5.8376e+01
5246.1890  5.1328e+02  6.7782e+01
5247.4395  4.5074e+02  5.5204e+01
5248.6895  2.1173e+02  5.6180e+01
5249.9399  2.8265e+02  7.5039e+01
5251.1904  1.0109e+02  6.1253e+01
5252.4404  1.9271e+02  6.1007e+01
5253.6909  4.2608e+01  5.9409e+01
5254.9414  1.4585e+02  6.2120e+01
5256.1919  2.5082e+01  7.1345e+01
5257.4419  1.3563e+02  6.2656e+01
5258.6924  1.3485e+02  6.4637e+01
5259.9429  7.1269e+01  5.9229e+01
5261.1929  4.4853e+01  5.9526e+01
5262.4434  -3.9383e+01  5.3305e+01
5263.6938  5.7030e+01  6.0460e+01
5264.9438  1.0865e+02  5.9576e+01
5266.1943  5.3439e+01  6.5380e+01
5267.4448  1.8745e+01  6.0741e+01
5268.6948  -5.2896e+00  6.3527e+01
5269.9453  -3.7581e+01  7.3282e+01
5271.1958  9.8400e+01  7.0218e+01
5272.4458  1.4236e+01  6.2236e+01
5273.6963  9.9866e+01  5.2464e+01
5274.9468  7.5962e+01  6.0945e+01
5276.1968  -7.0093e+01  7.3832e+01
5277.4473  -5.8775e+00  5.5747e+01
5278.6978  1.2034e+02  6.4819e+01
5279.9478  9.5044e+01  5.5814e+01
5281.1982  8.6440e+00  5.5061e+01
5282.4487  2.3120e+01  6.4769e+01
5283.6992  -3.0828e+01  5.7733e+01
5284.9492  1.0238e+02  6.2474e+01
5286.1997  1.1307e+02  6.2848e+01
5287.4502  1.0211e+02  5.9970e+01
5288.7002  3.3618e+01  6.6904e+01
5289.9507  1.2975e+02  6.6039e+01
5291.2012  6.0244e+01  5.9608e+01
5292.4512  3.0084e+00  5.9745e+01
5293.7017  9.7131e+01  6.2428e+01
5294.9521  -1.4933e+01  5.8834e+01
5296.2021  -4.2222e+01  5.3372e+01
5297.4526  5.5418e+01  5.9765e+01
5298.7031  -7.6947e+01  6.8688e+01
5299.9531  -1.1322e+02  6.0577e+01
5301.2036  9.3442e+01  5.4882e+01
5302.4541  2.0012e+01  7.4854e+01
5303.7041  -4.4694e+01  6.3408e+01
5304.9546  5.4406e+00  6.2743e+01
5306.2051  2.9324e+00  7.7592e+01
5307.4551  -2.8072e+01  5.0632e+01
5308.7056  4.5103e+01  5.4290e+01
5309.9561  7.3975e+00  5.2063e+01
5311.2065  1.9388e+00  5.9920e+01
5312.4565  8.6639e+01  6.0339e+01
5313.7070  1.7239e+02  7.0978e+01
5314.9575  -8.3687e+00  6.2364e+01
5316.2075  2.3471e+01  5.9312e+01
5317.4580  3.0213e+01  5.8454e+01
5318.7085  1.2997e+02  5.9744e+01
5319.9585  6.0809e+01  5.9321e+01
5321.2090  1.2005e+02  7.0540e+01
5322.4595  7.9442e+01  8.4575e+01
5323.7095  1.5173e+02  7.0895e+01
5324.9600  1.0107e+02  6.5442e+01
5326.2104  1.1406e+02  6.3535e+01
5327.4604  7.3597e+01  5.9159e+01
5328.7109  2.5162e+01  6.3150e+01
5329.9614  9.1130e+01  5.5380e+01
5331.2114  9.8788e+01  6.0717e+01
5332.4619  1.0884e+02  6.4047e+01
