# SNR 9.1527
# Quality c
# flux_factor = 1.e-20
6147.6914  -1.4622e+01  5.1275e+01
6148.9414  7.6514e+01  4.4247e+01
6150.1919  5.5530e+01  4.5101e+01
6151.4424  9.6161e+00  5.6173e+01
6152.6924  -6.4595e+01  4.2889e+01
6153.9429  7.2203e+01  4.3437e+01
6155.1934  -1.9583e+01  4.5003e+01
6156.4438  7.7801e+01  4.9176e+01
6157.6938  -5.9797e+01  6.6169e+01
6158.9443  7.5451e+01  5.7727e+01
6160.1948  -2.7860e+01  5.0724e+01
6161.4448  8.3363e+00  5.1068e+01
6162.6953  4.3330e+01  4.2765e+01
6163.9458  9.1374e+01  4.6515e+01
6165.1958  9.7452e+00  4.6602e+01
6166.4463  -1.5173e+01  5.0244e+01
6167.6968  4.2590e+01  3.9568e+01
6168.9468  -9.0529e+01  4.5439e+01
6170.1973  -7.1927e+01  5.7996e+01
6171.4478  1.0843e+02  5.6702e+01
6172.6978  2.7555e+01  5.6218e+01
6173.9482  4.3026e+01  4.5300e+01
6175.1987  -2.8701e+01  4.0688e+01
6176.4492  1.1135e+02  5.0837e+01
6177.6992  3.7243e+01  5.1037e+01
6178.9497  -3.1086e+01  5.0880e+01
6180.2002  1.5195e+02  4.4314e+01
6181.4502  3.3605e+01  4.9685e+01
6182.7007  1.2077e+02  4.2188e+01
6183.9512  4.5835e+01  4.5331e+01
6185.2012  5.7877e+01  4.7004e+01
6186.4517  9.0729e+01  4.1324e+01
6187.7021  -2.9508e+01  4.0094e+01
6188.9521  1.3710e+00  5.0980e+01
6190.2026  1.3277e+01  4.0462e+01
6191.4531  6.1112e+01  5.1779e+01
6192.7031  2.8241e+01  4.7464e+01
6193.9536  1.2699e+02  5.4281e+01
6195.2041  7.8714e+01  5.5846e+01
6196.4546  5.4821e+01  4.3907e+01
6197.7046  -1.6386e-01  4.1442e+01
6198.9551  2.8145e+01  5.1943e+01
6200.2056  1.3138e+00  3.8589e+01
6201.4556  -2.6292e-01  3.9724e+01
6202.7061  8.2440e+01  4.9115e+01
6203.9565  -3.3320e+01  7.0279e+01
6205.2065  3.6814e+01  5.4840e+01
6206.4570  2.1956e+01  3.9171e+01
6207.7075  7.9716e+00  4.5002e+01
6208.9575  3.4608e+01  3.8798e+01
6210.2080  1.1693e+02  4.1202e+01
6211.4585  3.2726e+01  3.9500e+01
6212.7085  1.0095e-01  4.7685e+01
6213.9590  4.8493e+01  4.3864e+01
6215.2095  1.7213e+00  4.3003e+01
6216.4600  1.2127e+02  4.4350e+01
6217.7100  2.1565e+01  5.0587e+01
6218.9604  7.7999e+01  4.4778e+01
6220.2109  1.4383e+02  4.8600e+01
6221.4609  3.9848e+01  5.1232e+01
6222.7114  -1.7544e+01  6.3932e+01
6223.9619  8.1457e+01  5.8609e+01
6225.2119  5.6046e+01  5.5562e+01
6226.4624  -1.1936e+01  5.0381e+01
6227.7129  -4.5220e+01  4.3596e+01
6228.9629  4.9267e+01  4.6660e+01
6230.2134  6.1759e+00  4.7121e+01
6231.4639  5.3775e+01  4.6175e+01
6232.7139  -4.6275e+00  4.9237e+01
6233.9644  9.5466e+01  4.8484e+01
6235.2148  5.8475e+01  6.5670e+01
6236.4648  3.8550e+01  7.9483e+01
6237.7153  3.1600e+00  7.5320e+01
6238.9658  -4.2543e+01  7.0322e+01
6240.2163  5.6720e+00  5.9533e+01
6241.4663  2.0857e+01  6.4677e+01
6242.7168  -1.0087e+01  6.4843e+01
6243.9673  -4.5103e+01  5.1962e+01
6245.2173  1.9422e+01  5.7952e+01
6246.4678  3.0200e+00  4.5505e+01
6247.7183  9.5704e+01  4.1635e+01
6248.9683  1.6381e+02  4.8598e+01
6250.2188  2.5131e+02  4.3496e+01
6251.4692  4.2461e+02  4.9127e+01
6252.7192  2.6354e+02  4.5588e+01
6253.9697  6.8008e+01  4.1380e+01
6255.2202  1.0925e+02  5.0933e+01
6256.4702  5.3247e+01  5.4400e+01
6257.7207  1.5731e+02  7.7734e+01
6258.9712  -3.8997e+01  8.3560e+01
6260.2217  -6.6858e+01  6.8327e+01
6261.4717  3.1652e+01  4.6376e+01
6262.7222  5.3837e+01  4.2187e+01
6263.9727  6.1371e+01  4.8683e+01
6265.2227  1.2716e+02  5.6189e+01
6266.4731  7.8643e+01  5.9971e+01
6267.7236  1.4792e+02  5.0305e+01
6268.9736  8.0216e+01  5.4993e+01
6270.2241  1.0732e+02  4.9220e+01
6271.4746  4.9755e+01  4.7175e+01
6272.7246  1.6750e+01  3.8502e+01
6273.9751  -4.9726e+01  3.9709e+01
6275.2256  6.7470e+01  4.5134e+01
6276.4756  5.5586e+01  4.5248e+01
6277.7261  1.0999e+02  5.6466e+01
6278.9766  -1.2017e+00  5.9433e+01
6280.2271  6.3367e+01  5.2005e+01
6281.4771  4.2104e+01  4.3203e+01
6282.7275  4.1128e+00  3.9863e+01
6283.9780  3.5169e+01  4.5988e+01
6285.2280  2.1777e+01  4.4752e+01
6286.4785  1.2724e+02  5.6070e+01
6287.7290  8.2689e+01  6.9900e+01
6288.9790  -5.2695e+01  7.6413e+01
6290.2295  -4.3367e+01  6.6652e+01
6291.4800  9.0442e+01  5.3826e+01
6292.7300  1.5586e+01  4.5323e+01
6293.9805  7.5833e+01  4.7660e+01
6295.2310  5.7819e+01  4.0427e+01
6296.4810  7.3927e+00  4.1565e+01
6297.7314  4.3923e+01  5.9929e+01
6298.9819  -1.7868e+01  6.6356e+01
6300.2324  5.2743e+01  1.1027e+02
6301.4824  5.8837e+00  1.3539e+02
6302.7329  2.0672e+01  9.9005e+01
6303.9834  -4.0400e+01  7.1368e+01
6305.2334  4.4983e+01  5.7062e+01
6306.4839  7.1085e+01  7.2765e+01
6307.7344  -2.7219e+01  8.4741e+01
6308.9844  4.6349e+01  7.6372e+01
6310.2349  -1.8542e+01  6.0153e+01
6311.4854  3.2872e+01  3.9848e+01
6312.7354  -3.1465e+01  5.3937e+01
6313.9858  -8.3409e+00  4.4312e+01
6315.2363  4.5094e+01  5.6465e+01
6316.4863  7.9629e+01  3.7524e+01
6317.7368  3.6739e+01  4.0534e+01
6318.9873  5.4654e+01  4.3027e+01
6320.2378  2.8632e+01  3.9516e+01
6321.4878  1.5134e+00  5.1925e+01
6322.7383  5.7978e+01  7.2853e+01
6323.9888  2.9380e+01  5.2361e+01
6325.2388  7.4099e+01  3.8620e+01
6326.4893  7.2292e-01  4.1735e+01
6327.7397  -2.1805e+00  4.3870e+01
6328.9897  1.2139e+02  5.9857e+01
6330.2402  9.5466e+01  7.2742e+01
6331.4907  -3.6251e+01  7.5426e+01
6332.7407  2.5182e+01  4.9853e+01
6333.9912  -1.0338e+01  3.8054e+01
6335.2417  7.2033e+01  4.0320e+01
6336.4917  -3.9674e+01  4.8765e+01
6337.7422  3.1850e+01  4.8487e+01
6338.9927  3.8679e+01  3.7970e+01
6340.2432  5.8727e+01  4.0325e+01
6341.4932  -2.3389e+01  3.7812e+01
6342.7437  -5.5713e+01  4.6162e+01
6343.9941  -1.2465e+01  4.4476e+01
6345.2441  1.6219e+01  4.7572e+01
6346.4946  3.9118e+00  4.4692e+01
6347.7451  3.6214e+01  4.0435e+01
6348.9951  4.0945e+01  5.6640e+01
6350.2456  4.8815e+01  5.2804e+01
6351.4961  2.3037e+01  5.2851e+01
6352.7461  6.2231e+01  4.2360e+01
6353.9966  9.4686e+01  3.8268e+01
6355.2471  5.8683e+01  4.7708e+01
