# SNR 12.0048
# Quality c
# flux_factor = 1.e-20
6314.1577  9.4814e+00  5.4100e+01
6315.4082  3.1697e+01  5.1694e+01
6316.6587  1.7648e+02  5.1358e+01
6317.9087  1.0887e+02  5.3373e+01
6319.1592  4.0227e+01  5.0048e+01
6320.4097  1.6840e+02  5.4660e+01
6321.6597  -5.6727e+01  6.7232e+01
6322.9102  1.2580e+02  7.8482e+01
6324.1606  2.5839e+01  6.2990e+01
6325.4106  1.1794e+02  6.5453e+01
6326.6611  7.6451e+01  6.2189e+01
6327.9116  5.9300e+01  5.3250e+01
6329.1616  9.5619e+00  5.6079e+01
6330.4121  1.6269e+02  8.2654e+01
6331.6626  -7.1610e+01  9.1425e+01
6332.9131  3.4867e+01  8.3332e+01
6334.1631  6.2347e+01  5.8746e+01
6335.4136  1.2402e+02  5.9621e+01
6336.6641  -7.2697e-01  4.8629e+01
6337.9141  7.6725e+01  6.6278e+01
6339.1646  1.1369e+02  5.2689e+01
6340.4150  1.2412e+02  5.8346e+01
6341.6650  5.4585e+01  5.0345e+01
6342.9155  8.2231e+01  5.8942e+01
6344.1660  -4.4750e+01  5.1689e+01
6345.4160  -3.5389e+01  6.2658e+01
6346.6665  -8.8436e+01  5.6790e+01
6347.9170  1.4364e+02  5.2274e+01
6349.1670  1.7332e+02  5.9958e+01
6350.4175  8.6373e+01  7.4524e+01
6351.6680  -1.7461e+01  5.4891e+01
6352.9185  1.3401e+02  5.2086e+01
6354.1685  3.3169e+01  5.7589e+01
6355.4189  -2.1209e+01  5.1691e+01
6356.6694  2.9944e+01  7.0579e+01
6357.9194  6.8832e+01  9.2295e+01
6359.1699  1.0024e+02  7.4554e+01
6360.4204  1.6687e+02  6.6593e+01
6361.6704  2.1945e+01  8.6663e+01
6362.9209  -2.4509e+02  1.3835e+02
6364.1714  5.9052e+01  2.0145e+02
6365.4214  7.8843e+01  2.5930e+02
6366.6719  1.0929e+02  1.8161e+02
6367.9224  3.6243e+02  1.5388e+02
6369.1724  6.0164e+01  6.6316e+01
6370.4229  9.1026e+01  4.8873e+01
6371.6733  2.3927e+01  5.1794e+01
6372.9238  2.3184e+01  6.8686e+01
6374.1738  3.3206e+01  5.6513e+01
6375.4243  6.5698e+01  5.2041e+01
6376.6748  8.7299e+01  5.0055e+01
6377.9248  3.9286e+01  5.4135e+01
6379.1753  -5.4729e+01  6.1613e+01
6380.4258  7.9681e+01  6.3137e+01
6381.6758  6.8302e+01  6.0061e+01
6382.9263  2.1926e+02  6.2227e+01
6384.1768  6.3110e+00  6.2059e+01
6385.4268  9.9585e+01  4.9957e+01
6386.6772  9.3724e+01  6.1751e+01
6387.9277  1.0659e+02  6.7533e+01
6389.1777  4.4952e+01  6.0519e+01
6390.4282  1.4159e+02  4.9565e+01
6391.6787  2.5930e+01  5.0182e+01
6392.9292  9.4717e+01  5.8803e+01
6394.1792  7.3793e+01  6.1988e+01
6395.4297  1.0227e+02  4.8636e+01
6396.6802  1.6926e+01  5.5881e+01
6397.9302  4.3667e+01  5.9463e+01
6399.1807  1.0422e+02  4.6642e+01
6400.4312  1.0063e+02  5.7941e+01
6401.6812  7.5923e+01  4.8350e+01
6402.9316  8.2326e+01  5.0052e+01
6404.1821  1.1902e+02  5.9183e+01
6405.4321  -4.6020e+01  5.4254e+01
6406.6826  1.3007e+02  4.7040e+01
6407.9331  1.1802e+02  5.7900e+01
6409.1831  3.6790e+01  5.9886e+01
6410.4336  8.2651e+01  4.5401e+01
6411.6841  7.2476e+01  4.6531e+01
6412.9346  2.5012e+01  5.2416e+01
6414.1846  6.4260e+01  6.4040e+01
6415.4351  1.2391e+02  5.5354e+01
6416.6855  1.2918e+02  5.0972e+01
6417.9355  2.2484e+02  4.5118e+01
6419.1860  4.4241e+02  5.5627e+01
6420.4365  5.8071e+02  6.2239e+01
6421.6865  3.8963e+02  5.3446e+01
6422.9370  4.1106e+02  5.7505e+01
6424.1875  2.3863e+02  5.0864e+01
6425.4375  2.4564e+02  5.4769e+01
6426.6880  1.0879e+02  5.9952e+01
6427.9385  1.6403e+02  5.4068e+01
6429.1885  2.5278e+01  5.5232e+01
6430.4390  9.6147e+01  5.0132e+01
6431.6895  2.6727e+01  5.6669e+01
6432.9399  1.3590e+00  4.9246e+01
6434.1899  -1.1276e+01  5.7730e+01
6435.4404  1.2651e+01  5.6310e+01
6436.6909  4.4108e+01  5.7546e+01
6437.9409  1.2266e+02  5.0530e+01
6439.1914  8.3307e+01  4.4664e+01
6440.4419  6.1557e+01  5.4798e+01
6441.6919  4.6224e+00  5.4712e+01
6442.9424  7.1105e+01  4.8542e+01
6444.1929  7.7615e+01  5.1823e+01
6445.4429  3.7668e+01  5.0116e+01
6446.6934  1.0809e+02  4.8249e+01
6447.9438  5.2054e+01  4.8806e+01
6449.1938  6.2807e+01  5.5754e+01
6450.4443  5.1414e+01  4.9822e+01
6451.6948  -1.9826e+01  5.3744e+01
6452.9453  9.7569e+00  5.5468e+01
6454.1953  1.0282e+00  6.2944e+01
6455.4458  7.5524e+01  6.7373e+01
6456.6963  7.5557e+01  6.5649e+01
6457.9463  6.4948e+01  4.8004e+01
6459.1968  6.4600e+01  5.7527e+01
6460.4473  1.2866e+01  5.2962e+01
6461.6973  1.2434e+02  4.5273e+01
6462.9478  1.5553e+02  5.2368e+01
6464.1982  1.7436e+02  5.4959e+01
6465.4482  1.4444e+02  6.1984e+01
6466.6987  3.9527e+01  6.7939e+01
6467.9492  2.8665e+01  6.7376e+01
6469.1992  9.2947e+01  5.6282e+01
6470.4497  5.4761e+01  5.8956e+01
6471.7002  1.3598e+02  6.7487e+01
6472.9507  3.3429e+01  6.8126e+01
6474.2007  -9.6561e+00  6.1810e+01
6475.4512  8.0015e+01  4.7971e+01
6476.7017  1.0835e+02  5.0923e+01
6477.9517  -1.1697e+01  5.1190e+01
6479.2021  -7.6926e+00  5.8852e+01
6480.4526  -5.8225e+00  5.7078e+01
6481.7026  5.4754e+01  5.2068e+01
6482.9531  3.9905e+01  5.2644e+01
6484.2036  1.2091e+02  5.6247e+01
6485.4536  6.5070e+01  4.3229e+01
6486.7041  4.5231e+01  4.2960e+01
6487.9546  9.5483e+01  4.7846e+01
6489.2046  1.2624e+02  5.0146e+01
6490.4551  1.2336e+02  5.9641e+01
6491.7056  1.0330e+02  6.1457e+01
6492.9561  1.1613e+02  4.7581e+01
6494.2061  8.9995e+01  4.4869e+01
6495.4565  6.6378e+01  5.0221e+01
6496.7070  -1.0210e+02  6.3448e+01
6497.9570  7.5802e+00  5.6005e+01
6499.2075  9.0215e+01  7.9382e+01
6500.4580  9.9962e+01  9.1816e+01
6501.7080  -2.9433e+01  7.0099e+01
6502.9585  1.4233e+02  5.3754e+01
6504.2090  1.1234e+02  5.3821e+01
6505.4590  1.1609e+02  7.5290e+01
6506.7095  6.6700e+01  6.9239e+01
6507.9600  -5.4505e+01  5.4947e+01
6509.2100  3.4679e+01  6.0459e+01
6510.4604  7.2122e+01  5.1354e+01
6511.7109  1.5247e+01  5.2736e+01
6512.9614  3.5446e+01  6.1505e+01
6514.2114  1.5880e+01  5.5077e+01
6515.4619  -4.5368e+01  5.8449e+01
6516.7124  7.0680e+01  4.8677e+01
6517.9624  1.5460e+02  4.5431e+01
6519.2129  1.5297e+02  4.3698e+01
6520.4634  3.5045e+01  5.7150e+01
6521.7134  5.0759e+01  6.3197e+01
6522.9639  1.5404e+02  6.8659e+01
6524.2144  1.0242e+02  5.7570e+01
6525.4644  5.6015e+01  5.8398e+01
6526.7148  7.6186e+01  5.2597e+01
