# SNR 31.8429
# Quality c
# flux_factor = 1.e-20
5179.9380  -3.6468e+01  7.6026e+01
5181.1885  1.3689e+02  6.8410e+01
5182.4385  4.1203e+01  8.3332e+01
5183.6890  -8.9015e+00  6.2912e+01
5184.9395  3.8074e+01  7.1896e+01
5186.1895  4.3085e+00  6.9266e+01
5187.4399  4.0516e+01  6.4306e+01
5188.6904  9.3520e+00  7.2165e+01
5189.9404  1.0095e+02  8.1883e+01
5191.1909  9.2741e+00  8.8044e+01
5192.4414  1.4822e+02  8.2246e+01
5193.6914  1.2510e+02  6.9194e+01
5194.9419  1.4757e+02  6.1613e+01
5196.1924  1.4457e+02  8.4486e+01
5197.4424  -9.6255e+01  7.1615e+01
5198.6929  -9.8667e+01  8.7459e+01
5199.9434  1.6568e+01  7.7124e+01
5201.1938  1.3936e+02  8.1369e+01
5202.4438  4.2916e+01  7.5356e+01
5203.6943  -1.5626e+02  8.1355e+01
5204.9448  1.4499e+01  6.9793e+01
5206.1948  7.4856e+01  6.0287e+01
5207.4453  -2.4971e+01  8.0856e+01
5208.6958  1.2300e+02  6.9802e+01
5209.9458  1.0327e+02  7.0005e+01
5211.1963  4.7802e+01  8.4983e+01
5212.4468  -2.5940e+01  6.2187e+01
5213.6968  3.8403e+01  7.4393e+01
5214.9473  1.6725e+02  7.9003e+01
5216.1978  5.0802e+01  8.2787e+01
5217.4478  -2.6777e+01  7.0120e+01
5218.6982  6.1426e+01  8.1289e+01
5219.9487  9.2618e+01  6.5888e+01
5221.1987  1.4963e+02  6.3657e+01
5222.4492  7.8126e+01  7.8772e+01
5223.6997  1.6417e+02  8.1117e+01
5224.9497  1.4728e+02  6.8657e+01
5226.2002  3.5436e+00  6.4529e+01
5227.4507  1.2441e+01  5.9199e+01
5228.7012  8.2840e+01  6.1636e+01
5229.9512  1.4413e+02  6.6800e+01
5231.2017  1.1443e+02  7.0583e+01
5232.4521  7.6732e+01  7.8721e+01
5233.7021  1.0533e+02  6.0761e+01
5234.9526  1.6123e+02  7.4499e+01
5236.2031  1.5094e+02  8.6235e+01
5237.4531  1.0041e+02  7.6034e+01
5238.7036  1.4502e+02  7.7302e+01
5239.9541  8.2705e+01  8.1262e+01
5241.2041  5.8295e+01  6.5992e+01
5242.4546  2.9585e+01  7.0718e+01
5243.7051  5.1156e+01  8.5902e+01
5244.9551  -4.3680e+01  7.2856e+01
5246.2056  -2.3575e+01  5.9308e+01
5247.4561  4.9742e+01  8.0117e+01
5248.7061  4.8676e+01  7.4098e+01
5249.9565  3.4790e+01  7.1611e+01
5251.2070  4.6107e+01  8.6893e+01
5252.4570  2.2461e+02  7.2805e+01
5253.7075  1.7215e+02  8.3378e+01
5254.9580  1.1644e+02  6.9733e+01
5256.2085  -2.5547e+00  6.8977e+01
5257.4585  4.3999e+01  8.1863e+01
5258.7090  7.0175e+01  7.7621e+01
5259.9595  -3.7956e+01  6.5405e+01
5261.2095  7.1950e+01  5.9197e+01
5262.4600  7.2113e+01  6.4095e+01
5263.7104  2.9506e+02  6.7790e+01
5264.9604  3.8694e+02  6.5562e+01
5266.2109  1.1027e+03  5.7369e+01
5267.4614  1.4396e+03  6.1730e+01
5268.7114  1.3457e+03  6.4205e+01
5269.9619  1.0151e+03  7.2357e+01
5271.2124  6.4903e+02  7.0008e+01
5272.4624  4.5268e+02  6.2488e+01
5273.7129  4.5590e+02  7.8108e+01
5274.9634  3.7140e+02  7.3402e+01
5276.2134  4.0224e+02  7.7973e+01
5277.4639  3.1372e+02  8.7181e+01
5278.7144  2.7202e+02  8.1141e+01
5279.9644  2.6436e+02  6.7050e+01
5281.2148  1.9041e+02  6.6743e+01
5282.4653  1.9078e+02  6.9118e+01
5283.7158  3.2194e+02  6.1913e+01
5284.9658  2.5355e+02  7.1696e+01
5286.2163  -1.5555e+00  7.2269e+01
5287.4668  -3.2452e+01  6.2036e+01
5288.7168  -9.7724e+01  7.8162e+01
5289.9673  2.1328e+01  7.3930e+01
5291.2178  1.0172e+01  6.8812e+01
5292.4678  1.2189e+02  7.2816e+01
5293.7183  2.1476e+01  5.9827e+01
5294.9688  7.0333e+01  7.9881e+01
5296.2188  6.9397e+01  6.2147e+01
5297.4692  7.0727e+01  6.6466e+01
5298.7197  -3.5674e+01  8.0315e+01
5299.9697  3.4945e+01  6.9756e+01
5301.2202  3.5488e+01  6.5694e+01
5302.4707  1.6343e+02  7.2553e+01
5303.7207  1.2722e+02  6.5678e+01
5304.9712  1.7708e+01  6.4044e+01
5306.2217  1.2551e+02  6.5010e+01
5307.4717  9.4336e+01  6.8733e+01
5308.7222  -3.2569e+01  6.7155e+01
5309.9727  7.4735e+01  6.3469e+01
5311.2231  -1.4289e+00  6.5954e+01
5312.4731  -6.9636e+01  6.1165e+01
5313.7236  7.9815e+01  6.1816e+01
5314.9741  6.8560e+01  6.1453e+01
5316.2241  1.6790e+02  6.7003e+01
5317.4746  3.5990e+01  7.8852e+01
5318.7251  1.2613e+02  5.9275e+01
5319.9751  1.2046e+02  7.5455e+01
5321.2256  9.9226e+01  7.3449e+01
5322.4761  1.7725e+02  7.2742e+01
5323.7261  7.7943e+01  7.0463e+01
5324.9766  8.6648e+01  6.5204e+01
5326.2271  7.0290e+01  6.3222e+01
5327.4771  9.4877e+01  8.0282e+01
5328.7275  1.9335e+02  6.8289e+01
5329.9780  1.1956e+02  6.7499e+01
5331.2280  4.3972e+01  6.7888e+01
5332.4785  9.9950e+01  8.1749e+01
5333.7290  5.6307e+01  7.2468e+01
5334.9795  1.0718e+02  7.3353e+01
5336.2295  5.0961e+01  7.1583e+01
5337.4800  1.2761e+02  7.0906e+01
5338.7305  1.7220e+02  6.7454e+01
5339.9805  2.1842e+02  7.7153e+01
5341.2310  -2.9390e+01  6.7055e+01
5342.4814  1.3472e+02  6.2260e+01
5343.7314  6.4202e+01  7.4910e+01
5344.9819  -4.6950e+01  7.3732e+01
5346.2324  3.9886e+00  6.4426e+01
5347.4824  3.4552e+01  6.2644e+01
5348.7329  -1.3033e+01  6.8622e+01
5349.9834  1.2882e+02  5.9216e+01
5351.2334  1.4987e+02  7.3820e+01
5352.4839  5.1557e+01  5.8130e+01
5353.7344  8.3416e+01  6.3577e+01
5354.9844  8.1145e+01  6.6902e+01
