# SNR 11.6718
# Quality c
# flux_factor = 1.e-20
5505.1313  -5.0487e+01  7.6904e+01
5506.3818  -5.9030e+01  7.2701e+01
5507.6323  1.6077e+02  7.1535e+01
5508.8828  4.1425e+01  8.1816e+01
5510.1328  5.3396e+01  7.8132e+01
5511.3833  -5.5861e+00  8.7028e+01
5512.6338  -3.2054e+01  7.2910e+01
5513.8838  -3.9295e+01  7.4625e+01
5515.1343  4.7189e+01  7.9584e+01
5516.3848  -3.5608e+01  7.3330e+01
5517.6348  -5.9890e+01  7.8071e+01
5518.8853  6.2082e+01  7.8910e+01
5520.1357  2.4501e+01  7.7857e+01
5521.3857  -3.7197e+01  8.9946e+01
5522.6362  1.1649e+02  7.8658e+01
5523.8867  -9.2489e+01  8.6853e+01
5525.1367  -9.4708e+01  7.5755e+01
5526.3872  -6.7479e+01  7.4496e+01
5527.6377  -1.8116e+01  9.6519e+01
5528.8877  -2.5835e+01  8.0940e+01
5530.1382  -3.7449e+01  8.2242e+01
5531.3887  -5.9973e+01  9.9804e+01
5532.6392  1.4344e+02  8.9791e+01
5533.8892  1.6968e+02  7.4759e+01
5535.1396  4.0572e+01  7.5994e+01
5536.3901  -7.2532e+01  7.9557e+01
5537.6401  5.5948e+01  7.4383e+01
5538.8906  4.9286e+01  7.9774e+01
5540.1411  -4.0109e+01  8.8694e+01
5541.3911  -1.4059e+00  9.6919e+01
5542.6416  4.6437e+01  8.2108e+01
5543.8921  -1.1923e+02  8.4440e+01
5545.1421  -1.5679e+02  9.7479e+01
5546.3926  4.1029e+00  8.2951e+01
5547.6431  3.0785e+01  7.7950e+01
5548.8931  -7.1667e+01  7.6033e+01
5550.1436  9.5660e+01  7.7196e+01
5551.3940  -3.3225e+01  7.6577e+01
5552.6440  -5.8167e+01  8.7855e+01
5553.8945  -6.9281e+01  7.8190e+01
5555.1450  9.1562e+01  8.9400e+01
5556.3955  2.9004e+01  1.0031e+02
5557.6455  -9.6206e+01  7.3528e+01
5558.8960  -8.6626e+01  8.4794e+01
5560.1465  -9.1857e+01  7.3944e+01
5561.3965  -1.2212e+02  7.3604e+01
5562.6470  -1.0958e+02  7.3921e+01
5563.8975  -2.4370e+01  8.0039e+01
5565.1475  -2.7104e+02  8.6738e+01
5566.3979  8.1933e+01  8.1163e+01
5567.6484  5.2588e+01  7.2563e+01
5568.8984  -5.5988e+01  7.9832e+01
5570.1489  -2.1317e+01  7.6186e+01
5571.3994  -1.9704e+01  9.2073e+01
5572.6494  -2.0613e+02  9.2010e+01
5573.8999  -2.0379e+02  9.7718e+01
5575.1504  2.0774e+01  9.6005e+01
5576.4004  -2.8409e+01  2.3249e+02
5577.6509  -2.1520e+01  4.9972e+02
5578.9014  -2.4601e+01  5.6259e+02
5580.1519  -2.3457e+01  3.5978e+02
5581.4019  -3.4403e+01  1.2010e+02
5582.6523  -7.7183e+00  1.3976e+02
5583.9028  1.2099e+01  8.0467e+01
5585.1528  -1.1629e+02  7.4647e+01
5586.4033  -6.6880e+01  8.6429e+01
5587.6538  -4.9432e+01  8.4620e+01
5588.9038  -2.6464e+01  7.3820e+01
5590.1543  5.0272e+01  8.9897e+01
5591.4048  -1.0704e+02  8.1003e+01
5592.6548  -1.0720e+01  9.7033e+01
5593.9053  -6.9003e+01  7.7526e+01
5595.1558  3.4874e+01  8.4175e+01
5596.4058  1.5785e+02  7.2885e+01
5597.6562  5.6277e+02  7.6083e+01
5598.9067  5.7987e+02  8.0677e+01
5600.1567  3.0335e+02  7.6072e+01
5601.4072  1.3745e+02  7.4485e+01
5602.6577  -1.1812e+00  7.2326e+01
5603.9082  6.6150e+01  8.8824e+01
5605.1582  -2.7534e+01  9.1053e+01
5606.4087  -1.0439e+02  8.6592e+01
5607.6592  1.8794e+01  8.4029e+01
5608.9092  -2.0269e+01  7.9022e+01
5610.1597  2.2210e+01  7.7575e+01
5611.4102  -7.3574e+01  8.3771e+01
5612.6602  -8.0588e+01  8.2410e+01
5613.9106  -5.0258e+01  7.2468e+01
5615.1611  -1.8027e+01  8.0091e+01
5616.4111  -5.2706e+01  7.3752e+01
5617.6616  -7.3010e+01  9.5391e+01
5618.9121  -1.5812e+02  1.0004e+02
5620.1621  -1.2799e+02  8.1541e+01
5621.4126  1.0771e+02  8.5533e+01
5622.6631  7.9068e+01  7.9150e+01
5623.9131  -1.1984e+01  7.9484e+01
5625.1636  -3.1902e+02  9.9786e+01
5626.4141  -1.4033e+01  8.3076e+01
5627.6646  8.7180e+01  8.9877e+01
5628.9146  -2.6411e+01  8.7410e+01
5630.1650  -6.8109e+01  7.7555e+01
5631.4155  -5.7709e+01  8.1924e+01
5632.6655  -3.6264e+00  7.5437e+01
5633.9160  -1.2151e+01  7.4149e+01
5635.1665  -1.1870e+01  7.1348e+01
5636.4165  -3.2818e+01  7.9685e+01
5637.6670  -1.5094e+02  8.4753e+01
5638.9175  -1.1343e+01  9.3179e+01
5640.1675  -1.0195e+02  7.8192e+01
5641.4180  -9.2057e+01  7.7059e+01
5642.6685  -6.0168e+01  8.1113e+01
5643.9185  1.4428e+02  7.0719e+01
5645.1689  6.4095e+01  8.4782e+01
5646.4194  4.5275e+01  9.4233e+01
5647.6694  -1.2393e+02  7.7536e+01
5648.9199  -3.9157e+01  8.2542e+01
5650.1704  -2.1653e+01  7.4201e+01
5651.4209  6.2631e+01  7.0112e+01
5652.6709  -8.9062e+01  7.8896e+01
5653.9214  -9.2101e+00  9.1667e+01
5655.1719  -5.5029e+01  6.8500e+01
5656.4219  -4.1646e+01  6.8927e+01
5657.6724  6.0604e+01  6.9280e+01
5658.9229  2.5776e+00  8.8812e+01
5660.1729  -5.2732e+01  7.4527e+01
5661.4233  -1.6836e+02  7.7575e+01
5662.6738  -7.6208e+01  7.7653e+01
5663.9238  6.1579e+00  7.4123e+01
5665.1743  -6.6200e+01  7.8535e+01
5666.4248  -3.0215e+01  6.9200e+01
5667.6748  8.0733e+00  7.3142e+01
5668.9253  -1.8913e+01  7.3919e+01
5670.1758  1.1300e+02  7.2027e+01
5671.4263  -2.7671e+01  7.7373e+01
5672.6763  1.3503e+02  7.0140e+01
5673.9268  3.8033e+01  7.0576e+01
5675.1772  -1.0800e+02  8.5611e+01
5676.4272  -1.4544e+02  7.6915e+01
5677.6777  5.4948e+01  7.0145e+01
5678.9282  -6.5300e+01  7.4970e+01
5680.1782  -2.2499e+01  6.9605e+01
5681.4287  -1.5613e+02  7.1882e+01
5682.6792  -8.9326e+01  7.4510e+01
5683.9292  7.0554e+01  7.9624e+01
5685.1797  1.4565e+02  8.3395e+01
5686.4302  -4.7100e+01  8.5054e+01
5687.6802  -1.4158e+02  7.2302e+01
5688.9307  1.5690e+01  6.9681e+01
5690.1812  1.7032e+02  8.0842e+01
5691.4312  1.3767e+02  7.4558e+01
