# SNR 20.2967
# Quality c
# flux_factor = 1.e-20
5098.6562  7.6074e+01  5.9557e+01
5099.9062  4.5286e+01  8.9101e+01
5101.1567  -5.8141e+01  6.7857e+01
5102.4072  5.0009e+01  7.6873e+01
5103.6572  3.1678e+01  5.9957e+01
5104.9077  5.4726e+01  6.7179e+01
5106.1582  7.7422e+01  8.6766e+01
5107.4082  -2.5248e+01  6.5016e+01
5108.6587  1.1398e+01  7.1149e+01
5109.9092  -3.3769e+01  7.1977e+01
5111.1592  -2.5209e+01  6.4678e+01
5112.4097  4.3961e+01  7.6375e+01
5113.6602  8.9824e+01  8.8444e+01
5114.9102  2.9711e+00  7.5220e+01
5116.1606  2.1647e+01  7.0801e+01
5117.4111  -7.2111e+01  7.7381e+01
5118.6616  -1.1551e+01  7.3455e+01
5119.9116  1.0703e+01  7.9363e+01
5121.1621  2.9285e+01  7.2655e+01
5122.4126  6.2855e+01  7.4855e+01
5123.6626  1.3423e+02  8.2459e+01
5124.9131  1.8361e+01  7.5674e+01
5126.1636  -8.2594e+01  7.0121e+01
5127.4136  -5.1388e+00  6.7751e+01
5128.6641  -6.4749e+01  6.7298e+01
5129.9146  4.2377e+01  7.5974e+01
5131.1646  -3.8443e+01  7.8100e+01
5132.4150  -1.4735e+02  9.0429e+01
5133.6655  -4.1280e+01  1.0668e+02
5134.9155  1.0314e+02  6.4288e+01
5136.1660  9.7652e+01  7.8583e+01
5137.4165  -9.2297e+00  7.7131e+01
5138.6665  1.2443e+02  7.0727e+01
5139.9170  -4.5621e+01  7.7526e+01
5141.1675  3.4687e+01  7.4286e+01
5142.4175  -8.7180e+01  7.6920e+01
5143.6680  -2.7797e+00  6.7275e+01
5144.9185  -5.2167e+01  7.9579e+01
5146.1689  -3.3305e+00  7.8444e+01
5147.4189  1.2075e+02  7.9601e+01
5148.6694  1.0871e+02  7.7733e+01
5149.9199  -2.1856e+01  6.5498e+01
5151.1699  -5.7265e+01  7.6708e+01
5152.4204  -3.2619e+01  7.0822e+01
5153.6709  -2.0598e+01  7.8763e+01
5154.9209  -3.0578e+01  7.1425e+01
5156.1714  3.1236e+01  6.0672e+01
5157.4219  6.9131e+01  7.3644e+01
5158.6719  1.3569e+02  7.8016e+01
5159.9224  -1.3292e+01  8.5912e+01
5161.1729  8.9699e+01  8.1137e+01
5162.4229  2.0194e+02  8.7862e+01
5163.6733  8.3518e-01  7.3479e+01
5164.9238  -1.4716e+01  6.1134e+01
5166.1738  8.8578e-01  6.1801e+01
5167.4243  3.7639e+01  6.9859e+01
5168.6748  3.6970e+01  7.1447e+01
5169.9248  -6.8622e+00  7.8284e+01
5171.1753  -6.1981e+01  7.0521e+01
5172.4258  3.1932e+01  5.7195e+01
5173.6758  1.0746e+02  7.1775e+01
5174.9263  -2.6520e+01  5.9314e+01
5176.1768  1.1041e+02  7.7232e+01
5177.4272  1.2758e+02  8.2354e+01
5178.6772  2.5571e+02  7.5826e+01
5179.9277  2.7102e+02  6.4619e+01
5181.1782  2.0320e+02  8.3540e+01
5182.4282  4.0736e+02  8.2835e+01
5183.6787  8.2948e+02  6.0937e+01
5184.9292  1.0532e+03  7.1310e+01
5186.1792  6.2025e+02  7.5047e+01
5187.4297  4.2400e+02  8.1426e+01
5188.6802  2.6202e+02  6.5756e+01
5189.9302  1.7914e+02  7.0650e+01
5191.1807  2.0284e+02  6.2993e+01
5192.4312  8.7275e+01  6.9812e+01
5193.6812  1.6143e+01  8.5305e+01
5194.9316  -3.4034e+01  7.7390e+01
5196.1821  -1.6606e+01  6.1597e+01
5197.4321  -1.4175e+02  9.7610e+01
5198.6826  1.1087e+02  8.2983e+01
5199.9331  -1.8611e+02  8.0120e+01
5201.1831  -9.5498e+01  7.9014e+01
5202.4336  7.6153e+00  8.2748e+01
5203.6841  -1.3207e+02  6.7256e+01
5204.9346  -6.0287e+01  6.3751e+01
5206.1846  -3.3625e+01  6.8082e+01
5207.4351  -4.6005e+01  8.3777e+01
5208.6855  -1.3390e+02  6.9548e+01
5209.9355  1.2394e+02  7.7498e+01
5211.1860  1.8069e+02  6.0272e+01
5212.4365  8.4055e+00  7.1786e+01
5213.6865  8.6927e+00  7.4604e+01
5214.9370  -1.2539e+00  6.7779e+01
5216.1875  -1.5826e+02  7.3982e+01
5217.4375  -1.7793e+02  6.7916e+01
5218.6880  4.4712e+01  7.0462e+01
5219.9385  -4.5107e+01  7.2394e+01
5221.1885  2.4066e+01  6.1098e+01
5222.4390  -1.4784e+02  7.9405e+01
5223.6895  -7.3687e+00  7.3160e+01
5224.9395  -1.1824e+01  7.5205e+01
5226.1899  -7.5319e+01  7.3062e+01
5227.4404  2.6502e+01  8.8207e+01
5228.6909  1.5625e+02  6.7034e+01
5229.9409  -5.0319e+01  8.3797e+01
5231.1914  -6.4752e+01  7.5849e+01
5232.4419  3.0128e+01  9.1287e+01
5233.6919  5.9514e+01  6.8572e+01
5234.9424  -8.8470e+01  6.6015e+01
5236.1929  1.1961e+02  7.3746e+01
5237.4429  2.0844e+02  6.9422e+01
5238.6934  3.7437e+01  7.9079e+01
5239.9438  -3.1425e+01  8.1198e+01
5241.1938  5.0093e+00  6.8967e+01
5242.4443  -9.4486e+00  6.5962e+01
5243.6948  -4.3078e+01  8.0315e+01
5244.9448  1.4607e+01  5.7718e+01
5246.1953  1.1227e+02  6.8895e+01
5247.4458  -9.7084e+00  7.8526e+01
5248.6958  -1.9796e+01  6.0547e+01
5249.9463  2.4874e+01  7.2839e+01
5251.1968  -3.6729e+00  7.8489e+01
5252.4468  -3.5204e+01  6.8711e+01
5253.6973  -1.0738e+00  7.9616e+01
5254.9478  2.1535e+01  7.3037e+01
5256.1982  -1.1384e+02  6.9869e+01
5257.4482  4.9468e+01  8.6248e+01
5258.6987  -5.2057e+01  7.4253e+01
5259.9492  5.8613e+01  6.0998e+01
5261.1992  -2.8504e+01  6.7332e+01
5262.4497  -1.2987e+01  6.5149e+01
5263.7002  -2.5358e+00  7.5796e+01
5264.9502  -3.7216e+01  7.5786e+01
5266.2007  -3.5387e+00  5.5707e+01
5267.4512  3.3472e+01  6.5231e+01
5268.7012  -5.2817e+01  7.1320e+01
5269.9517  -2.6308e+01  8.2502e+01
