# SNR 17.1718
# Quality c
# flux_factor = 1.e-20
6615.6841  1.2159e+02  1.0496e+02
6616.9346  6.8965e+01  1.0609e+02
6618.1846  3.3392e+01  1.0465e+02
6619.4351  -3.0313e+01  1.0487e+02
6620.6855  -5.5024e+01  1.0433e+02
6621.9360  -1.1708e+02  1.0520e+02
6623.1860  1.2814e+02  1.0501e+02
6624.4365  -4.1439e+01  1.0445e+02
6625.6870  -5.9682e+01  1.0377e+02
6626.9370  1.1890e+02  1.0433e+02
6628.1875  -3.8032e+01  1.0700e+02
6629.4380  -9.8242e+01  1.1173e+02
6630.6880  1.3029e+02  1.0918e+02
6631.9385  4.3869e+01  1.0592e+02
6633.1890  2.7743e+01  1.0517e+02
6634.4390  8.4083e+01  1.0631e+02
6635.6895  1.6718e+01  1.1404e+02
6636.9399  9.9579e+01  1.1447e+02
6638.1899  7.8517e+01  1.0776e+02
6639.4404  1.1488e+02  1.0393e+02
6640.6909  7.2831e+01  1.0569e+02
6641.9414  1.8339e+01  1.0474e+02
6643.1914  1.6921e+01  1.0477e+02
6644.4419  -2.8501e+01  1.0386e+02
6645.6924  -2.0608e+02  1.0375e+02
6646.9424  1.2119e+01  1.0371e+02
6648.1929  -3.0678e+01  1.0329e+02
6649.4434  8.0822e+00  1.0357e+02
6650.6934  -1.1394e+01  1.0426e+02
6651.9438  -6.3271e+01  1.0432e+02
6653.1943  -1.3060e+02  1.0537e+02
6654.4443  7.6480e+01  1.0438e+02
6655.6948  1.1504e+01  1.0377e+02
6656.9453  -9.3096e+00  1.0318e+02
6658.1958  -2.0458e+01  1.0381e+02
6659.4458  4.3969e+01  1.0374e+02
6660.6963  1.4235e+02  1.0385e+02
6661.9468  -7.7173e+01  1.0375e+02
6663.1968  -1.0574e+02  1.0555e+02
6664.4473  -1.2024e+01  1.0531e+02
6665.6978  -3.7644e+01  1.0382e+02
6666.9478  -8.6653e+01  1.0370e+02
6668.1982  -6.3133e+01  1.0520e+02
6669.4487  5.9176e+01  1.0786e+02
6670.6987  -1.5266e+02  1.0734e+02
6671.9492  -1.1446e+02  1.0436e+02
6673.1997  -9.4346e+01  1.0271e+02
6674.4497  -4.6394e+00  1.0198e+02
6675.7002  -1.1409e+01  1.0256e+02
6676.9507  4.6169e+01  1.0255e+02
6678.2012  -3.0882e+01  1.0272e+02
6679.4512  1.4772e+01  1.0163e+02
6680.7017  2.3970e+01  1.0189e+02
6681.9521  -1.2027e+02  1.0201e+02
6683.2021  -4.4883e+01  1.0267e+02
6684.4526  -1.1378e+02  1.0261e+02
6685.7031  -3.4411e+01  1.0255e+02
6686.9531  -8.1451e+01  1.0342e+02
6688.2036  -8.0288e+01  1.0273e+02
6689.4541  -6.7299e+01  1.0322e+02
6690.7041  -8.4635e+01  1.0269e+02
6691.9546  -2.0374e+01  1.0174e+02
6693.2051  1.0543e+02  1.0209e+02
6694.4551  -6.4557e+01  1.0150e+02
6695.7056  -1.0159e+01  1.0152e+02
6696.9561  1.2156e+02  1.0221e+02
6698.2065  -1.6371e+01  1.0113e+02
6699.4565  -2.1550e+01  1.0240e+02
6700.7070  4.7803e+01  1.0474e+02
6701.9575  -6.3017e+01  1.0645e+02
6703.2075  -8.9304e+01  1.0309e+02
6704.4580  -1.2928e+02  1.0281e+02
6705.7085  -1.6482e+02  1.0356e+02
6706.9585  -7.2602e+01  1.0418e+02
6708.2090  5.6282e+01  1.0354e+02
6709.4595  2.9289e+01  1.0282e+02
6710.7095  -9.2543e+01  1.0254e+02
6711.9600  -4.8965e+00  1.0271e+02
6713.2104  4.9136e+01  1.0181e+02
6714.4604  1.0592e+02  1.0155e+02
6715.7109  7.6393e+01  1.0154e+02
6716.9614  -9.6175e-01  1.0345e+02
6718.2119  4.7004e+01  1.0759e+02
6719.4619  -7.9707e+01  1.0768e+02
6720.7124  2.4447e+01  1.0232e+02
6721.9629  2.3981e+01  1.0137e+02
6723.2129  2.3144e+01  1.0109e+02
6724.4634  3.7322e+02  1.0063e+02
6725.7139  7.8526e+02  1.0163e+02
6726.9639  8.4589e+02  1.0030e+02
6728.2144  7.0087e+02  1.0007e+02
6729.4648  6.0814e+02  1.0019e+02
6730.7148  5.2265e+02  1.0039e+02
6731.9653  2.9870e+02  1.0254e+02
6733.2158  3.8875e+01  1.0539e+02
6734.4663  2.6748e+02  1.0211e+02
6735.7163  1.3158e+02  1.0061e+02
6736.9668  -5.7105e+01  1.0093e+02
6738.2173  1.9210e+02  9.9695e+01
6739.4673  5.6290e+01  9.9022e+01
6740.7178  1.8379e+02  1.0056e+02
6741.9683  1.9877e+02  1.0149e+02
6743.2183  6.5686e+01  1.0165e+02
6744.4688  8.6562e+01  1.0084e+02
6745.7192  -2.7233e+01  1.0184e+02
6746.9692  7.3463e+01  1.0386e+02
6748.2197  1.4512e+02  1.0041e+02
6749.4702  5.2443e+01  9.9476e+01
6750.7202  -6.4539e+00  1.0013e+02
6751.9707  -2.2006e+01  1.0070e+02
6753.2212  9.7543e+01  9.9101e+01
6754.4717  1.9286e+02  9.8523e+01
6755.7217  3.3623e+01  9.8168e+01
6756.9722  -1.9944e+01  9.9222e+01
6758.2227  8.0590e+01  9.9875e+01
6759.4727  -7.2896e+01  9.8940e+01
6760.7231  1.0492e+01  9.8864e+01
6761.9736  -1.7081e+02  9.9369e+01
6763.2236  3.8872e+01  9.9871e+01
6764.4741  9.6092e+01  9.9229e+01
6765.7246  -6.4675e+00  9.8504e+01
6766.9746  1.2392e+02  9.8249e+01
6768.2251  3.7194e+01  9.8483e+01
6769.4756  -1.3033e+02  9.8076e+01
6770.7256  1.3624e+02  9.9085e+01
6771.9761  1.9387e+02  9.7867e+01
6773.2266  7.3006e+01  9.7259e+01
6774.4771  7.0158e+01  9.8296e+01
6775.7271  -6.0832e+01  9.7222e+01
6776.9775  -4.9407e+01  9.8189e+01
6778.2280  -8.4771e+01  9.8875e+01
6779.4780  4.5470e+01  9.8309e+01
6780.7285  -2.5645e+01  9.7733e+01
6781.9790  5.5774e+01  9.7726e+01
6783.2290  6.1125e+00  9.8674e+01
6784.4795  -1.8394e+02  9.8290e+01
6785.7300  -6.9097e+01  9.9299e+01
6786.9800  1.3032e+02  9.9041e+01
6788.2305  1.2941e+02  9.8030e+01
6789.4810  -6.6716e+01  9.9187e+01
6790.7314  2.2854e+02  9.9985e+01
6791.9814  -9.1647e+01  9.8835e+01
6793.2319  -5.8869e+01  9.8322e+01
6794.4824  9.6880e+01  9.7848e+01
6795.7324  -3.1027e+00  9.7342e+01
6796.9829  8.6837e+01  9.7217e+01
6798.2334  3.5033e+01  9.6415e+01
6799.4834  -5.7876e+01  9.6899e+01
6800.7339  1.0959e+01  9.7193e+01
6801.9844  1.1839e+01  9.7234e+01
6803.2344  -4.1773e+01  9.6805e+01
6804.4849  -1.8222e+01  9.7915e+01
6805.7354  4.1955e+01  9.7910e+01
6806.9854  8.0828e+01  9.7560e+01
6808.2358  6.0748e+01  9.7178e+01
6809.4863  3.4800e+00  9.6522e+01
6810.7368  3.1618e+01  9.7249e+01
6811.9868  5.9458e+01  9.7152e+01
6813.2373  -7.4293e+01  9.8274e+01
6814.4878  -3.6785e+01  9.7172e+01
6815.7378  -3.3111e+01  9.7177e+01
6816.9883  -9.3726e+01  9.7048e+01
6818.2388  4.7053e+01  9.7374e+01
6819.4888  3.9256e+01  9.7403e+01
6820.7393  5.2127e+01  9.7988e+01
6821.9897  6.2259e+01  9.6930e+01
6823.2397  1.2338e+02  9.7202e+01
6824.4902  -2.2678e+01  9.7049e+01
6825.7407  5.1143e+01  9.7203e+01
6826.9907  3.0569e+01  9.7874e+01
6828.2412  8.2370e+01  1.1305e+02
6829.4917  6.2768e+01  1.4087e+02
6830.7422  -5.3816e+01  1.6449e+02
6831.9922  3.8628e+02  2.1025e+02
6833.2427  1.0515e+02  1.3569e+02
6834.4932  1.7719e+02  1.2562e+02
6835.7432  -9.9686e+00  1.6494e+02
6836.9937  -4.9224e+01  1.6903e+02
6838.2441  5.7205e+01  1.3051e+02
