# SNR 16.7579
# Quality c
# flux_factor = 1.e-20
6899.1440  5.8430e+01  4.9903e+01
6900.3945  2.4688e+01  5.7843e+01
6901.6450  -1.0093e+02  7.9971e+01
6902.8950  7.4711e+00  7.3166e+01
6904.1455  -9.4441e+01  5.7605e+01
6905.3960  7.3887e+01  5.4567e+01
6906.6460  5.3400e+01  5.1455e+01
6907.8965  -2.5438e+01  4.8047e+01
6909.1470  -1.5869e+02  4.0102e+01
6910.3970  -2.8097e+00  4.2142e+01
6911.6475  -2.0535e+01  4.6535e+01
6912.8979  -1.9672e+01  7.5958e+01
6914.1484  -1.0559e+02  8.4666e+01
6915.3984  2.8247e+01  6.6542e+01
6916.6489  2.6887e+01  4.6732e+01
6917.8994  5.1901e+01  4.4496e+01
6919.1494  -3.8460e+01  4.8528e+01
6920.3999  -8.7981e+01  3.8635e+01
6921.6504  -5.1968e+01  5.3328e+01
6922.9004  1.1862e+01  8.6130e+01
6924.1509  2.6577e+01  1.0663e+02
6925.4014  -1.6348e+02  8.6561e+01
6926.6514  4.0464e+01  5.4725e+01
6927.9019  -8.8313e+00  3.9469e+01
6929.1523  -2.8285e+01  4.0177e+01
6930.4023  -6.2281e+01  3.9279e+01
6931.6528  1.7838e+01  3.8498e+01
6932.9033  -5.9124e+01  3.7828e+01
6934.1538  2.1303e+01  4.3516e+01
6935.4038  1.2221e+01  4.2212e+01
6936.6543  1.8833e+01  3.8986e+01
6937.9048  -4.7331e+01  4.3701e+01
6939.1548  -3.8499e+01  6.4992e+01
6940.4053  1.4403e+01  7.7055e+01
6941.6558  6.0500e+01  6.7920e+01
6942.9058  -2.2088e+01  4.4588e+01
6944.1562  2.8256e+01  4.3649e+01
6945.4067  4.8308e+01  4.3029e+01
6946.6567  -2.8784e+01  4.4704e+01
6947.9072  -7.5665e+01  4.5793e+01
6949.1577  1.0812e+01  9.1952e+01
6950.4082  -2.2045e+01  1.1002e+02
6951.6582  -4.5613e+01  7.9696e+01
6952.9087  -5.0011e+00  6.4071e+01
6954.1592  1.2825e+01  4.6301e+01
6955.4092  -6.9314e+01  4.4100e+01
6956.6597  5.0644e+01  4.1114e+01
6957.9102  -7.6601e+01  4.2180e+01
6959.1602  4.9750e+00  4.4691e+01
6960.4106  5.0120e+01  4.3171e+01
6961.6611  1.0883e+01  4.1149e+01
6962.9111  -6.0935e+00  4.4064e+01
6964.1616  -7.4051e+01  4.8355e+01
6965.4121  -1.8004e+01  3.9593e+01
6966.6621  -5.4314e+00  4.8824e+01
6967.9126  -3.1488e+01  4.1651e+01
6969.1631  -8.1481e+01  4.9748e+01
6970.4136  -9.4143e+01  6.1317e+01
6971.6636  -5.1214e+00  6.4502e+01
6972.9141  -4.3224e+01  5.7208e+01
6974.1646  -3.0880e+01  3.9000e+01
6975.4146  -4.7380e+01  4.2297e+01
6976.6650  1.7805e+01  5.0130e+01
6977.9155  -6.2385e+01  6.1802e+01
6979.1655  2.3370e+01  8.6152e+01
6980.4160  2.2523e+01  7.8670e+01
6981.6665  -1.6794e+01  5.7460e+01
6982.9165  -1.2996e+00  3.8332e+01
6984.1670  -4.7575e+01  4.0051e+01
6985.4175  8.8537e+00  4.4590e+01
6986.6680  -2.7375e+01  4.0212e+01
6987.9180  -5.7168e+01  4.0736e+01
6989.1685  -3.8431e+01  4.3654e+01
6990.4189  -3.9949e+01  4.4975e+01
6991.6689  5.9138e+01  4.0380e+01
6992.9194  2.5542e+01  4.0488e+01
6994.1699  2.5175e+01  4.1119e+01
6995.4199  2.0155e+01  4.3514e+01
6996.6704  1.5723e+01  3.9061e+01
6997.9209  2.5022e+01  5.0768e+01
6999.1709  2.1724e+01  5.0644e+01
7000.4214  -2.8576e+01  4.3377e+01
7001.6719  8.0776e+00  4.2596e+01
7002.9219  -2.6709e+01  5.0477e+01
7004.1724  1.3109e+01  5.4975e+01
7005.4229  2.9742e+01  5.9489e+01
7006.6733  7.9295e+01  4.1909e+01
7007.9233  -3.7961e+01  3.9393e+01
7009.1738  1.6028e+01  4.0636e+01
7010.4243  -2.4609e+01  4.5202e+01
7011.6743  8.2997e+01  6.4187e+01
7012.9248  1.7689e+02  6.4888e+01
7014.1753  3.9172e+02  4.7095e+01
7015.4253  4.6658e+02  3.7922e+01
7016.6758  3.1638e+02  4.7809e+01
7017.9263  2.2875e+02  4.1399e+01
7019.1763  1.4276e+02  3.8983e+01
7020.4268  1.1493e+02  3.7027e+01
7021.6772  1.0903e+02  3.8743e+01
7022.9277  3.2993e+01  3.5478e+01
7024.1777  5.0502e+01  4.0375e+01
7025.4282  -3.9239e+00  3.7973e+01
7026.6787  2.9709e+01  3.5919e+01
7027.9287  -2.9266e+01  4.7730e+01
7029.1792  1.3822e+01  4.1318e+01
7030.4297  -5.3916e+00  3.7887e+01
7031.6797  -5.3102e+01  3.7816e+01
7032.9302  1.2888e+01  4.5553e+01
7034.1807  8.0410e+00  4.2163e+01
7035.4307  -3.7310e+01  4.2903e+01
7036.6812  -2.4134e+01  4.3365e+01
7037.9316  4.7215e+00  3.5957e+01
7039.1816  3.9993e+00  4.5061e+01
7040.4321  -3.2966e-01  4.0289e+01
7041.6826  -8.3102e+01  4.8303e+01
7042.9331  7.4441e+01  5.1491e+01
7044.1831  1.3445e+01  4.5325e+01
7045.4336  -1.9414e+01  3.8836e+01
7046.6841  -4.8559e+01  4.3272e+01
7047.9341  3.3322e+01  6.0672e+01
7049.1846  3.7840e+01  7.8234e+01
7050.4351  6.4407e+01  5.5351e+01
7051.6851  -2.5392e+01  4.9508e+01
7052.9355  2.1073e+01  4.9830e+01
7054.1860  -1.2630e+01  4.9035e+01
7055.4360  5.7989e+01  4.6454e+01
7056.6865  -4.5615e+01  4.7394e+01
7057.9370  -7.1017e+00  4.1234e+01
7059.1875  3.1759e+01  3.6092e+01
7060.4375  -6.8919e+00  4.7701e+01
7061.6880  1.3426e+01  4.9404e+01
7062.9385  5.5665e+01  4.1375e+01
7064.1885  5.6075e+01  4.3687e+01
7065.4390  -6.0766e+00  4.4015e+01
7066.6895  1.9685e+01  5.2682e+01
7067.9395  -2.1146e+01  5.1080e+01
7069.1899  3.3852e+01  5.0716e+01
7070.4404  -6.7457e+01  4.2494e+01
7071.6904  2.1235e+01  4.9363e+01
7072.9409  -5.3592e+01  4.5080e+01
7074.1914  5.4379e+00  4.7590e+01
7075.4414  9.6572e-01  4.6062e+01
7076.6919  7.1018e+01  3.9722e+01
7077.9424  -7.9322e-01  5.0224e+01
7079.1929  3.4916e+01  4.2949e+01
7080.4429  5.5951e+01  4.1933e+01
7081.6934  -7.9468e-01  4.1795e+01
7082.9438  1.4219e+01  4.9020e+01
7084.1938  -1.6608e+01  5.0417e+01
7085.4443  -9.2410e+00  4.8542e+01
7086.6948  9.8364e+00  4.3180e+01
7087.9448  3.8750e+00  4.8222e+01
7089.1953  -6.8306e+01  5.3053e+01
7090.4458  -5.1288e+01  4.8789e+01
7091.6958  -6.6776e+01  4.6968e+01
7092.9463  6.6285e+00  4.0149e+01
7094.1968  -2.4604e+01  4.3628e+01
7095.4473  -6.0007e+01  3.7527e+01
7096.6973  -2.9604e+01  4.0702e+01
7097.9478  -1.2056e+01  3.6632e+01
7099.1982  -3.0464e+01  4.6057e+01
7100.4482  -4.6546e+01  3.6696e+01
7101.6987  -7.7619e+01  4.0991e+01
7102.9492  3.7300e+01  3.9111e+01
7104.1992  -1.0478e+01  3.8173e+01
7105.4497  -6.2565e+01  3.8505e+01
7106.7002  -1.0883e+02  3.8241e+01
7107.9502  2.7870e+00  3.8776e+01
7109.2007  2.8182e+01  4.2582e+01
7110.4512  -3.2829e+01  4.6315e+01
7111.7012  -3.3144e+01  3.6825e+01
7112.9517  1.0909e+02  3.6759e+01
7114.2021  3.6937e+00  4.1779e+01
7115.4526  -2.9202e+01  3.6155e+01
7116.7026  1.5935e+00  4.6440e+01
7117.9531  -1.9927e+01  3.8295e+01
7119.2036  -8.0521e+01  4.9231e+01
7120.4536  2.6327e+01  3.9493e+01
7121.7041  -3.8060e+00  3.4956e+01
7122.9546  6.5557e+01  3.6226e+01
7124.2046  1.8270e+01  4.4167e+01
7125.4551  8.4841e+01  3.6161e+01
7126.7056  -4.9846e+01  4.6041e+01
7127.9556  -5.3398e+01  4.3071e+01
7129.2061  7.9951e+00  4.6967e+01
7130.4565  -3.5718e+01  4.9348e+01
7131.7070  9.5851e+00  3.6829e+01
