# SNR 9.0969
# Quality c
# flux_factor = 1.e-20
5314.2339  -2.0545e+02  2.0193e+02
5315.4844  1.2518e+02  2.0236e+02
5316.7349  8.8740e+01  1.9907e+02
5317.9849  5.7158e+01  1.9664e+02
5319.2354  -6.5099e+01  1.9667e+02
5320.4858  7.1377e+01  1.9714e+02
5321.7358  -9.4454e+01  1.9596e+02
5322.9863  -1.6970e+02  1.9582e+02
5324.2368  1.6429e+02  1.9625e+02
5325.4868  1.2975e+01  1.9629e+02
5326.7373  1.4988e+01  1.9644e+02
5327.9878  3.7021e+02  1.9707e+02
5329.2378  -1.7170e+02  1.9226e+02
5330.4883  7.5797e+01  1.9212e+02
5331.7388  1.7705e+02  1.9837e+02
5332.9888  -4.9477e+00  2.0146e+02
5334.2393  -3.0376e+01  1.9823e+02
5335.4897  -1.8732e+01  1.9548e+02
5336.7397  -5.0225e+00  1.9649e+02
5337.9902  9.9214e+01  1.9720e+02
5339.2407  -1.3688e+02  1.9493e+02
5340.4912  2.2436e+01  1.9481e+02
5341.7412  -6.2934e+01  1.9202e+02
5342.9917  2.1121e+02  1.9223e+02
5344.2422  1.7989e+02  1.9370e+02
5345.4922  -1.2903e+02  1.9445e+02
5346.7427  -6.0958e+00  1.9412e+02
5347.9932  -1.3235e+02  1.9376e+02
5349.2432  4.1973e+01  1.9418e+02
5350.4937  1.9512e+02  1.9608e+02
5351.7441  -1.7695e+00  1.9674e+02
5352.9941  -1.4209e+02  1.9720e+02
5354.2446  1.6100e+02  1.9558e+02
5355.4951  1.4131e+02  1.9396e+02
5356.7451  -8.0740e+01  1.9623e+02
5357.9956  -2.1638e+02  1.9691e+02
5359.2461  1.3744e+02  1.9561e+02
5360.4961  1.8940e+02  1.9475e+02
5361.7466  -1.5253e+01  1.9442e+02
5362.9971  1.9179e+02  1.9365e+02
5364.2471  -1.2572e+02  1.9163e+02
5365.4976  -1.4477e+01  1.9170e+02
5366.7480  -2.5375e+02  1.8979e+02
5367.9985  -2.1205e+02  1.9164e+02
5369.2485  -5.8678e+01  1.9356e+02
5370.4990  -8.4146e+01  1.9203e+02
5371.7495  3.2520e+01  1.8986e+02
5372.9995  3.1643e+01  1.8784e+02
5374.2500  6.4367e+01  1.9122e+02
5375.5005  8.7845e+01  1.9127e+02
5376.7505  -7.1333e+01  1.9133e+02
5378.0010  6.5174e+01  1.9304e+02
5379.2515  1.5420e+02  1.9135e+02
5380.5015  1.3419e+02  1.9304e+02
5381.7520  3.4408e+01  1.9046e+02
5383.0024  -6.8705e+01  1.9133e+02
5384.2524  1.4645e+02  1.9058e+02
5385.5029  1.1913e+02  1.9060e+02
5386.7534  1.0288e+02  1.9007e+02
5388.0034  1.4440e+02  1.9112e+02
5389.2539  2.2012e+02  1.8978e+02
5390.5044  -4.9168e+00  1.9058e+02
5391.7549  2.9710e+02  1.8822e+02
5393.0049  3.8514e+02  1.9006e+02
5394.2554  3.9925e+02  1.8907e+02
5395.5059  6.2616e+02  1.8859e+02
5396.7559  2.2125e+02  1.8937e+02
5398.0063  6.2468e+02  1.8929e+02
5399.2568  2.3633e+02  1.8681e+02
5400.5068  9.9464e+01  1.8650e+02
5401.7573  3.1570e+02  1.8746e+02
5403.0078  8.6152e+02  1.8687e+02
5404.2578  1.0332e+03  1.8716e+02
5405.5083  8.4335e+02  1.8440e+02
5406.7588  7.2246e+02  1.8286e+02
5408.0088  1.8063e+02  1.8112e+02
5409.2593  1.6996e+02  1.8410e+02
5410.5098  1.5572e+02  1.8384e+02
5411.7598  1.1835e+02  1.8588e+02
5413.0103  9.2731e+01  1.8513e+02
5414.2607  7.0716e+00  1.8498e+02
5415.5112  2.8913e+01  1.8655e+02
5416.7612  9.6460e+01  1.8624e+02
5418.0117  3.2427e+02  1.8699e+02
5419.2622  -3.1938e+01  1.8618e+02
5420.5122  -2.4398e+01  1.8626e+02
5421.7627  -4.4593e+01  1.8548e+02
5423.0132  1.4976e+02  1.8514e+02
5424.2632  -4.7457e+01  1.8603e+02
5425.5137  -8.0869e+01  1.8463e+02
5426.7642  -1.0567e+02  1.8349e+02
5428.0142  1.2660e+01  1.8580e+02
5429.2646  5.1611e+01  1.8660e+02
5430.5151  -7.8476e+01  1.8395e+02
5431.7651  6.8092e+01  1.8402e+02
5433.0156  2.4788e+02  1.8556e+02
5434.2661  2.1668e+02  1.8436e+02
5435.5161  6.8048e+01  1.8305e+02
5436.7666  1.1886e+02  1.8321e+02
5438.0171  -1.8662e+02  1.8637e+02
5439.2671  3.7841e+01  1.8541e+02
5440.5176  1.5870e+02  1.8761e+02
5441.7681  -1.0157e+01  1.8527e+02
5443.0186  1.4805e+01  1.8542e+02
5444.2686  -6.5289e+01  1.8658e+02
5445.5190  8.9294e+01  1.8551e+02
5446.7695  6.7566e+01  1.8407e+02
5448.0195  9.9835e+01  1.8189e+02
5449.2700  -2.6813e+00  1.8350e+02
5450.5205  -2.6123e+02  1.8584e+02
5451.7705  -2.5034e+01  1.8628e+02
5453.0210  3.5079e+02  1.8711e+02
5454.2715  1.2707e+02  1.8651e+02
5455.5215  1.0730e+02  1.8457e+02
5456.7720  -5.7292e+01  1.8358e+02
5458.0225  -1.8004e+02  1.8415e+02
5459.2725  -1.5526e+02  1.8601e+02
5460.5229  -5.0574e+01  1.8689e+02
5461.7734  -7.1417e+01  1.8856e+02
5463.0234  1.4678e+02  1.9019e+02
5464.2739  2.4537e+02  1.8846e+02
5465.5244  -1.4146e+02  1.8605e+02
5466.7749  2.2449e+02  1.8279e+02
5468.0249  1.2555e+02  1.8485e+02
5469.2754  -3.1355e+01  1.8609e+02
5470.5259  8.3240e+01  1.8521e+02
5471.7759  1.9058e+02  1.8401e+02
5473.0264  -8.8476e+01  1.8520e+02
5474.2769  1.3920e+02  1.8522e+02
5475.5269  1.3411e+02  1.8466e+02
5476.7773  -1.3574e+02  1.8326e+02
5478.0278  -7.3966e+01  1.8281e+02
5479.2778  6.2978e+01  1.8097e+02
5480.5283  2.2898e+02  1.8294e+02
5481.7788  1.1540e+01  1.8288e+02
5483.0288  1.3973e+02  1.8330e+02
5484.2793  -8.6681e+01  1.8367e+02
5485.5298  -1.5736e+02  1.8560e+02
5486.7798  1.1558e+01  1.8600e+02
5488.0303  -2.0226e+02  1.8363e+02
5489.2808  -9.5497e+01  1.8168e+02
5490.5312  1.4590e+02  1.8216e+02
5491.7812  5.6274e+00  1.8416e+02
5493.0317  -1.3043e+02  1.8321e+02
