# SNR 8.1159
# Quality c
# flux_factor = 1.e-20
6182.7017  7.8238e+01  5.3114e+01
6183.9521  -2.5640e+01  5.0814e+01
6185.2021  7.9106e+01  5.2281e+01
6186.4526  1.5076e+01  5.2181e+01
6187.7031  7.8150e+01  5.1867e+01
6188.9531  -3.0834e+01  5.2059e+01
6190.2036  -5.0545e+01  5.1786e+01
6191.4541  1.6672e+01  5.6025e+01
6192.7041  8.8307e+01  5.7672e+01
6193.9546  1.4490e+01  5.9081e+01
6195.2051  1.0715e+01  5.7993e+01
6196.4556  6.9128e+01  5.6289e+01
6197.7056  4.5707e+01  5.7406e+01
6198.9561  -5.3629e+00  5.8609e+01
6200.2065  -2.4075e+01  5.0675e+01
6201.4565  9.6996e+01  5.8175e+01
6202.7070  2.9845e+01  6.2610e+01
6203.9575  7.2315e+01  6.7164e+01
6205.2075  1.9235e+01  6.6016e+01
6206.4580  2.1752e+01  5.2184e+01
6207.7085  7.2719e+01  5.5353e+01
6208.9585  5.0554e+01  5.1889e+01
6210.2090  7.8145e+01  5.9068e+01
6211.4595  2.7822e+01  5.6535e+01
6212.7095  2.4955e+01  5.6095e+01
6213.9600  2.7566e+01  6.4766e+01
6215.2104  -4.1402e+01  6.1783e+01
6216.4609  -6.5847e+01  5.0194e+01
6217.7109  -2.7943e+01  5.1552e+01
6218.9614  5.4663e+01  5.0908e+01
6220.2119  2.4262e+01  5.7826e+01
6221.4619  1.9758e+01  6.0724e+01
6222.7124  1.5667e+00  6.8826e+01
6223.9629  1.0729e+01  8.2829e+01
6225.2129  -5.4669e+00  5.5813e+01
6226.4634  4.9044e+01  5.0461e+01
6227.7139  2.6861e+01  4.9861e+01
6228.9639  4.9992e+01  4.8835e+01
6230.2144  7.6696e+00  4.9809e+01
6231.4648  2.4830e+01  4.9755e+01
6232.7148  6.4361e+01  5.3083e+01
6233.9653  -8.0694e+01  6.3503e+01
6235.2158  -1.4951e+01  8.5293e+01
6236.4658  1.4055e+00  1.0083e+02
6237.7163  1.3557e+01  9.5813e+01
6238.9668  1.3196e+02  7.1634e+01
6240.2173  3.8274e+01  7.3048e+01
6241.4673  3.1453e+01  6.7221e+01
6242.7178  -2.1003e+01  6.6104e+01
6243.9683  -1.7860e+01  6.7165e+01
6245.2183  1.1757e+02  7.2517e+01
6246.4688  5.0918e+01  5.2280e+01
6247.7192  -5.5273e+01  5.3370e+01
6248.9692  2.8154e+01  5.4990e+01
6250.2197  1.0559e+02  5.1624e+01
6251.4702  8.1522e+01  5.3426e+01
6252.7202  -2.0336e+01  6.5933e+01
6253.9707  -7.8425e+01  4.9690e+01
6255.2212  2.5516e+01  5.8829e+01
6256.4712  6.8958e+01  6.7392e+01
6257.7217  1.3350e+02  9.0919e+01
6258.9722  5.3507e+01  1.0334e+02
6260.2227  -2.3736e+01  9.2022e+01
6261.4727  8.5631e+00  5.5888e+01
6262.7231  -2.0663e+01  5.6615e+01
6263.9736  5.4782e+01  6.8093e+01
6265.2236  9.6395e+01  7.7488e+01
6266.4741  3.5248e+01  7.0364e+01
6267.7246  1.0159e+02  5.9063e+01
6268.9746  9.4155e+00  6.6059e+01
6270.2251  -1.0399e+01  6.7821e+01
6271.4756  1.1088e+00  5.8697e+01
6272.7256  -1.3495e+01  5.4221e+01
6273.9761  -1.5415e+01  5.0948e+01
6275.2266  5.7399e+00  5.5210e+01
6276.4766  7.8062e+01  5.9710e+01
6277.7271  2.6863e+01  7.2344e+01
6278.9775  1.3285e+02  5.8920e+01
6280.2280  1.0895e+02  6.0826e+01
6281.4780  1.7372e+01  4.6962e+01
6282.7285  5.9057e+01  4.7325e+01
6283.9790  1.7552e+02  5.3226e+01
6285.2290  3.7064e+02  5.3972e+01
6286.4795  5.0446e+02  6.4378e+01
6287.7300  3.8366e+02  9.0495e+01
6288.9800  1.5862e+02  8.9985e+01
6290.2305  2.4826e+02  6.9200e+01
6291.4810  1.5754e+02  5.7984e+01
6292.7310  1.6919e+01  6.1595e+01
6293.9814  2.2843e+01  6.3212e+01
6295.2319  4.5723e+01  5.5838e+01
6296.4819  3.5306e+01  5.5488e+01
6297.7324  -6.0099e+01  1.1528e+02
6298.9829  -4.5806e+01  9.9841e+01
6300.2334  3.2910e+00  2.1798e+02
6301.4834  5.2008e+01  2.7340e+02
6302.7339  7.1015e+00  1.8773e+02
6303.9844  2.6952e+02  1.6585e+02
6305.2344  -1.1173e+02  7.2657e+01
6306.4849  7.6188e+01  7.4324e+01
6307.7354  1.4876e+02  1.0095e+02
6308.9854  -1.5523e+02  9.1236e+01
6310.2358  2.5463e+01  5.5312e+01
6311.4863  -1.2258e+01  5.2858e+01
6312.7363  9.8757e+01  5.2273e+01
6313.9868  1.4336e+01  4.9836e+01
6315.2373  -5.0390e+00  5.2601e+01
6316.4873  2.4089e+01  5.2212e+01
6317.7378  -7.1996e+01  4.6420e+01
6318.9883  3.9158e+01  5.1476e+01
6320.2388  7.6233e+01  5.3932e+01
6321.4888  7.9804e+01  6.1830e+01
6322.7393  6.0059e+01  7.6018e+01
6323.9897  -4.2243e+01  5.4224e+01
6325.2397  2.9757e+01  5.0952e+01
6326.4902  4.8528e+01  4.8515e+01
6327.7407  4.2764e+01  5.7450e+01
6328.9907  -2.6791e+01  6.3133e+01
6330.2412  -1.3624e+02  9.2623e+01
6331.4917  -4.4561e+01  8.9031e+01
6332.7417  2.0672e+02  6.6647e+01
6333.9922  2.9768e+01  5.4287e+01
6335.2427  1.2307e+01  5.4632e+01
6336.4927  9.3364e+01  5.6630e+01
6337.7432  2.0344e+01  4.5033e+01
6338.9937  2.9134e+01  4.6007e+01
6340.2441  1.6100e+01  5.1018e+01
6341.4941  8.1709e+01  5.4974e+01
6342.7446  -4.1176e+01  5.5927e+01
6343.9951  8.0289e+01  4.8332e+01
6345.2451  1.0559e+02  5.1849e+01
6346.4956  -3.5252e+01  5.0558e+01
6347.7461  -3.1912e+01  5.3668e+01
6348.9961  -4.1798e+01  6.1204e+01
6350.2466  -3.1025e+01  5.9611e+01
6351.4971  -2.2125e+01  5.1016e+01
6352.7471  3.2725e+01  4.8038e+01
6353.9976  -7.2080e+00  4.9583e+01
6355.2480  6.3080e-01  5.5104e+01
6356.4980  -2.1246e+01  8.3520e+01
6357.7485  -4.0411e+01  7.6697e+01
6358.9990  -1.1133e+02  6.3757e+01
6360.2495  -2.0064e+01  5.1254e+01
6361.4995  -4.7800e+01  6.6995e+01
6362.7500  5.8823e+01  9.9270e+01
6364.0005  4.3669e+01  1.4160e+02
6365.2505  2.0301e+01  1.5680e+02
6366.5010  -1.1513e+00  1.0752e+02
6367.7515  6.9723e+01  5.9655e+01
6369.0015  4.2212e+01  4.8575e+01
6370.2520  -1.1150e+01  4.5834e+01
6371.5024  -3.9786e+00  5.9164e+01
6372.7524  1.1938e+01  4.5710e+01
6374.0029  6.5384e+01  5.1069e+01
6375.2534  4.9788e+01  5.4738e+01
6376.5034  1.0054e+01  4.9909e+01
6377.7539  -2.4415e+00  4.7259e+01
6379.0044  6.3409e+01  5.8128e+01
6380.2549  3.0857e-01  6.1045e+01
6381.5049  3.8568e+01  6.6024e+01
6382.7554  8.0502e+01  4.8870e+01
6384.0059  3.1492e+01  5.1252e+01
6385.2559  -2.9886e+01  6.1557e+01
6386.5063  -2.7471e+00  6.3010e+01
6387.7568  7.6694e+01  6.4678e+01
6389.0068  1.5558e+02  5.6502e+01
6390.2573  2.4941e+01  4.6469e+01
