# SNR 15.7070
# Quality c
# flux_factor = 1.e-20
6637.1396  2.0514e+01  9.0784e+01
6638.3901  5.4606e+01  8.5192e+01
6639.6401  4.7523e+01  8.1706e+01
6640.8906  6.8391e+01  8.2942e+01
6642.1411  -3.3614e+01  8.2780e+01
6643.3911  1.9066e+01  8.2047e+01
6644.6416  -5.2753e+01  8.1973e+01
6645.8921  5.8612e+01  8.0509e+01
6647.1421  3.2135e+01  8.1280e+01
6648.3926  4.2337e+01  8.1352e+01
6649.6431  1.8102e+01  8.1308e+01
6650.8931  4.9138e+01  8.1761e+01
6652.1436  -7.6468e+01  8.1831e+01
6653.3940  -3.6763e+01  8.1860e+01
6654.6445  -5.3561e+01  8.2708e+01
6655.8945  5.6718e+01  8.0949e+01
6657.1450  -2.0536e+01  8.1373e+01
6658.3955  -1.3249e+01  8.1758e+01
6659.6455  -6.0528e+01  8.1106e+01
6660.8960  -8.6071e+00  8.1479e+01
6662.1465  -8.7877e+01  8.1222e+01
6663.3965  -1.0839e+02  8.2766e+01
6664.6470  -1.9987e+02  8.4226e+01
6665.8975  5.2459e+01  8.1864e+01
6667.1475  5.2225e+00  8.1447e+01
6668.3979  -8.7411e+01  8.2705e+01
6669.6484  4.0891e+01  8.4953e+01
6670.8989  -2.0716e+01  8.5093e+01
6672.1489  4.6660e+01  8.2184e+01
6673.3994  -6.3915e+01  8.1418e+01
6674.6499  1.1000e+01  8.0584e+01
6675.8999  3.9202e+01  8.0588e+01
6677.1504  -1.1783e+02  8.0456e+01
6678.4009  -8.4062e+01  8.0094e+01
6679.6509  5.5556e+01  8.1137e+01
6680.9014  3.1891e+01  8.1388e+01
6682.1519  3.7544e+01  8.0878e+01
6683.4019  7.0259e+00  7.9941e+01
6684.6523  -3.6904e+01  7.9819e+01
6685.9028  3.5777e+01  8.0681e+01
6687.1528  -7.0807e+01  8.0391e+01
6688.4033  -7.1672e+01  8.0861e+01
6689.6538  -9.7186e+01  8.1214e+01
6690.9043  2.1737e+01  8.1247e+01
6692.1543  -1.1650e+02  8.0544e+01
6693.4048  -1.3100e+01  8.0531e+01
6694.6553  -5.9851e+01  7.9956e+01
6695.9053  3.2579e+01  8.0401e+01
6697.1558  4.2867e+01  8.0027e+01
6698.4062  7.1513e+01  7.9992e+01
6699.6562  -3.1384e+01  8.0463e+01
6700.9067  -3.3234e+00  8.3166e+01
6702.1572  -5.1663e+01  8.3997e+01
6703.4072  8.9098e+01  8.2428e+01
6704.6577  3.8485e+01  8.0417e+01
6705.9082  -1.0589e+00  8.1367e+01
6707.1582  -5.2391e+01  8.2831e+01
6708.4087  -6.2811e+00  8.1383e+01
6709.6592  6.8838e+01  8.0263e+01
6710.9097  1.1918e+02  8.1001e+01
6712.1597  1.6149e+01  8.0964e+01
6713.4102  -8.2281e+01  7.9672e+01
6714.6606  -5.1883e+01  7.9772e+01
6715.9106  1.2721e+01  8.0129e+01
6717.1611  -8.9141e+01  8.0999e+01
6718.4116  -3.2275e+01  8.4709e+01
6719.6616  6.8300e+01  8.5412e+01
6720.9121  -8.4915e+01  8.1755e+01
6722.1626  -4.2995e+01  8.0035e+01
6723.4126  -3.6105e+01  7.9708e+01
6724.6631  -2.3227e+01  7.9469e+01
6725.9136  -1.5891e+01  7.9839e+01
6727.1636  5.3112e+00  7.9456e+01
6728.4141  -1.3569e+01  7.9058e+01
6729.6646  7.8490e+01  7.8972e+01
6730.9150  4.5362e+00  7.9223e+01
6732.1650  -1.1493e+02  8.1484e+01
6733.4155  -8.3203e+01  8.3612e+01
6734.6660  1.1955e+02  8.1961e+01
6735.9160  -1.2543e+01  7.9793e+01
6737.1665  7.6421e+01  7.9378e+01
6738.4170  -7.2147e+01  7.9031e+01
6739.6670  7.9484e+00  7.8440e+01
6740.9175  1.9179e+01  7.9140e+01
6742.1680  5.6469e+01  8.0043e+01
6743.4180  4.1560e+00  8.1014e+01
6744.6685  -1.1497e+00  8.0053e+01
6745.9189  1.0005e+02  8.0880e+01
6747.1694  4.4962e+02  8.1185e+01
6748.4194  5.6420e+02  8.0046e+01
6749.6699  5.5132e+02  7.9702e+01
6750.9204  4.9105e+02  7.8478e+01
6752.1704  2.5734e+02  7.8346e+01
6753.4209  1.5190e+02  7.9103e+01
6754.6714  1.4695e+02  7.8473e+01
6755.9214  1.2529e+01  7.8441e+01
6757.1719  1.0990e+02  7.8571e+01
6758.4224  -3.9838e+01  7.8409e+01
6759.6724  9.4320e+01  7.8412e+01
6760.9229  1.4128e+01  7.8364e+01
6762.1733  -7.3765e+00  7.8342e+01
6763.4233  -1.3050e+01  7.7880e+01
6764.6738  -7.1443e+01  7.8133e+01
6765.9243  8.3907e+00  7.7391e+01
6767.1748  7.7208e+01  7.8067e+01
6768.4248  -2.2883e+01  7.7114e+01
6769.6753  -9.5713e+00  7.7206e+01
6770.9258  5.4269e+01  7.7347e+01
6772.1758  6.6224e+01  7.7912e+01
6773.4263  5.7704e+00  7.7911e+01
6774.6768  -3.5769e+01  7.7229e+01
6775.9268  1.2995e+01  7.7380e+01
6777.1772  -4.0041e+01  7.7193e+01
6778.4277  -5.8815e+01  7.8710e+01
6779.6777  -9.9564e+01  7.7557e+01
6780.9282  8.3259e+01  7.7195e+01
6782.1787  7.5405e+01  7.7350e+01
6783.4287  -4.8855e+01  7.6950e+01
6784.6792  8.1661e+01  7.7422e+01
6785.9297  5.3399e+01  7.8261e+01
6787.1802  1.5589e+02  7.9269e+01
6788.4302  5.6415e+01  7.7318e+01
6789.6807  7.6332e+00  7.8330e+01
6790.9312  -9.6269e+01  7.8773e+01
6792.1812  -4.5252e+01  7.8081e+01
6793.4316  2.0449e+01  7.6752e+01
6794.6821  7.4985e+01  7.7028e+01
6795.9321  2.6031e+01  7.6383e+01
6797.1826  -1.8253e+01  7.6088e+01
6798.4331  -3.8432e+01  7.6645e+01
6799.6831  8.7944e+00  7.6657e+01
6800.9336  1.0906e+02  7.6831e+01
6802.1841  5.9047e+01  7.6889e+01
6803.4346  -2.5474e+01  7.6865e+01
6804.6846  5.0886e+01  7.6641e+01
6805.9351  1.6101e+01  7.6779e+01
6807.1855  -2.8385e+01  7.7021e+01
6808.4355  2.4916e+02  7.7041e+01
6809.6860  5.4726e+01  7.6487e+01
6810.9365  4.2004e+01  7.6905e+01
6812.1865  9.6977e+00  7.7313e+01
6813.4370  -1.2161e+02  7.6565e+01
6814.6875  -1.1648e+02  7.6943e+01
6815.9375  -7.6269e+01  7.6750e+01
6817.1880  -2.9364e+01  7.6458e+01
6818.4385  -3.6028e+01  7.6239e+01
6819.6885  -2.3184e+01  7.7092e+01
6820.9390  -4.1161e+01  7.7143e+01
6822.1895  -3.2741e+01  7.6947e+01
6823.4399  -7.2610e+01  7.7087e+01
6824.6899  -4.5170e+01  7.6122e+01
6825.9404  5.2520e+01  7.6392e+01
6827.1909  -4.1041e+01  7.6778e+01
6828.4409  4.9711e+01  8.2867e+01
6829.6914  9.4390e+01  1.0249e+02
6830.9419  -1.8731e+02  1.4369e+02
6832.1919  1.5486e+02  1.5652e+02
6833.4424  1.0349e+01  1.0959e+02
6834.6929  -7.9724e+01  9.3523e+01
6835.9429  8.8502e+01  1.0852e+02
6837.1934  -1.6020e+01  1.5579e+02
6838.4438  -1.0951e+02  1.0516e+02
6839.6938  2.4604e+01  8.1292e+01
6840.9443  -3.2372e+01  7.8008e+01
6842.1948  -8.6835e+01  8.1222e+01
6843.4453  -7.9668e+01  8.9365e+01
6844.6953  1.5688e+02  9.4872e+01
6845.9458  -1.6136e+01  8.6487e+01
6847.1963  5.8883e+01  7.7160e+01
6848.4463  2.8866e+01  7.6452e+01
6849.6968  1.9959e+01  7.5724e+01
6850.9473  -4.4299e+01  7.6346e+01
6852.1973  2.8997e+00  7.8544e+01
6853.4478  -8.8481e+01  8.0393e+01
6854.6982  -1.2522e+02  7.8645e+01
6855.9482  3.7897e+01  7.6569e+01
6857.1987  3.0647e+00  7.5856e+01
6858.4492  -4.9245e+01  7.6330e+01
6859.6997  3.4227e+00  7.5882e+01
6860.9497  3.9529e+01  7.6517e+01
