# SNR 8.6970
# Quality c
# flux_factor = 1.e-20
4814.8315  -1.2669e+02  8.9960e+01
4816.0820  -6.2361e+01  9.0765e+01
4817.3325  4.4374e+01  8.8502e+01
4818.5825  1.1921e+02  8.6356e+01
4819.8330  -5.7648e+01  1.0011e+02
4821.0835  -2.1498e+02  8.9728e+01
4822.3335  5.3303e+01  8.9083e+01
4823.5840  2.9214e+01  1.0075e+02
4824.8345  -6.4549e+01  8.5216e+01
4826.0845  -5.6039e+01  9.0756e+01
4827.3350  1.7548e+01  8.1221e+01
4828.5854  -2.2419e+00  1.0770e+02
4829.8354  6.8009e+01  9.6134e+01
4831.0859  9.3216e+01  8.3116e+01
4832.3364  -1.5240e+02  7.8015e+01
4833.5864  1.0369e+02  8.6491e+01
4834.8369  6.5641e+01  8.6105e+01
4836.0874  -2.6751e+01  1.0857e+02
4837.3374  -1.8843e+02  9.7607e+01
4838.5879  1.3882e+02  8.9735e+01
4839.8384  8.4200e+01  8.3346e+01
4841.0884  1.9886e+01  1.0879e+02
4842.3389  -7.9275e+00  8.3530e+01
4843.5894  9.2747e+01  8.8104e+01
4844.8398  6.4225e+01  1.0627e+02
4846.0898  4.4856e+00  9.0250e+01
4847.3403  -9.4056e+00  9.0885e+01
4848.5908  4.3381e+01  7.9126e+01
4849.8408  -2.6711e+01  8.4752e+01
4851.0913  -7.2624e+01  8.5417e+01
4852.3418  1.3458e+02  8.9701e+01
4853.5918  9.8337e+01  8.4846e+01
4854.8423  -1.1535e-01  9.9740e+01
4856.0928  6.0528e+01  7.5692e+01
4857.3428  -2.3133e+01  8.9265e+01
4858.5933  1.3958e+02  6.8814e+01
4859.8438  1.8021e+02  8.0328e+01
4861.0938  -6.1191e+01  9.1457e+01
4862.3442  -5.5418e+01  9.6365e+01
4863.5947  5.6712e+01  8.0380e+01
4864.8447  2.8538e+01  9.6414e+01
4866.0952  1.2849e+02  9.2092e+01
4867.3457  1.2309e+01  8.4814e+01
4868.5957  -4.8682e+01  9.6589e+01
4869.8462  1.5653e+02  9.5694e+01
4871.0967  -3.8121e+01  8.7757e+01
4872.3467  -7.5345e+01  7.1195e+01
4873.5972  -3.4418e+01  7.2238e+01
4874.8477  -1.2636e+02  7.7003e+01
4876.0981  1.4011e+02  1.0644e+02
4877.3481  -7.5083e+01  8.0938e+01
4878.5986  4.0737e+00  8.6263e+01
4879.8491  6.4093e+01  8.2436e+01
4881.0991  -3.6351e+01  7.0088e+01
4882.3496  -4.2381e+01  1.0432e+02
4883.6001  -4.0763e+00  9.4474e+01
4884.8501  -8.8093e+00  9.7005e+01
4886.1006  -6.5183e+01  1.0427e+02
4887.3511  -2.6975e+01  8.2730e+01
4888.6011  2.3805e+00  7.2197e+01
4889.8516  7.3731e+01  9.1962e+01
4891.1021  7.6219e+01  9.6383e+01
4892.3521  1.2683e+02  9.5561e+01
4893.6025  2.5407e+02  8.7940e+01
4894.8530  4.3204e+02  8.2721e+01
4896.1030  5.5133e+02  9.0536e+01
4897.3535  4.5883e+02  1.0107e+02
4898.6040  2.4901e+02  9.3197e+01
4899.8540  -6.2334e+01  8.0365e+01
4901.1045  1.0018e-01  1.0724e+02
4902.3550  5.9578e+01  8.7705e+01
4903.6050  -4.1711e+01  8.2161e+01
4904.8555  1.2425e+02  1.0083e+02
4906.1060  1.3422e+02  7.8034e+01
4907.3564  -6.0147e+01  9.7426e+01
4908.6064  -3.6625e+01  8.1195e+01
4909.8569  5.9954e+01  7.5514e+01
4911.1074  1.0438e+02  8.2627e+01
4912.3574  -1.1201e+02  6.9537e+01
4913.6079  -1.0935e+02  8.2771e+01
4914.8584  -1.2094e+02  8.4368e+01
4916.1084  -2.5652e+01  8.8506e+01
4917.3589  2.7700e+01  8.2056e+01
4918.6094  -2.5485e+01  8.2660e+01
4919.8594  1.0292e+02  7.2915e+01
4921.1099  2.7707e+01  7.2673e+01
4922.3604  1.1526e+01  7.0949e+01
4923.6104  4.8618e+01  6.8709e+01
4924.8608  7.7661e+01  9.5906e+01
4926.1113  -4.3536e+01  8.0044e+01
4927.3613  4.9178e+01  8.8848e+01
4928.6118  9.8562e+01  8.4181e+01
4929.8623  4.3218e+01  8.6697e+01
4931.1123  2.4092e+01  9.3746e+01
4932.3628  6.5655e+00  7.6348e+01
4933.6133  3.0502e+01  8.0986e+01
4934.8633  -3.1025e+01  8.3090e+01
4936.1138  -1.6800e+02  7.7619e+01
4937.3643  -8.2839e+01  7.7113e+01
4938.6143  -8.7681e+01  7.6547e+01
4939.8647  3.4259e+00  9.9611e+01
4941.1152  -9.0588e+00  9.6376e+01
4942.3657  -1.3732e+02  8.7822e+01
4943.6157  9.4069e+01  8.1051e+01
4944.8662  4.5019e+01  7.0814e+01
4946.1167  5.5916e+00  8.8418e+01
4947.3667  3.0644e+01  8.3127e+01
4948.6172  -6.1635e+01  8.4051e+01
4949.8677  -6.9397e+01  8.8911e+01
4951.1177  1.1759e+01  8.8419e+01
4952.3682  -4.8602e+01  7.9782e+01
4953.6187  -1.0570e+01  8.2112e+01
4954.8687  -1.7519e+01  7.5218e+01
4956.1191  -3.6512e+01  7.3135e+01
4957.3696  4.2454e+01  7.6632e+01
4958.6196  7.9184e+01  7.1667e+01
4959.8701  -9.1023e+01  8.1422e+01
4961.1206  -2.7775e+01  7.8129e+01
4962.3706  2.3637e+00  8.1305e+01
4963.6211  3.2888e+01  6.9121e+01
4964.8716  3.4107e+01  7.4666e+01
4966.1216  -9.1933e+01  8.7023e+01
4967.3721  3.7549e+01  7.0733e+01
4968.6226  8.7002e+01  8.3149e+01
4969.8726  -4.1594e+01  8.8842e+01
4971.1230  8.4251e+00  8.2840e+01
4972.3735  -7.4336e+01  8.0633e+01
4973.6240  2.6300e+01  7.1230e+01
4974.8740  1.1548e+02  8.1367e+01
4976.1245  5.4555e+01  8.3788e+01
4977.3750  -2.8348e+01  8.4564e+01
