# SNR 11.5341
# Quality c
# flux_factor = 1.e-20
6582.9829  -8.9808e+01  6.1271e+01
6584.2334  3.6340e+01  5.2325e+01
6585.4834  5.8731e+01  5.2759e+01
6586.7339  8.6841e+01  5.8412e+01
6587.9844  2.7862e+00  5.0899e+01
6589.2349  4.6090e+01  5.7226e+01
6590.4849  4.4002e+01  4.6329e+01
6591.7354  3.0723e+01  6.7342e+01
6592.9858  3.9388e+01  5.5744e+01
6594.2358  8.0352e+01  4.9415e+01
6595.4863  -5.4753e+01  5.5416e+01
6596.7368  4.9394e+01  6.2541e+01
6597.9868  1.6618e+00  7.3533e+01
6599.2373  -5.0842e+01  6.4929e+01
6600.4878  -6.3573e+01  5.3604e+01
6601.7378  -5.5883e+01  4.5027e+01
6602.9883  -1.8295e+01  5.6068e+01
6604.2388  -1.9255e+01  5.8108e+01
6605.4888  -8.0292e+00  6.7647e+01
6606.7393  -6.2032e+01  6.1264e+01
6607.9897  7.1683e+00  6.1988e+01
6609.2402  3.6663e+01  5.5383e+01
6610.4902  4.2659e+00  4.7041e+01
6611.7407  1.0784e+02  4.8814e+01
6612.9912  3.4123e+01  6.1926e+01
6614.2412  5.3645e+01  4.5048e+01
6615.4917  9.4211e-01  4.6177e+01
6616.7422  6.1678e+00  6.0596e+01
6617.9922  -6.8134e+01  5.8594e+01
6619.2427  2.5154e+01  5.0002e+01
6620.4932  6.9125e+01  6.1206e+01
6621.7432  -3.9118e+00  4.6918e+01
6622.9937  2.2459e+00  5.1880e+01
6624.2441  -7.2977e+01  4.9900e+01
6625.4941  1.7266e+01  6.4742e+01
6626.7446  -3.3570e+00  5.2239e+01
6627.9951  1.4498e+01  5.4074e+01
6629.2456  -5.0955e+01  6.7416e+01
6630.4956  -8.4955e-01  5.3309e+01
6631.7461  -1.5386e+02  4.6471e+01
6632.9966  -4.1023e+01  5.6581e+01
6634.2466  4.1358e+01  5.7517e+01
6635.4971  1.1569e+01  6.2786e+01
6636.7476  -7.1265e+01  6.1637e+01
6637.9976  -6.2781e-01  5.5933e+01
6639.2480  1.2390e+01  4.5047e+01
6640.4985  -1.5284e+01  4.5240e+01
6641.7485  2.1448e+00  5.2795e+01
6642.9990  3.0647e+01  5.0414e+01
6644.2495  -3.0776e+01  4.6229e+01
6645.5000  -7.5906e+01  5.1280e+01
6646.7500  2.5077e+01  6.0589e+01
6648.0005  -1.8501e+01  5.6443e+01
6649.2510  -3.2699e+01  4.7807e+01
6650.5010  3.2350e+01  5.0434e+01
6651.7515  9.0374e+01  5.1535e+01
6653.0020  1.3289e+02  4.9239e+01
6654.2520  2.0952e+02  5.3190e+01
6655.5024  2.6185e+01  5.0380e+01
6656.7529  6.1993e+01  4.7921e+01
6658.0029  5.2652e+01  5.2406e+01
6659.2534  6.9591e+01  5.5244e+01
6660.5039  4.8216e+01  5.4112e+01
6661.7539  -2.9762e+01  6.3512e+01
6663.0044  1.0767e+01  5.3309e+01
6664.2549  3.8399e+01  7.1034e+01
6665.5054  8.5553e+01  5.2678e+01
6666.7554  2.2825e+01  6.1280e+01
6668.0059  5.6404e+01  5.2522e+01
6669.2563  1.3916e+01  5.8545e+01
6670.5063  -7.2467e+01  5.0144e+01
6671.7568  -5.1211e-01  5.8634e+01
6673.0073  6.7249e+01  4.9451e+01
6674.2573  -1.0194e+01  4.7458e+01
6675.5078  -7.9850e+01  4.7350e+01
6676.7583  -3.5753e+01  5.7795e+01
6678.0083  2.4431e+01  6.2573e+01
6679.2588  -1.2164e+02  5.3350e+01
6680.5093  -9.0509e+00  5.2823e+01
6681.7593  9.1477e+01  4.3898e+01
6683.0098  7.7433e+01  4.4157e+01
6684.2603  6.1369e+01  4.6547e+01
6685.5107  -7.7881e+00  5.1854e+01
6686.7607  -3.5777e+01  4.9797e+01
6688.0112  4.8323e+01  5.5566e+01
6689.2617  9.4352e+00  5.2321e+01
6690.5117  1.0944e+02  4.8351e+01
6691.7622  2.8707e+02  5.2515e+01
6693.0127  3.8581e+02  5.2510e+01
6694.2627  3.5074e+02  4.9521e+01
6695.5132  2.8762e+02  4.6227e+01
6696.7637  1.5843e+02  5.2799e+01
6698.0137  3.4533e+01  5.3058e+01
6699.2642  1.4286e+01  4.6651e+01
6700.5146  -4.1563e+00  4.9163e+01
6701.7651  6.4863e+01  4.9839e+01
6703.0151  3.5334e+01  4.8146e+01
6704.2656  3.4773e+01  5.1528e+01
6705.5161  4.5046e+00  4.8788e+01
6706.7661  -9.8605e+01  4.7699e+01
6708.0166  -9.5183e+00  6.0533e+01
6709.2671  6.0303e+01  5.0823e+01
6710.5171  7.8125e+01  5.6298e+01
6711.7676  9.9535e+00  4.8025e+01
6713.0181  -5.5737e+01  4.7252e+01
6714.2681  2.6023e+01  6.0846e+01
6715.5186  9.0080e+01  5.3999e+01
6716.7690  1.6773e+01  5.2932e+01
6718.0190  -9.9315e+01  5.1083e+01
6719.2695  -4.0983e+01  5.4465e+01
6720.5200  5.2050e+01  5.2910e+01
6721.7705  2.7238e+00  5.1508e+01
6723.0205  3.7295e+01  5.3949e+01
6724.2710  -6.7630e-01  4.6863e+01
6725.5215  1.2561e+01  4.5822e+01
6726.7715  -1.9058e+00  5.9090e+01
6728.0220  -2.6947e+01  4.5168e+01
6729.2725  3.1622e+00  5.7096e+01
6730.5225  1.2720e+02  5.0337e+01
6731.7729  1.1050e+02  4.9966e+01
6733.0234  8.1709e+01  4.8518e+01
6734.2734  -2.6070e+01  4.9446e+01
6735.5239  -1.8957e+00  5.1519e+01
6736.7744  4.2542e+01  5.0379e+01
6738.0244  -7.9499e+01  5.1974e+01
6739.2749  -2.8771e+01  4.6680e+01
6740.5254  1.3088e+01  4.7695e+01
6741.7759  5.5863e+00  4.6939e+01
6743.0259  1.9304e+01  6.5975e+01
6744.2764  5.1561e+01  5.3759e+01
6745.5269  1.1292e+02  5.7638e+01
6746.7769  1.7280e+01  5.8596e+01
6748.0273  1.3812e+01  5.2702e+01
6749.2778  1.4867e+00  4.5902e+01
6750.5278  5.4551e+01  5.5630e+01
6751.7783  7.1207e+01  4.5769e+01
6753.0288  9.5296e+00  5.4227e+01
6754.2788  6.9394e+00  4.9360e+01
6755.5293  -3.5103e+01  4.8974e+01
6756.7798  2.8989e+01  4.6001e+01
6758.0298  -2.0969e+01  4.4658e+01
6759.2803  -9.0131e+01  4.5124e+01
6760.5308  -1.5477e+01  4.4758e+01
6761.7812  9.3226e+01  5.3740e+01
6763.0312  -8.2161e+01  4.5244e+01
6764.2817  -4.8496e+01  4.4919e+01
6765.5322  -7.9609e+01  4.6122e+01
6766.7822  2.8128e+01  5.1913e+01
6768.0327  1.0005e+02  5.3800e+01
6769.2832  4.4168e+01  4.4205e+01
6770.5332  7.8418e+00  5.6573e+01
6771.7837  1.6762e+00  5.1244e+01
6773.0342  4.3013e+01  5.4121e+01
6774.2842  3.4227e+01  4.3836e+01
6775.5347  3.6434e+01  5.9601e+01
6776.7852  1.6608e+01  5.3083e+01
6778.0356  4.5566e+01  5.1705e+01
6779.2856  5.2605e+01  5.2138e+01
6780.5361  -5.0801e+01  6.0756e+01
6781.7866  -1.8506e+00  5.0577e+01
6783.0366  -2.8250e+01  5.0564e+01
6784.2871  -8.4889e+00  4.5994e+01
6785.5376  3.8094e+00  4.6059e+01
6786.7876  2.7088e+01  5.3311e+01
6788.0381  1.4490e+01  4.4778e+01
6789.2886  2.4136e+01  4.9768e+01
6790.5386  -1.6029e+01  5.4964e+01
6791.7891  1.2648e+02  5.0951e+01
6793.0396  5.0628e+01  5.1878e+01
6794.2896  4.9400e+01  4.9861e+01
6795.5400  -4.6446e+01  4.9006e+01
6796.7905  1.1905e+02  4.9464e+01
6798.0410  7.1152e+01  4.3165e+01
6799.2910  -1.7546e+01  4.4124e+01
6800.5415  -4.4191e+01  4.2908e+01
6801.7920  5.5781e+01  4.6422e+01
6803.0420  2.7383e+01  5.4325e+01
6804.2925  1.5187e+01  5.3501e+01
