# SNR 11.1541
# Quality c
# flux_factor = 1.e-20
5495.5845  -1.1940e+02  1.5542e+02
5496.8350  -2.1343e+02  1.5628e+02
5498.0854  -5.3678e+01  1.5729e+02
5499.3354  -4.6969e+00  1.5758e+02
5500.5859  3.3279e+01  1.5912e+02
5501.8364  6.3781e+01  1.5810e+02
5503.0864  8.6737e+00  1.5740e+02
5504.3369  1.0033e+02  1.5594e+02
5505.5874  9.5801e+01  1.5804e+02
5506.8374  7.1205e+01  1.5742e+02
5508.0879  1.2186e+02  1.5539e+02
5509.3384  3.6078e+00  1.5662e+02
5510.5884  -4.1830e+01  1.5692e+02
5511.8389  -1.6142e+01  1.5837e+02
5513.0894  6.9100e+01  1.5684e+02
5514.3398  -4.8575e+00  1.5690e+02
5515.5898  1.3250e+02  1.5691e+02
5516.8403  -2.9523e+00  1.5811e+02
5518.0908  1.2294e+02  1.5745e+02
5519.3408  8.8081e+01  1.5740e+02
5520.5913  1.6427e+01  1.5715e+02
5521.8418  1.6878e+01  1.5627e+02
5523.0918  -2.5502e+02  1.5876e+02
5524.3423  -2.7839e+02  1.5806e+02
5525.5928  -1.1977e+02  1.5684e+02
5526.8428  5.4397e+00  1.5657e+02
5528.0933  8.9400e+01  1.5612e+02
5529.3438  1.6360e+02  1.5537e+02
5530.5938  -1.8033e+02  1.5332e+02
5531.8442  2.6838e+01  1.5529e+02
5533.0947  -1.2510e+02  1.5614e+02
5534.3447  3.2733e+01  1.5501e+02
5535.5952  -1.6820e+02  1.5588e+02
5536.8457  -2.2868e+02  1.5584e+02
5538.0962  -7.8635e-01  1.5629e+02
5539.3462  1.9371e+02  1.5675e+02
5540.5967  3.4007e+01  1.5647e+02
5541.8472  4.1719e+01  1.5587e+02
5543.0972  1.1840e+01  1.5768e+02
5544.3477  -1.4491e+02  1.6033e+02
5545.5981  -1.9653e+02  1.6172e+02
5546.8481  -1.3938e+02  1.6420e+02
5548.0986  -2.0436e+02  1.6048e+02
5549.3491  -5.0420e+01  1.5709e+02
5550.5991  -1.9928e+02  1.5926e+02
5551.8496  -2.4891e+02  1.5880e+02
5553.1001  1.6722e+02  1.5921e+02
5554.3501  3.7852e+01  1.5682e+02
5555.6006  7.2596e+01  1.5631e+02
5556.8511  -7.2986e+01  1.5647e+02
5558.1011  -1.0305e+02  1.5544e+02
5559.3516  -1.7915e+02  1.5746e+02
5560.6021  5.1216e+01  1.5594e+02
5561.8525  6.2496e+01  1.5644e+02
5563.1025  -2.8835e+01  1.5657e+02
5564.3530  2.5813e+01  1.5785e+02
5565.6035  4.1727e+01  1.6158e+02
5566.8535  3.1302e+01  1.6340e+02
5568.1040  1.0215e+01  1.5776e+02
5569.3545  -3.0453e+01  1.5516e+02
5570.6045  -7.3737e+01  1.5715e+02
5571.8550  -1.4904e+02  1.6028e+02
5573.1055  -5.7554e+01  1.5779e+02
5574.3555  -6.8329e+00  1.4711e+02
5575.6060  9.3234e+01  1.4445e+02
5576.8564  -3.8601e+00  2.9821e+02
5578.1064  1.2791e+01  8.4035e+02
5579.3569  1.2018e+01  1.3071e+03
5580.6074  1.0445e+01  1.1228e+03
5581.8574  2.2221e+01  4.7488e+02
5583.1079  -5.4462e+01  1.9093e+02
5584.3584  5.0481e+01  1.5095e+02
5585.6089  2.0837e+01  1.5664e+02
5586.8589  2.6386e+02  1.5395e+02
5588.1094  9.1558e+02  1.5299e+02
5589.3599  8.0032e+02  1.5407e+02
5590.6099  5.9134e+02  1.6098e+02
5591.8604  6.7900e+02  1.6561e+02
5593.1108  3.9302e+02  1.5625e+02
5594.3608  2.2613e+02  1.5221e+02
5595.6113  2.9220e+02  1.5261e+02
5596.8618  1.8432e+02  1.5178e+02
5598.1118  1.9232e+02  1.5394e+02
5599.3623  1.9817e+02  1.5726e+02
5600.6128  2.2570e+02  1.5636e+02
5601.8628  -1.4169e+02  1.5366e+02
5603.1133  -6.6486e+01  1.5147e+02
5604.3638  -1.2259e+01  1.5153e+02
5605.6138  -2.5176e+02  1.5480e+02
5606.8643  -1.4453e+02  1.5992e+02
5608.1147  -9.0578e+01  1.6048e+02
5609.3652  2.1355e+01  1.5549e+02
5610.6152  -3.7659e+00  1.5268e+02
5611.8657  1.1537e+01  1.5187e+02
5613.1162  2.6498e+01  1.5117e+02
5614.3662  -1.6856e+02  1.5148e+02
5615.6167  -5.3989e+01  1.5250e+02
5616.8672  -1.0266e+01  1.5122e+02
5618.1172  3.5029e+01  1.5172e+02
5619.3677  -1.5931e+02  1.5513e+02
5620.6182  1.0349e+02  1.5412e+02
5621.8682  -1.0572e+02  1.5155e+02
5623.1187  7.8973e+01  1.5087e+02
5624.3691  6.9504e+01  1.5405e+02
5625.6191  2.0070e+02  1.6044e+02
5626.8696  -6.0976e+01  1.6058e+02
5628.1201  -8.0881e+01  1.5198e+02
5629.3701  -8.4086e+01  1.4997e+02
5630.6206  2.1799e+02  1.4936e+02
5631.8711  -2.6204e+01  1.4977e+02
5633.1216  1.7775e+02  1.5066e+02
5634.3716  1.0028e+02  1.5020e+02
5635.6221  -7.1051e+01  1.5021e+02
5636.8726  1.1673e+02  1.4929e+02
5638.1226  1.3200e+02  1.4860e+02
5639.3730  -1.0771e+02  1.5024e+02
5640.6235  -1.0478e+01  1.5071e+02
5641.8735  -4.6906e+01  1.5278e+02
5643.1240  -2.1652e+02  1.5114e+02
5644.3745  -5.8505e+01  1.4986e+02
5645.6245  1.7874e+01  1.5127e+02
5646.8750  -3.3639e+02  1.5567e+02
5648.1255  -3.5457e+01  1.5671e+02
5649.3755  -8.8912e+00  1.5229e+02
5650.6260  -2.6101e+02  1.4960e+02
5651.8765  1.9826e+01  1.4912e+02
5653.1265  -5.1268e+01  1.4984e+02
5654.3770  -6.8663e+01  1.5101e+02
5655.6274  4.8698e-01  1.4950e+02
5656.8779  2.7368e+01  1.4851e+02
5658.1279  -5.5898e+00  1.4964e+02
5659.3784  -1.8637e+02  1.4874e+02
5660.6289  -1.2765e+02  1.4696e+02
5661.8789  2.1088e+01  1.4797e+02
5663.1294  -1.4014e+02  1.4892e+02
5664.3799  -2.3565e+02  1.4940e+02
5665.6299  -1.1335e+01  1.4991e+02
5666.8804  1.6234e+02  1.5094e+02
5668.1309  1.1453e+02  1.5047e+02
5669.3809  -3.3722e+01  1.5032e+02
5670.6313  1.2433e+01  1.5218e+02
5671.8818  -6.2630e+01  1.5306e+02
5673.1318  -1.2762e+02  1.5378e+02
5674.3823  -5.3183e+01  1.5175e+02
5675.6328  -1.6716e+02  1.5155e+02
5676.8828  2.7545e+01  1.5030e+02
5678.1333  -6.2434e+01  1.4973e+02
5679.3838  4.7423e+01  1.5100e+02
5680.6343  9.9019e+01  1.4996e+02
