# SNR 8.6964
# Quality c
# flux_factor = 1.e-20
7571.8296  -7.6212e+01  7.6055e+01
7573.0801  -8.7793e+01  9.5899e+01
7574.3306  -4.2011e+01  7.9391e+01
7575.5811  7.4005e+01  4.7775e+01
7576.8311  -5.2442e+01  3.6622e+01
7578.0815  -4.1067e+00  4.3862e+01
7579.3320  -3.7335e+01  3.2357e+01
7580.5820  -3.2707e+01  3.0943e+01
7581.8325  -3.1108e+01  3.4140e+01
7583.0830  -2.1489e+01  3.1787e+01
7584.3330  -1.3339e+01  3.1880e+01
7585.5835  -1.8207e+01  4.0306e+01
7586.8340  4.9013e+01  6.1473e+01
7588.0840  2.1576e+01  5.9923e+01
7589.3345  5.9289e+01  4.0131e+01
7590.5850  -1.2108e+01  3.9880e+01
7591.8354  5.2701e+01  4.2809e+01
7593.0854  7.5083e+00  4.0039e+01
7594.3359  -6.9882e+00  4.7218e+01
7595.5864  4.5972e+01  5.8015e+01
7596.8364  -4.7071e+01  7.0217e+01
7598.0869  -2.9055e+01  1.1177e+02
7599.3374  3.8233e+01  1.4721e+02
7600.5874  1.0048e+01  1.4316e+02
7601.8379  1.3040e+02  1.0602e+02
7603.0884  -1.3098e+02  8.7584e+01
7604.3384  -1.2737e+02  9.4726e+01
7605.5889  1.9369e+01  7.9388e+01
7606.8394  -7.6311e+01  8.1456e+01
7608.0898  1.4326e+02  8.3502e+01
7609.3398  1.9402e+02  7.0181e+01
7610.5903  1.2922e+02  7.8047e+01
7611.8408  5.9675e+01  7.5630e+01
7613.0908  6.9684e+01  7.2925e+01
7614.3413  9.0143e+01  6.3560e+01
7615.5918  3.7339e+01  6.0659e+01
7616.8418  4.1277e+01  5.2983e+01
7618.0923  -1.0576e+02  6.1115e+01
7619.3428  -6.3873e+01  6.0512e+01
7620.5928  -6.5515e+01  6.7500e+01
7621.8433  -9.8468e+01  4.5858e+01
7623.0938  -6.4832e+01  6.3345e+01
7624.3442  -9.6211e+01  5.8258e+01
7625.5942  -1.8192e+01  6.2182e+01
7626.8447  7.8730e+01  5.4467e+01
7628.0952  1.5880e+01  6.9284e+01
7629.3452  -1.8938e+01  1.0574e+02
7630.5957  1.9185e+02  9.9234e+01
7631.8462  1.6880e+02  6.5438e+01
7633.0962  8.5444e+01  6.4747e+01
7634.3467  -1.2041e+01  5.4335e+01
7635.5972  2.8313e+01  6.0493e+01
7636.8472  7.6565e+01  5.7695e+01
7638.0977  -8.7224e-01  5.2394e+01
7639.3481  2.2473e+01  4.8217e+01
7640.5981  6.7425e+01  6.1821e+01
7641.8486  -3.9722e+00  5.1781e+01
7643.0991  2.6534e+01  5.9827e+01
7644.3496  -2.3665e+01  4.9137e+01
7645.5996  3.3809e+01  7.2902e+01
7646.8501  -4.1537e+01  4.9035e+01
7648.1006  -2.7186e+01  4.0561e+01
7649.3506  -2.6917e+00  3.9925e+01
7650.6011  -2.1309e+01  5.2743e+01
7651.8516  -3.2775e+01  4.4984e+01
7653.1016  -1.6702e+01  4.1294e+01
7654.3521  9.3908e+01  5.9362e+01
7655.6025  1.5898e+01  5.9290e+01
7656.8525  4.5934e+01  4.2543e+01
7658.1030  6.7591e+01  4.3155e+01
7659.3535  1.9235e+01  4.4652e+01
7660.6040  -5.3624e+01  3.4171e+01
7661.8540  2.3896e+01  5.8336e+01
7663.1045  4.1503e+00  5.9199e+01
7664.3550  -1.4532e+01  6.6680e+01
7665.6050  1.3766e+02  4.7410e+01
7666.8555  8.6926e+01  5.3928e+01
7668.1060  4.8728e+01  3.7023e+01
7669.3560  -2.3654e+01  3.2718e+01
7670.6064  -1.0748e+01  3.9603e+01
7671.8569  5.7352e+01  4.4119e+01
7673.1069  -1.5291e+01  3.8954e+01
7674.3574  -1.9318e+01  3.4964e+01
7675.6079  4.0001e+01  3.1474e+01
7676.8584  4.6207e+01  3.6171e+01
7678.1084  2.9224e+01  3.9067e+01
7679.3589  -3.0654e+01  3.1938e+01
7680.6094  2.9866e+01  3.1477e+01
7681.8594  4.2932e+01  4.1314e+01
7683.1099  5.2545e+01  4.4440e+01
7684.3604  -2.7477e+01  3.9327e+01
7685.6104  3.2062e+01  3.8640e+01
7686.8608  7.3088e+00  4.7962e+01
7688.1113  -3.8771e+01  3.9364e+01
7689.3613  -1.4423e+01  4.7787e+01
7690.6118  9.3729e+01  3.6866e+01
7691.8623  1.4657e+01  4.3777e+01
7693.1128  6.1715e+01  4.0586e+01
7694.3628  -1.3775e+00  4.6186e+01
7695.6133  1.1978e+01  3.9859e+01
7696.8638  1.3723e+01  3.3462e+01
7698.1138  1.5043e+02  3.4202e+01
7699.3643  2.7052e+02  4.0845e+01
7700.6147  2.2038e+02  5.0591e+01
7701.8647  1.1417e+02  4.3670e+01
7703.1152  1.3661e+02  3.3990e+01
7704.3657  3.6133e+01  3.6993e+01
7705.6157  2.9823e+01  3.7974e+01
7706.8662  -1.6568e+01  3.6631e+01
7708.1167  4.9057e+01  3.1037e+01
7709.3667  2.9499e+01  3.4568e+01
7710.6172  6.7289e+01  3.5228e+01
7711.8677  1.2303e+02  7.8937e+01
7713.1182  3.2012e+00  1.1855e+02
7714.3682  1.7233e+00  1.2373e+02
7715.6187  6.9098e+01  1.1239e+02
7716.8691  -7.8591e+01  1.0876e+02
7718.1191  2.0772e+01  1.3384e+02
7719.3696  8.2532e+01  1.1100e+02
7720.6201  -7.4307e+01  7.6933e+01
7721.8701  3.7993e+01  5.1344e+01
7723.1206  3.1802e+01  4.4316e+01
7724.3711  -4.3555e+01  5.3280e+01
7725.6211  4.5815e+01  6.1242e+01
7726.8716  -1.1683e+02  7.0298e+01
7728.1221  5.4714e+01  6.3830e+01
7729.3726  5.9060e+01  4.9921e+01
7730.6226  5.3095e+01  4.2798e+01
7731.8730  8.8979e+01  3.8242e+01
7733.1235  5.6905e+01  3.5094e+01
7734.3735  -1.6204e+01  4.0931e+01
7735.6240  -3.8614e+01  4.2287e+01
7736.8745  8.3850e+01  4.4907e+01
7738.1245  1.1590e+01  4.5791e+01
7739.3750  5.7566e+01  4.1464e+01
7740.6255  1.1794e+01  4.4937e+01
7741.8755  -3.7988e+01  3.6042e+01
7743.1260  -1.7512e+01  3.7883e+01
7744.3765  4.3222e+01  3.7482e+01
7745.6270  -1.4597e+01  3.8462e+01
7746.8770  -3.9333e+01  4.1682e+01
7748.1274  -3.2917e+01  3.7702e+01
7749.3779  -9.1057e+01  7.3875e+01
7750.6279  4.9127e+01  1.2493e+02
7751.8784  5.0270e+01  1.6895e+02
7753.1289  -2.8776e+01  1.2623e+02
7754.3789  2.8558e+01  1.0416e+02
7755.6294  -8.0716e+01  3.7514e+01
7756.8799  -3.1763e+01  4.2406e+01
7758.1299  3.9611e+00  4.2583e+01
7759.3804  5.7091e+01  7.5627e+01
7760.6309  2.7534e+01  9.4909e+01
7761.8813  -6.5914e+01  9.7338e+01
7763.1313  -1.8844e+00  6.8810e+01
7764.3818  -5.4428e+01  4.0482e+01
7765.6323  -1.0446e+01  3.6262e+01
7766.8823  -3.5012e+01  3.9985e+01
7768.1328  4.9282e+01  3.1480e+01
7769.3833  8.1652e+01  3.3948e+01
7770.6333  -1.3246e+01  3.9536e+01
7771.8838  -3.6301e+01  5.2759e+01
7773.1343  4.4361e+01  8.6669e+01
7774.3843  8.1150e+01  9.1363e+01
7775.6348  5.4146e+01  8.6137e+01
7776.8853  3.5407e+01  6.3728e+01
7778.1357  2.6102e+01  4.0188e+01
7779.3857  -1.9815e+01  5.0512e+01
7780.6362  -1.1657e+01  6.8495e+01
7781.8867  -1.9027e+01  9.5903e+01
7783.1367  -2.7114e+01  5.9966e+01
7784.3872  -6.9984e+01  4.8199e+01
7785.6377  8.2931e+01  3.9548e+01
7786.8877  1.4108e+01  3.9376e+01
7788.1382  2.9928e+01  4.2317e+01
7789.3887  4.3563e+01  3.6993e+01
7790.6387  2.1232e+00  4.2211e+01
7791.8892  -2.7026e+01  4.9364e+01
7793.1396  -9.8880e+01  7.3945e+01
7794.3896  -3.7680e+01  1.2334e+02
7795.6401  3.0988e+01  1.5066e+02
7796.8906  -1.9118e+01  1.0674e+02
7798.1411  3.5755e+01  5.7863e+01
7799.3911  1.9628e+01  3.6234e+01
7800.6416  2.0623e+01  4.6567e+01
7801.8921  3.6404e+01  3.2341e+01
7803.1421  -6.4069e+00  3.9537e+01
7804.3926  -1.4640e+01  3.5742e+01
7805.6431  -7.1669e+01  3.8051e+01
7806.8931  -7.3375e+01  3.6034e+01
7808.1436  -3.8976e+01  6.8164e+01
7809.3940  2.4663e+02  1.0575e+02
7810.6440  1.9001e+01  8.7912e+01
7811.8945  5.7541e+01  6.3495e+01
7813.1450  6.1258e+01  4.2698e+01
7814.3955  -3.7180e+01  3.8327e+01
7815.6455  -4.8152e+01  4.8800e+01
7816.8960  5.5472e+00  4.8047e+01
7818.1465  -5.7190e+01  4.8438e+01
7819.3965  5.6647e+00  4.3495e+01
7820.6470  5.1753e+00  7.3771e+01
7821.8975  -3.0495e+01  1.4216e+02
7823.1475  6.3824e+01  1.6614e+02
7824.3979  -2.4139e+01  9.7331e+01
7825.6484  4.2765e+01  6.1325e+01
7826.8984  -2.2470e+01  3.6095e+01
