# SNR 15.4781
# Quality c
# flux_factor = 1.e-20
7229.2178  -2.2228e+00  2.9937e+01
7230.4683  3.0622e+01  3.6251e+01
7231.7188  -3.8717e+01  3.4038e+01
7232.9688  3.5735e+01  3.0976e+01
7234.2192  6.0546e+01  4.0056e+01
7235.4697  2.9132e+01  3.3311e+01
7236.7197  -2.4495e+01  4.1976e+01
7237.9702  4.6573e+01  4.5492e+01
7239.2207  6.6718e+01  6.7976e+01
7240.4712  6.8165e+01  1.0115e+02
7241.7212  -1.8293e+01  1.0960e+02
7242.9717  9.7905e+01  8.5155e+01
7244.2222  -7.8620e+01  7.3223e+01
7245.4722  -2.3489e+02  1.0060e+02
7246.7227  1.2412e+02  1.0645e+02
7247.9731  6.0637e+01  9.0750e+01
7249.2231  -3.9548e+01  5.1669e+01
7250.4736  -1.5998e+00  3.5280e+01
7251.7241  7.7250e+01  4.2183e+01
7252.9741  -3.2498e+01  4.6883e+01
7254.2246  -1.5493e+01  6.5446e+01
7255.4751  -6.5268e+00  5.7121e+01
7256.7251  -6.8348e+01  4.4511e+01
7257.9756  -1.5902e+01  3.6452e+01
7259.2261  -3.4291e+01  3.1384e+01
7260.4766  -5.4537e+00  3.4385e+01
7261.7266  5.3184e+00  3.0748e+01
7262.9771  4.8904e-01  3.5368e+01
7264.2275  -1.0886e+01  3.4557e+01
7265.4775  1.6300e+01  3.8349e+01
7266.7280  -3.4754e+00  3.7744e+01
7267.9785  2.5471e+01  3.6916e+01
7269.2285  -4.0043e+00  3.7493e+01
7270.4790  -2.7665e+00  3.9557e+01
7271.7295  -2.3638e+01  4.1200e+01
7272.9795  7.2339e+01  3.5626e+01
7274.2300  -8.0655e+01  5.2008e+01
7275.4805  -1.3001e+01  9.7007e+01
7276.7310  -2.0030e+02  1.2771e+02
7277.9810  5.5606e+01  1.3827e+02
7279.2314  -9.5266e+01  9.0237e+01
7280.4819  -9.2269e+01  6.2237e+01
7281.7319  1.6907e+01  3.9312e+01
7282.9824  -1.8542e+01  5.2683e+01
7284.2329  -6.6608e+01  7.1990e+01
7285.4829  -2.1509e+02  9.7567e+01
7286.7334  8.6488e+01  7.6206e+01
7287.9839  -1.4533e+01  5.1359e+01
7289.2339  5.7343e+00  3.3171e+01
7290.4844  4.3995e+01  3.2679e+01
7291.7349  4.0256e+01  3.9209e+01
7292.9854  -3.8557e+01  3.4299e+01
7294.2354  -7.6677e+01  3.1785e+01
7295.4858  -3.3218e+01  4.3970e+01
7296.7363  -3.1308e+01  5.6588e+01
7297.9863  -4.3535e+00  4.8613e+01
7299.2368  1.1888e+01  3.3330e+01
7300.4873  2.4162e+00  2.9862e+01
7301.7373  7.1662e+00  3.6395e+01
7302.9878  3.3278e+01  3.8422e+01
7304.2383  8.8803e+01  6.6809e+01
7305.4883  3.7801e+01  6.8335e+01
7306.7388  -9.4447e-01  4.7103e+01
7307.9893  -2.5149e+01  3.6974e+01
7309.2393  -2.2618e+01  3.6840e+01
7310.4897  3.3795e+01  3.4773e+01
7311.7402  4.9342e+01  4.0595e+01
7312.9907  8.3590e+00  3.6953e+01
7314.2407  -8.4028e+00  4.2341e+01
7315.4912  9.6319e+01  6.9711e+01
7316.7417  -1.1906e+00  1.1056e+02
7317.9917  1.8517e+02  1.1835e+02
7319.2422  8.9002e+01  9.0362e+01
7320.4927  -3.6313e+01  5.2297e+01
7321.7427  -1.9989e+01  3.1517e+01
7322.9932  2.3470e+01  3.1706e+01
7324.2437  7.2218e+01  3.0542e+01
7325.4937  4.4210e+01  2.7943e+01
7326.7441  -4.5059e+00  3.3614e+01
7327.9946  1.0651e+02  3.6785e+01
7329.2451  -6.0643e-01  7.9852e+01
7330.4951  1.4381e+02  8.2694e+01
7331.7456  1.3146e+02  5.9016e+01
7332.9961  -9.6718e+00  4.0739e+01
7334.2461  -5.5350e+00  3.4927e+01
7335.4966  4.5889e+00  3.2108e+01
7336.7471  -5.5542e+01  3.0422e+01
7337.9971  -2.3799e+01  3.6513e+01
7339.2476  -2.7028e+01  5.3731e+01
7340.4980  -1.6058e+02  1.0013e+02
7341.7480  4.2311e+01  1.3022e+02
7342.9985  3.7837e+02  1.2024e+02
7344.2490  1.7318e+01  8.4541e+01
7345.4990  2.7689e+01  4.1480e+01
7346.7495  1.1981e+01  3.3270e+01
7348.0000  9.1818e+01  3.5236e+01
7349.2505  1.6526e+02  3.4744e+01
7350.5005  3.3904e+02  3.3914e+01
7351.7510  2.9954e+02  3.8998e+01
7353.0015  2.8637e+02  3.7474e+01
7354.2515  2.2699e+02  3.8003e+01
7355.5020  1.9038e+02  3.0451e+01
7356.7524  1.5572e+02  3.6593e+01
7358.0024  1.0439e+01  4.7413e+01
7359.2529  1.1009e+02  7.6748e+01
7360.5034  7.1847e+01  8.0111e+01
7361.7534  8.6948e+01  4.9335e+01
7363.0039  7.1747e+01  3.0974e+01
7364.2544  5.9166e+01  3.3882e+01
7365.5049  6.0732e+01  3.7104e+01
7366.7549  -1.4795e+01  3.3289e+01
7368.0054  1.4132e+01  5.4047e+01
7369.2559  1.8311e+02  1.0202e+02
7370.5059  -1.0652e+02  1.1798e+02
7371.7563  4.0156e+01  1.1551e+02
7373.0068  3.4209e+01  5.6782e+01
7374.2568  5.6759e+00  3.6257e+01
7375.5073  2.4746e+01  3.7296e+01
7376.7578  8.6797e+01  3.4477e+01
7378.0078  1.4819e+01  2.8530e+01
7379.2583  -2.9720e+01  3.0823e+01
7380.5088  1.0440e+01  3.1815e+01
7381.7593  6.1666e+00  3.4875e+01
7383.0093  -3.2256e+01  3.2489e+01
7384.2598  6.7861e+01  3.5756e+01
7385.5103  -6.0036e+00  3.4084e+01
7386.7603  -4.4306e+01  3.0427e+01
7388.0107  -2.1944e+01  3.0263e+01
7389.2612  -4.3644e+01  2.9358e+01
7390.5112  -6.8211e-01  3.3862e+01
7391.7617  6.0665e+00  4.6704e+01
7393.0122  -5.0615e+01  6.6321e+01
7394.2622  -7.3694e+01  6.7999e+01
7395.5127  7.1840e+01  3.4239e+01
7396.7632  1.7835e+01  3.6519e+01
7398.0132  2.1457e+00  3.4881e+01
7399.2637  1.9366e+01  2.9488e+01
7400.5142  -1.4684e+01  3.3182e+01
7401.7646  4.4530e+00  8.8654e+01
7403.0146  -5.3876e+01  9.8302e+01
7404.2651  2.2950e+00  7.8066e+01
7405.5156  -5.1679e+01  4.3725e+01
7406.7656  3.6561e+01  2.8957e+01
7408.0161  2.8784e+01  3.1028e+01
7409.2666  3.0787e+01  2.7725e+01
7410.5166  2.1457e+01  2.9302e+01
7411.7671  -8.1184e+01  2.9805e+01
7413.0176  -3.9897e+01  3.2526e+01
7414.2676  3.4593e+01  3.3719e+01
7415.5181  7.4813e-02  3.4245e+01
7416.7686  4.0300e+01  3.7730e+01
7418.0190  8.5918e+01  3.1362e+01
7419.2690  2.5948e+01  3.2200e+01
7420.5195  5.0108e+01  2.7549e+01
7421.7700  -8.2846e-02  3.0639e+01
7423.0200  4.0281e+01  3.2216e+01
7424.2705  -9.9610e+00  3.1176e+01
7425.5210  -3.1864e+01  3.1748e+01
7426.7710  -7.5883e+01  3.0468e+01
7428.0215  -2.2097e+01  2.9476e+01
7429.2720  -2.6324e-01  3.9790e+01
7430.5220  -1.0490e+02  5.2392e+01
7431.7725  8.7050e+00  5.3088e+01
7433.0229  7.7543e+01  3.3595e+01
7434.2734  -2.3772e+01  2.9710e+01
7435.5234  2.6397e+01  2.8479e+01
7436.7739  9.5329e+01  3.3104e+01
7438.0244  5.8577e+01  5.2598e+01
7439.2744  2.8282e+01  7.5390e+01
7440.5249  7.8208e+01  7.8449e+01
7441.7754  -8.1011e-01  4.2985e+01
7443.0254  -6.1222e+01  3.1796e+01
7444.2759  7.3041e+01  3.2555e+01
7445.5264  -4.1544e+01  3.0612e+01
7446.7764  1.3641e+01  3.3205e+01
7448.0269  -8.3184e+00  2.8780e+01
7449.2773  -1.8194e+01  2.9953e+01
7450.5273  5.0091e+01  2.9705e+01
7451.7778  5.4089e-01  2.7597e+01
7453.0283  1.3574e+01  3.1564e+01
7454.2788  5.5901e+00  2.7630e+01
7455.5288  -7.3899e+01  3.0343e+01
7456.7793  2.1121e+01  3.3665e+01
7458.0298  3.1026e+01  3.0591e+01
7459.2798  4.5537e+00  3.1217e+01
7460.5303  4.3954e+00  3.9512e+01
7461.7808  -4.9776e+01  3.4319e+01
7463.0308  -6.6894e+00  3.9329e+01
7464.2812  -3.7276e+00  3.9958e+01
7465.5317  -3.2583e+01  3.5931e+01
7466.7817  5.8080e+01  4.6956e+01
7468.0322  6.2121e+01  4.5018e+01
7469.2827  -3.1745e+01  3.5194e+01
7470.5332  2.8069e+01  3.4811e+01
7471.7832  3.0953e+01  4.8028e+01
7473.0337  5.3609e+01  5.1850e+01
