# SNR 22.5569
# Quality c
# flux_factor = 1.e-20
4813.5742  7.3465e+01  8.0469e+01
4814.8242  1.0361e+01  9.8672e+01
4816.0747  8.7912e+01  9.0407e+01
4817.3252  4.6750e+01  8.5318e+01
4818.5752  5.8219e+01  9.3673e+01
4819.8257  2.5272e+02  1.0303e+02
4821.0762  -5.7890e+01  9.2181e+01
4822.3262  -9.2711e+01  9.4837e+01
4823.5767  4.1017e+01  1.0559e+02
4824.8271  1.6976e+02  9.0350e+01
4826.0771  1.2613e+02  7.3498e+01
4827.3276  2.4333e+01  7.4638e+01
4828.5781  8.6994e+01  8.1581e+01
4829.8281  -1.6608e+01  9.5271e+01
4831.0786  7.0970e+01  8.5840e+01
4832.3291  4.2914e+01  1.0747e+02
4833.5791  4.3222e+01  9.3068e+01
4834.8296  -6.0608e+00  8.4641e+01
4836.0801  4.0728e+01  8.9391e+01
4837.3301  4.0666e+01  7.5140e+01
4838.5806  -1.7117e+01  9.4241e+01
4839.8311  -1.6424e+02  9.0986e+01
4841.0811  6.4496e+01  8.0793e+01
4842.3315  6.0558e+01  9.6615e+01
4843.5820  -1.3987e+02  7.9158e+01
4844.8325  -1.2142e+01  1.0986e+02
4846.0825  3.7616e+00  9.0106e+01
4847.3330  8.7424e+01  9.8552e+01
4848.5835  1.2940e+02  1.0190e+02
4849.8335  -3.5523e+01  7.3446e+01
4851.0840  -7.1242e+01  7.7952e+01
4852.3345  -1.6796e+01  8.9766e+01
4853.5845  4.7900e+01  8.3107e+01
4854.8350  -4.0890e+00  7.8955e+01
4856.0854  3.3758e+01  8.4126e+01
4857.3354  5.0183e+01  7.8795e+01
4858.5859  5.5808e+01  7.2521e+01
4859.8364  -9.7368e+01  8.3711e+01
4861.0864  1.1805e+02  8.0839e+01
4862.3369  6.3445e+01  8.3122e+01
4863.5874  -9.8284e+01  8.4869e+01
4864.8374  -1.3946e+01  8.1717e+01
4866.0879  2.9211e+01  8.1140e+01
4867.3384  2.4198e+01  1.0530e+02
4868.5884  -1.4197e+02  8.7990e+01
4869.8389  -4.0591e+01  8.9621e+01
4871.0894  3.1410e+01  8.9540e+01
4872.3394  3.6601e+01  8.7082e+01
4873.5898  7.4915e+01  1.0107e+02
4874.8403  4.3470e+01  8.0613e+01
4876.0908  1.8021e+02  7.9394e+01
4877.3408  1.5685e+02  1.0210e+02
4878.5913  5.7927e+01  7.8320e+01
4879.8418  -4.8321e+00  7.4273e+01
4881.0918  1.2392e+02  9.1790e+01
4882.3423  1.9283e+02  8.1263e+01
4883.5928  2.9492e+02  9.8722e+01
4884.8428  4.8554e+02  9.6474e+01
4886.0933  5.8778e+02  8.4279e+01
4887.3438  3.9392e+02  8.8225e+01
4888.5938  3.4845e+02  8.3362e+01
4889.8442  2.5131e+02  8.7520e+01
4891.0947  2.1216e+02  7.2143e+01
4892.3447  2.9986e+02  6.3812e+01
4893.5952  1.0872e+03  7.6884e+01
4894.8457  1.5706e+03  7.8280e+01
4896.0957  1.2890e+03  8.3239e+01
4897.3462  1.1349e+03  9.3019e+01
4898.5967  7.8728e+02  9.4458e+01
4899.8467  3.9985e+02  9.4675e+01
4901.0972  3.9044e+02  9.5467e+01
4902.3477  9.3802e+01  7.7991e+01
4903.5977  8.2241e+01  8.5843e+01
4904.8481  7.0359e+01  8.2747e+01
4906.0986  1.6212e+02  8.5054e+01
4907.3486  9.6755e+01  9.2652e+01
4908.5991  -6.5319e+01  8.2104e+01
4909.8496  -9.0412e+00  8.1962e+01
4911.1001  1.1632e+02  6.3635e+01
4912.3501  2.8719e+01  8.5217e+01
4913.6006  3.5970e+01  8.3290e+01
4914.8511  7.6363e+01  8.5644e+01
4916.1011  9.7377e+01  8.4084e+01
4917.3516  1.7007e+02  7.4042e+01
4918.6021  3.2204e+01  8.9131e+01
4919.8521  4.6250e+01  9.0563e+01
4921.1025  4.6698e+01  7.8823e+01
4922.3530  -6.1024e+00  6.3098e+01
4923.6030  6.5780e+01  8.7466e+01
4924.8535  -3.2768e+00  9.0873e+01
4926.1040  1.7506e+01  7.5642e+01
4927.3540  -3.9186e+01  9.3343e+01
4928.6045  -6.4658e+01  6.8772e+01
4929.8550  -2.9992e+00  8.2541e+01
4931.1050  -4.0722e+01  8.5874e+01
4932.3555  -3.4567e+01  7.3989e+01
4933.6060  1.2861e+02  7.5939e+01
4934.8560  1.9710e+02  8.3164e+01
4936.1064  6.6993e+01  7.3026e+01
4937.3569  1.7756e+00  8.0779e+01
4938.6069  -8.2024e+01  8.1653e+01
4939.8574  -1.9189e+02  7.0462e+01
4941.1079  -2.7769e+01  6.3267e+01
4942.3584  -1.0259e+02  7.3443e+01
4943.6084  -5.8520e+01  7.3549e+01
4944.8589  4.3074e+01  8.1815e+01
4946.1094  1.0600e+02  8.9875e+01
4947.3594  -6.2342e+00  8.4852e+01
4948.6099  5.8244e+01  6.4911e+01
4949.8604  1.0666e+02  6.7926e+01
4951.1104  1.3987e+02  9.1802e+01
4952.3608  1.0468e+02  6.1324e+01
4953.6113  6.2047e+01  8.2557e+01
4954.8613  -4.0216e+01  8.3398e+01
4956.1118  -6.6951e+00  7.6363e+01
4957.3623  1.5526e+02  8.7029e+01
4958.6123  1.3718e+02  8.5025e+01
4959.8628  -6.1392e+01  8.3472e+01
4961.1133  -1.1668e+01  9.2103e+01
4962.3633  -4.6503e+01  7.9451e+01
4963.6138  1.2039e+02  8.2439e+01
4964.8643  1.3973e+02  7.4514e+01
4966.1143  2.4152e+02  8.9621e+01
4967.3647  3.5172e+01  6.9335e+01
4968.6152  1.1022e+02  7.1650e+01
4969.8652  1.4469e+02  6.3845e+01
4971.1157  -3.1832e+01  8.2468e+01
4972.3662  1.2915e+02  7.8141e+01
4973.6167  5.7758e+01  6.3614e+01
4974.8667  -1.7974e+01  8.5894e+01
4976.1172  1.2847e+02  6.4050e+01
