# SNR 11.8219
# Quality c
# flux_factor = 1.e-20
6888.1338  4.8758e-01  5.7142e+01
6889.3843  1.2494e+02  6.6112e+01
6890.6348  6.2276e+01  1.0105e+02
6891.8848  7.7880e+00  9.9405e+01
6893.1353  3.9254e+01  6.4197e+01
6894.3857  -2.6397e+01  5.9376e+01
6895.6357  9.1221e+01  6.2305e+01
6896.8862  -1.3015e+01  6.0632e+01
6898.1367  -4.7211e+01  5.7108e+01
6899.3867  -4.2793e+01  5.6048e+01
6900.6372  -2.3368e+01  6.0244e+01
6901.8877  4.3233e+00  9.6515e+01
6903.1377  -1.8800e+01  1.0204e+02
6904.3882  3.9564e+01  6.4790e+01
6905.6387  6.1109e+01  5.4562e+01
6906.8892  1.5590e+01  5.3863e+01
6908.1392  2.2856e+01  5.2019e+01
6909.3896  3.8001e+01  5.1615e+01
6910.6401  4.1403e+01  5.2699e+01
6911.8901  6.2133e+01  5.5021e+01
6913.1406  -5.4579e+01  8.2213e+01
6914.3911  1.4479e+01  1.0812e+02
6915.6411  7.5011e+01  8.9863e+01
6916.8916  4.4500e+01  5.3995e+01
6918.1421  -2.5972e+01  5.0828e+01
6919.3921  7.1611e+00  5.0987e+01
6920.6426  1.6627e+01  5.1509e+01
6921.8931  -3.3492e+01  5.2523e+01
6923.1431  1.3324e+02  7.3724e+01
6924.3936  3.6236e+00  1.3009e+02
6925.6440  -2.9214e+00  1.3406e+02
6926.8945  3.9844e+00  7.8759e+01
6928.1445  5.5214e+01  5.1944e+01
6929.3950  5.7514e+01  5.1317e+01
6930.6455  -5.8778e+01  5.2564e+01
6931.8955  -6.0314e+01  5.1785e+01
6933.1460  -5.6923e+01  5.0421e+01
6934.3965  1.4390e+01  5.0222e+01
6935.6465  -5.5486e+01  5.0478e+01
6936.8970  -4.8703e+01  5.0450e+01
6938.1475  -1.1794e+01  5.0615e+01
6939.3975  -4.9429e+01  5.8383e+01
6940.6479  -8.4031e+01  9.3261e+01
6941.8984  4.0126e+01  9.8412e+01
6943.1489  -1.0672e+02  6.3515e+01
6944.3989  -4.0715e+01  5.1507e+01
6945.6494  -6.9436e+01  5.0291e+01
6946.8999  4.0748e+01  4.9665e+01
6948.1499  4.8741e+01  5.3114e+01
6949.4004  1.0475e+02  9.5365e+01
6950.6509  -5.4000e+01  1.4407e+02
6951.9009  1.0773e+02  1.2396e+02
6953.1514  -3.3864e+01  6.1441e+01
6954.4019  -2.8665e+01  5.2173e+01
6955.6519  -6.8781e+01  5.0870e+01
6956.9023  2.5859e+01  5.1062e+01
6958.1528  -4.8955e+01  5.2300e+01
6959.4028  -2.1398e+01  5.2168e+01
6960.6533  8.9862e+00  5.1546e+01
6961.9038  5.9257e+01  5.1303e+01
6963.1543  -1.1487e+02  5.1081e+01
6964.4043  -5.4236e+01  5.0661e+01
6965.6548  -2.4133e+01  5.0257e+01
6966.9053  5.4564e+01  5.1363e+01
6968.1553  6.1645e+01  5.2799e+01
6969.4058  5.8134e+00  5.2552e+01
6970.6562  8.9203e+01  7.1760e+01
6971.9062  1.0526e+02  8.4530e+01
6973.1567  3.9730e+01  6.7969e+01
6974.4072  -1.5082e+01  5.0439e+01
6975.6572  -3.1552e+01  4.9364e+01
6976.9077  4.4903e+01  5.0317e+01
6978.1582  3.6534e+01  5.7767e+01
6979.4087  -3.0028e+01  1.0030e+02
6980.6587  3.0306e+01  1.1138e+02
6981.9092  -4.7209e+01  7.5825e+01
6983.1597  -3.3123e+01  5.0150e+01
6984.4097  -1.0011e+02  5.0125e+01
6985.6602  7.8394e+01  5.0980e+01
6986.9106  9.8686e+01  5.0695e+01
6988.1606  -4.2541e+01  5.1750e+01
6989.4111  2.5203e+00  5.1092e+01
6990.6616  5.5283e+01  4.9790e+01
6991.9116  1.2773e+01  5.0382e+01
6993.1621  6.5788e+00  4.9539e+01
6994.4126  4.1446e+01  4.8973e+01
6995.6626  4.7245e+01  4.9063e+01
6996.9131  7.0424e+00  5.0090e+01
6998.1636  5.0072e+00  5.1241e+01
6999.4141  9.0126e+01  5.0675e+01
7000.6641  2.0693e+02  5.0743e+01
7001.9146  2.7934e+02  5.1912e+01
7003.1650  3.8019e+02  5.7642e+01
7004.4150  3.3321e+02  7.0424e+01
7005.6655  3.3963e+02  7.2707e+01
7006.9160  3.7655e+02  5.8008e+01
7008.1660  2.0188e+02  4.9393e+01
7009.4165  2.0065e+02  4.8748e+01
7010.6670  2.3672e+02  4.9678e+01
7011.9170  1.3425e+02  6.7347e+01
7013.1675  2.3197e+02  8.4845e+01
7014.4180  1.5899e+02  7.2466e+01
7015.6685  1.3285e+02  5.0316e+01
7016.9185  2.0030e+01  4.7832e+01
7018.1689  5.6939e+01  4.7869e+01
7019.4194  8.9002e+01  4.7778e+01
7020.6694  7.3911e+01  4.8578e+01
7021.9199  1.1172e+01  4.8276e+01
7023.1704  -5.0215e+01  4.8705e+01
7024.4204  -1.6834e+01  4.8607e+01
7025.6709  -3.3141e+01  4.8172e+01
7026.9214  -2.2383e+01  4.8103e+01
7028.1714  3.5724e+00  4.8901e+01
7029.4219  8.0244e+00  4.8531e+01
7030.6724  7.9181e+01  4.9900e+01
7031.9224  6.9974e+01  5.0065e+01
7033.1729  1.7948e+01  5.1224e+01
7034.4233  -4.2138e+01  5.1163e+01
7035.6738  -4.2768e+01  4.9564e+01
7036.9238  -4.4321e+01  4.8280e+01
7038.1743  1.1121e+01  4.8553e+01
7039.4248  -5.0518e+01  4.8155e+01
7040.6748  3.7504e+01  4.8381e+01
7041.9253  1.1925e+02  5.2829e+01
7043.1758  -6.0974e+00  5.6633e+01
7044.4258  2.3298e+01  5.3165e+01
7045.6763  5.8728e+01  4.9531e+01
7046.9268  -3.5193e+01  5.1104e+01
7048.1768  7.0656e+01  5.7484e+01
7049.4272  2.7143e+01  7.2822e+01
7050.6777  2.3957e+01  7.2366e+01
7051.9282  9.4452e+01  5.8186e+01
7053.1782  3.7329e+01  5.4875e+01
7054.4287  -3.4083e+01  5.3449e+01
7055.6792  -4.2504e+01  5.2297e+01
7056.9292  -1.2515e+01  5.0662e+01
7058.1797  -1.2637e+01  5.0022e+01
7059.4302  4.0681e+00  4.8529e+01
7060.6802  1.2226e+01  4.9067e+01
7061.9307  7.3850e+01  5.0074e+01
7063.1812  -7.5907e+01  5.1039e+01
7064.4312  -7.9134e+01  5.2393e+01
7065.6816  -6.4082e+01  5.2315e+01
7066.9321  -3.9899e+01  5.2112e+01
7068.1821  -5.7603e+01  5.3113e+01
7069.4326  5.9768e+01  5.2683e+01
7070.6831  1.1413e+01  5.1567e+01
7071.9336  -2.2496e+01  5.3065e+01
7073.1836  -7.0278e+00  5.1503e+01
7074.4341  2.4626e+01  5.1150e+01
7075.6846  -5.2060e+01  5.2642e+01
7076.9346  2.0862e+01  5.1101e+01
7078.1851  2.1142e+01  4.9719e+01
7079.4355  3.1326e+01  5.1727e+01
7080.6855  1.7187e+01  5.2130e+01
7081.9360  -1.6407e+01  5.0015e+01
7083.1865  -7.6022e+00  5.3246e+01
7084.4365  1.2891e+01  5.6198e+01
7085.6870  -6.2696e+01  5.2106e+01
7086.9375  -1.2259e+01  4.8841e+01
7088.1880  -5.4000e+01  5.0164e+01
7089.4380  -1.3242e+01  5.5321e+01
7090.6885  -3.2188e+01  5.8837e+01
7091.9390  -8.6944e+01  5.4398e+01
7093.1890  -4.5774e+01  5.0847e+01
7094.4395  -2.4419e+01  5.0276e+01
7095.6899  2.5964e+01  4.8989e+01
7096.9399  -5.5979e+01  4.8371e+01
7098.1904  -1.6541e+01  4.8207e+01
7099.4409  2.3699e+01  4.8453e+01
7100.6909  -9.0938e+00  4.8938e+01
7101.9414  3.5537e+01  4.8422e+01
7103.1919  5.2946e+01  4.8771e+01
7104.4419  -4.6115e+01  4.8786e+01
7105.6924  -2.9470e+01  4.8973e+01
7106.9429  -1.6905e+01  4.8527e+01
7108.1934  3.8091e+01  4.8185e+01
7109.4434  -3.4372e+01  4.8509e+01
7110.6938  3.6763e+01  4.8907e+01
7111.9443  1.3334e+01  4.8560e+01
7113.1943  -4.4550e+01  4.8849e+01
7114.4448  7.3125e+00  4.8424e+01
7115.6953  -5.3174e+01  4.8171e+01
7116.9453  5.7608e+01  4.8246e+01
7118.1958  2.8779e+01  4.8358e+01
7119.4463  -4.7391e+01  4.8675e+01
7120.6963  -5.6866e+00  4.8062e+01
