# SNR 9.1223
# Quality c
# flux_factor = 1.e-20
6840.5493  1.6819e+01  4.1696e+01
6841.7998  1.9818e+01  4.8605e+01
6843.0498  -4.2686e+01  5.7181e+01
6844.3003  1.1257e+02  6.0892e+01
6845.5508  5.1734e+01  4.2812e+01
6846.8008  1.7132e+00  3.8693e+01
6848.0513  9.4313e+00  3.8779e+01
6849.3018  -8.0671e+01  4.3912e+01
6850.5518  1.9533e+01  4.3827e+01
6851.8022  -5.2086e+01  4.7009e+01
6853.0527  1.7274e+01  4.1612e+01
6854.3032  5.9278e+01  4.4092e+01
6855.5532  1.1123e+02  3.8466e+01
6856.8037  1.0430e+02  3.9141e+01
6858.0542  1.1523e+02  3.9159e+01
6859.3042  -9.0906e+00  4.4186e+01
6860.5547  2.0403e+01  4.4569e+01
6861.8052  -2.3031e+01  4.5515e+01
6863.0552  2.9254e+01  7.1585e+01
6864.3057  5.9162e+01  9.7834e+01
6865.5562  3.1680e+01  1.2946e+02
6866.8062  6.1528e+00  1.0254e+02
6868.0566  3.9413e+01  7.2716e+01
6869.3071  -8.0295e+01  6.0545e+01
6870.5576  8.9802e+01  6.1183e+01
6871.8076  -1.0782e+01  7.3583e+01
6873.0581  6.9341e+01  7.6530e+01
6874.3086  6.7983e+01  6.6230e+01
6875.5586  1.2867e+02  4.6651e+01
6876.8091  6.1682e+01  4.6350e+01
6878.0596  2.4572e+01  5.2207e+01
6879.3096  7.5401e+01  5.2432e+01
6880.5601  1.0591e+02  4.6640e+01
6881.8105  7.8019e+01  5.4700e+01
6883.0605  7.0402e+01  5.9699e+01
6884.3110  8.1389e+01  5.2452e+01
6885.5615  5.7277e+01  5.3353e+01
6886.8115  -2.3017e+00  5.3459e+01
6888.0620  -5.6069e+01  4.8218e+01
6889.3125  -1.0071e+02  6.0480e+01
6890.5630  5.1188e+01  8.4740e+01
6891.8130  3.2825e+01  7.9984e+01
6893.0635  -5.9314e+01  5.5610e+01
6894.3140  -2.2550e+01  5.9102e+01
6895.5640  5.1225e+01  5.5556e+01
6896.8145  1.3622e+02  5.5567e+01
6898.0649  1.9084e+01  5.8895e+01
6899.3149  4.3960e-02  5.9288e+01
6900.5654  1.1852e+02  5.2910e+01
6901.8159  -1.2521e+01  7.7514e+01
6903.0659  1.0092e+02  7.6603e+01
6904.3164  8.9504e+01  5.1979e+01
6905.5669  -1.1087e+01  5.1082e+01
6906.8169  8.7673e+01  4.6120e+01
6908.0674  -1.9609e+01  4.4175e+01
6909.3179  3.7991e+01  4.4806e+01
6910.5684  -2.1115e+01  4.4312e+01
6911.8184  9.6739e+01  5.0488e+01
6913.0688  -3.2755e+01  6.6738e+01
6914.3193  4.9055e+01  8.4800e+01
6915.5693  3.0647e+01  6.7096e+01
6916.8198  -9.2871e+00  5.3491e+01
6918.0703  -3.3275e+01  3.9222e+01
6919.3203  4.9542e+00  4.5964e+01
6920.5708  9.8176e+00  4.5013e+01
6921.8213  -2.8103e+01  4.4831e+01
6923.0713  -1.4192e+02  6.7802e+01
6924.3218  -5.9378e+01  1.0010e+02
6925.5723  2.1572e+02  9.7912e+01
6926.8228  2.7728e+00  6.4014e+01
6928.0728  -3.1359e+00  4.3399e+01
6929.3232  4.0457e+01  4.4928e+01
6930.5737  -1.8018e+01  4.5231e+01
6931.8237  -1.2014e+01  3.9914e+01
6933.0742  4.9724e+01  3.9806e+01
6934.3247  5.7549e+01  4.0129e+01
6935.5747  2.1153e+01  4.2616e+01
6936.8252  -7.0464e+01  4.4071e+01
6938.0757  -2.2019e+01  3.9326e+01
6939.3257  3.9788e+01  4.7853e+01
6940.5762  1.1883e+01  7.2584e+01
6941.8267  1.9508e+02  9.0472e+01
6943.0767  -7.4177e+01  4.9816e+01
6944.3271  4.3839e+01  4.2911e+01
6945.5776  3.2290e+01  4.4973e+01
6946.8281  5.4894e+01  4.3751e+01
6948.0781  8.1856e+01  5.7411e+01
6949.3286  3.1234e+01  8.2814e+01
6950.5791  4.0557e+01  1.0845e+02
6951.8291  3.1356e+01  1.0077e+02
6953.0796  2.3449e+02  6.0747e+01
6954.3301  2.3718e+02  4.7688e+01
6955.5801  3.1852e+02  4.5924e+01
6956.8306  3.0192e+02  4.2458e+01
6958.0811  2.0365e+02  4.4500e+01
6959.3311  1.8638e+02  4.2286e+01
6960.5815  1.5677e+02  4.6039e+01
6961.8320  1.1896e+02  4.1835e+01
6963.0825  1.7794e+02  4.5005e+01
6964.3325  1.7188e+02  4.2495e+01
6965.5830  1.0410e+02  4.3699e+01
6966.8335  4.4847e+01  4.4541e+01
6968.0835  1.7627e+00  4.9553e+01
6969.3340  -1.9270e+01  5.0610e+01
6970.5845  1.8844e-01  6.0795e+01
6971.8345  6.8970e+01  7.7738e+01
6973.0850  9.5099e+01  4.9839e+01
6974.3354  5.1593e+01  4.2441e+01
6975.5854  1.0307e+02  4.0235e+01
6976.8359  4.2354e+01  4.4493e+01
6978.0864  5.6023e+01  5.2815e+01
6979.3364  1.2563e+01  7.9375e+01
6980.5869  2.1129e+01  8.3200e+01
6981.8374  7.8494e+01  6.8174e+01
6983.0879  -2.2337e+01  3.9744e+01
6984.3379  -3.2592e+01  4.3010e+01
6985.5884  7.0736e+01  4.1365e+01
6986.8389  1.0736e+02  4.2725e+01
6988.0889  2.5756e+01  4.1358e+01
6989.3394  1.9948e+01  4.1143e+01
6990.5898  8.0495e+01  4.2401e+01
6991.8398  6.6886e+01  4.4951e+01
6993.0903  2.2135e+01  4.1920e+01
6994.3408  1.5514e+01  4.0806e+01
6995.5908  2.2039e+01  4.7421e+01
6996.8413  -4.5600e+01  4.0749e+01
6998.0918  -6.3342e+01  4.8022e+01
6999.3423  1.6649e+01  4.1068e+01
7000.5923  1.1733e+02  4.4420e+01
7001.8428  4.0956e+01  4.1764e+01
7003.0933  1.4271e+01  4.7456e+01
7004.3433  -5.8773e+01  5.4076e+01
7005.5938  3.3717e+00  5.4282e+01
7006.8442  -3.0703e+01  5.2209e+01
7008.0942  5.2831e+01  4.6253e+01
7009.3447  5.6298e+01  4.0811e+01
7010.5952  -5.3907e+01  3.9759e+01
7011.8452  -2.4325e+01  5.4656e+01
7013.0957  1.9665e+02  6.5193e+01
7014.3462  5.8090e+01  5.3622e+01
7015.5962  1.0462e+02  4.3501e+01
7016.8467  7.0612e+01  4.6705e+01
7018.0972  4.7970e+01  3.7204e+01
7019.3477  4.2313e+01  3.7983e+01
7020.5977  6.5589e+01  3.8125e+01
7021.8481  3.8530e+01  4.6007e+01
7023.0986  -3.1093e+01  3.9561e+01
7024.3486  7.0810e+01  3.7758e+01
7025.5991  5.4691e+01  4.5168e+01
7026.8496  2.9961e+01  4.4337e+01
7028.0996  3.3236e+01  4.2908e+01
7029.3501  8.2019e+01  3.7845e+01
7030.6006  8.2002e+01  4.2914e+01
7031.8506  2.7862e+01  4.1474e+01
7033.1011  -5.1082e+00  3.8101e+01
7034.3516  -2.5107e+00  4.2456e+01
7035.6016  7.5727e+01  3.7593e+01
7036.8521  7.3613e+01  3.7179e+01
7038.1025  5.8180e+01  4.3329e+01
7039.3530  1.5000e+01  3.6961e+01
7040.6030  -6.7578e+00  3.8143e+01
7041.8535  1.1904e+02  4.3321e+01
7043.1040  1.0442e+02  4.6430e+01
7044.3540  6.9915e+01  4.1834e+01
7045.6045  1.0519e+02  4.1032e+01
7046.8550  5.7314e+01  4.2908e+01
7048.1050  4.1885e+01  5.0088e+01
7049.3555  -3.7519e+00  5.9374e+01
7050.6060  7.8672e+01  6.0355e+01
7051.8560  7.3448e+01  4.9358e+01
7053.1064  6.4570e+01  4.6113e+01
7054.3569  2.3879e+01  4.5225e+01
7055.6074  1.9176e+01  4.3165e+01
7056.8574  2.5976e+01  4.4774e+01
7058.1079  6.1781e+01  4.2043e+01
7059.3584  1.1078e+02  3.8422e+01
7060.6084  7.5812e+01  4.0394e+01
7061.8589  1.0945e+01  4.4064e+01
7063.1094  2.4514e+01  4.3440e+01
7064.3594  5.7823e+01  4.3687e+01
7065.6099  3.3017e+01  5.0014e+01
7066.8604  3.9016e+01  4.3075e+01
7068.1104  5.1278e+00  5.2929e+01
7069.3608  3.6847e+01  5.7663e+01
7070.6113  -1.6201e+01  4.3912e+01
