# SNR 17.5565
# Quality c
# flux_factor = 1.e-20
4754.9917  -1.5455e+01  1.5432e+02
4756.2417  3.0919e+01  1.4793e+02
4757.4922  8.6344e+01  1.4363e+02
4758.7427  -1.2936e+01  1.4302e+02
4759.9927  -4.0338e+01  1.5411e+02
4761.2432  1.9648e+02  1.2750e+02
4762.4937  2.2293e+02  1.3753e+02
4763.7441  1.6254e+02  1.2338e+02
4764.9941  2.0334e+02  1.3662e+02
4766.2446  -1.9337e+02  1.4921e+02
4767.4951  5.0915e+01  1.2288e+02
4768.7451  2.2688e+02  1.3684e+02
4769.9956  8.9956e+01  1.4710e+02
4771.2461  1.8027e+02  1.3030e+02
4772.4961  4.2707e+02  1.1485e+02
4773.7466  -3.7996e+01  1.3197e+02
4774.9971  6.2967e+01  1.4260e+02
4776.2471  2.3512e+01  1.0809e+02
4777.4976  1.5237e+02  1.1995e+02
4778.7480  3.5892e+01  1.5682e+02
4779.9980  -4.9196e+01  1.2810e+02
4781.2485  -1.2989e+02  1.3882e+02
4782.4990  1.6196e+02  1.3643e+02
4783.7490  -8.6463e+01  1.3168e+02
4784.9995  6.4168e+01  1.3148e+02
4786.2500  6.7658e+00  1.1440e+02
4787.5000  6.4222e+01  1.2032e+02
4788.7505  5.1483e+01  1.3400e+02
4790.0010  3.1190e+01  1.4644e+02
4791.2510  -8.6700e+01  1.3177e+02
4792.5015  -2.1500e+01  1.3513e+02
4793.7520  -1.5098e+02  1.0394e+02
4795.0020  -1.4901e+02  1.2410e+02
4796.2524  -4.0530e+01  1.2774e+02
4797.5029  -1.8008e+02  1.5059e+02
4798.7534  -1.2503e+02  1.2524e+02
4800.0034  4.9056e+01  1.2606e+02
4801.2539  1.3745e+02  1.4108e+02
4802.5044  -9.2995e+01  1.1211e+02
4803.7544  -1.0468e+02  1.1278e+02
4805.0049  -1.5163e+02  1.2279e+02
4806.2554  -5.2120e+01  1.5237e+02
4807.5054  2.0214e+02  1.1468e+02
4808.7559  1.0437e+02  1.1027e+02
4810.0063  -1.4580e+02  1.2037e+02
4811.2563  3.4906e+01  1.2238e+02
4812.5068  1.3672e+02  1.4017e+02
4813.7573  9.0163e+01  1.5863e+02
4815.0073  -1.5183e+02  1.2861e+02
4816.2578  -2.2014e+02  1.0649e+02
4817.5083  6.9068e+01  1.5292e+02
4818.7583  -8.3852e+01  1.4545e+02
4820.0088  -6.7055e+01  1.1482e+02
4821.2593  -1.5743e+02  1.4086e+02
4822.5093  -2.8726e+00  1.3036e+02
4823.7598  7.8732e+00  1.0368e+02
4825.0103  4.5289e+01  1.3094e+02
4826.2603  -1.3497e+02  1.2985e+02
4827.5107  8.4437e+00  1.3417e+02
4828.7612  -4.1348e+01  1.3038e+02
4830.0112  -9.5432e+01  1.4466e+02
4831.2617  -5.8210e+01  1.2340e+02
4832.5122  3.7474e+02  1.4910e+02
4833.7627  8.9626e+02  1.1853e+02
4835.0127  1.4430e+03  1.0598e+02
4836.2632  1.4768e+03  1.2912e+02
4837.5137  1.0174e+03  1.3177e+02
4838.7637  5.9826e+02  1.2500e+02
4840.0142  3.6857e+02  1.1011e+02
4841.2646  4.0387e+02  1.1335e+02
4842.5146  4.4946e+02  1.1366e+02
4843.7651  1.5391e+02  1.1167e+02
4845.0156  -1.1328e+02  1.1315e+02
4846.2656  -8.7620e+01  1.3161e+02
4847.5161  5.9199e+01  1.1521e+02
4848.7666  9.7746e+01  1.2944e+02
4850.0166  -1.3847e+02  1.0046e+02
4851.2671  1.8340e+02  1.2158e+02
4852.5176  -1.5565e+01  1.0134e+02
4853.7676  -6.0039e+01  1.3456e+02
4855.0181  -1.2194e+02  1.1132e+02
4856.2686  2.3186e+01  1.1867e+02
4857.5186  -1.4916e+02  1.1877e+02
4858.7690  3.4465e+01  1.0444e+02
4860.0195  1.1507e+02  1.1067e+02
4861.2695  1.4287e+02  1.2398e+02
4862.5200  1.8885e+02  1.0815e+02
4863.7705  9.0943e+01  1.4043e+02
4865.0205  3.4931e+01  1.1685e+02
4866.2710  1.8390e+02  1.4464e+02
4867.5215  -5.9378e+01  1.2546e+02
4868.7720  7.7257e+01  1.2311e+02
4870.0220  1.2887e+02  1.3145e+02
4871.2725  -7.5680e+01  1.0274e+02
4872.5229  -3.1585e+01  1.3217e+02
4873.7729  -1.2307e+02  1.0361e+02
4875.0234  1.2539e+02  1.4045e+02
4876.2739  1.8981e+01  1.1559e+02
4877.5239  -1.0204e+01  1.3200e+02
4878.7744  9.2645e+01  1.3420e+02
4880.0249  2.8591e+02  1.0315e+02
4881.2749  -1.0881e+02  1.4655e+02
4882.5254  -9.8462e+01  1.2559e+02
4883.7759  -2.1081e+02  1.1141e+02
4885.0259  1.0946e+01  1.1182e+02
4886.2764  1.9608e+02  1.4424e+02
4887.5269  -1.7809e+01  1.0798e+02
4888.7769  8.1346e+01  1.2791e+02
4890.0273  -1.4451e+02  1.1684e+02
4891.2778  -2.7897e+01  1.1619e+02
4892.5278  -1.1311e+02  1.2154e+02
4893.7783  -6.7628e+01  1.2470e+02
4895.0288  2.8616e+01  1.1830e+02
4896.2788  -5.6681e+01  1.0863e+02
4897.5293  7.3331e+01  1.3101e+02
4898.7798  -3.8910e+01  9.4869e+01
4900.0303  6.7601e+00  1.2592e+02
4901.2803  1.6695e+02  9.8868e+01
4902.5308  8.6363e+01  1.1572e+02
4903.7812  1.2459e+02  1.2188e+02
4905.0312  6.1441e+01  1.1913e+02
4906.2817  1.4131e+02  1.2297e+02
4907.5322  -3.3986e+01  1.1334e+02
4908.7822  -6.5473e+01  1.1135e+02
4910.0327  -4.5515e+01  1.1313e+02
4911.2832  -7.2606e+01  1.2051e+02
4912.5332  3.4442e+00  1.1207e+02
4913.7837  1.3092e+01  1.0114e+02
4915.0342  -1.2143e+02  1.2657e+02
