# SNR 12.3719
# Quality c
# flux_factor = 1.e-20
5281.3267  4.4010e+01  1.0087e+02
5282.5771  1.3513e+02  9.1138e+01
5283.8276  -5.0528e+01  1.1028e+02
5285.0776  -9.7318e+01  9.1185e+01
5286.3281  6.6585e+01  9.8555e+01
5287.5786  6.9974e+01  1.0065e+02
5288.8286  1.3371e+02  9.7962e+01
5290.0791  1.3203e+02  1.0364e+02
5291.3296  -5.4244e+01  9.8771e+01
5292.5796  8.7680e+01  1.0188e+02
5293.8301  -1.0427e+02  1.0823e+02
5295.0806  5.5646e+01  1.0807e+02
5296.3306  8.4048e+01  9.2886e+01
5297.5811  1.7869e+01  1.0782e+02
5298.8315  -1.4453e+01  1.0490e+02
5300.0815  8.1558e+01  9.4938e+01
5301.3320  1.0092e+02  9.2282e+01
5302.5825  -7.0658e+01  9.0113e+01
5303.8330  -1.8753e+01  1.0940e+02
5305.0830  1.0615e+01  1.2845e+02
5306.3335  9.3718e+01  1.0610e+02
5307.5840  -8.9030e+01  9.1772e+01
5308.8340  -1.1214e+02  9.1282e+01
5310.0845  6.5545e+01  9.0208e+01
5311.3350  -7.6041e+01  1.1914e+02
5312.5850  9.9227e+00  1.1721e+02
5313.8354  -3.8741e+01  9.5894e+01
5315.0859  -1.8442e+02  1.0214e+02
5316.3359  -1.7738e+01  1.0381e+02
5317.5864  -4.7997e+01  1.0179e+02
5318.8369  1.4459e+02  1.1412e+02
5320.0869  -2.1055e+01  1.0839e+02
5321.3374  -5.3664e+01  1.0221e+02
5322.5879  8.5818e+00  1.2014e+02
5323.8379  -5.1407e+01  9.3429e+01
5325.0884  -7.9056e+00  9.3802e+01
5326.3389  -1.8359e+01  1.0536e+02
5327.5889  3.0085e+01  1.2735e+02
5328.8394  3.5181e+01  1.0101e+02
5330.0898  -2.3561e+01  1.0033e+02
5331.3403  -6.4297e+01  1.3815e+02
5332.5903  -1.4996e+02  1.0738e+02
5333.8408  -5.9194e+01  1.2909e+02
5335.0913  2.2281e+01  1.2875e+02
5336.3413  -1.5298e+02  9.9786e+01
5337.5918  6.5656e+01  9.6705e+01
5338.8423  9.5512e+01  9.5417e+01
5340.0923  -3.0350e+01  9.8313e+01
5341.3428  -7.8864e+01  9.5958e+01
5342.5933  2.3776e+01  9.5891e+01
5343.8433  -8.6952e+00  1.0818e+02
5345.0938  1.9056e+02  9.2178e+01
5346.3442  1.2017e+02  9.3253e+01
5347.5942  1.1710e+02  9.3370e+01
5348.8447  -5.2754e+01  1.0412e+02
5350.0952  -1.8823e+02  1.0041e+02
5351.3452  -3.1142e+00  9.5539e+01
5352.5957  -2.1043e+01  9.3179e+01
5353.8462  -1.0088e+02  1.0658e+02
5355.0967  -8.4155e+00  1.0160e+02
5356.3467  -4.6837e+01  9.3587e+01
5357.5972  2.4037e+02  1.0586e+02
5358.8477  2.1070e+02  9.2170e+01
5360.0977  1.5590e+02  9.2534e+01
5361.3481  1.5828e+01  1.0895e+02
5362.5986  -2.5380e+01  9.4521e+01
5363.8486  4.8226e+01  9.2746e+01
5365.0991  1.2809e+02  1.1147e+02
5366.3496  3.4945e+02  8.9039e+01
5367.5996  5.6439e+02  9.4076e+01
5368.8501  8.0061e+02  1.0855e+02
5370.1006  8.0731e+02  9.7390e+01
5371.3506  6.6516e+02  8.5919e+01
5372.6011  5.2366e+02  8.6654e+01
5373.8516  4.2312e+02  9.3426e+01
5375.1016  4.8028e+02  9.8294e+01
5376.3521  1.3622e+02  9.8854e+01
5377.6025  2.1138e+02  9.6510e+01
5378.8525  -1.6834e+01  1.0674e+02
5380.1030  1.5306e+02  1.0414e+02
5381.3535  6.5611e+01  1.0278e+02
5382.6040  1.3192e+01  8.7119e+01
5383.8540  1.1750e+02  1.0390e+02
5385.1045  9.6830e+01  1.1262e+02
5386.3550  1.5616e+01  8.7903e+01
5387.6050  2.7479e+02  8.8359e+01
5388.8555  6.6933e+01  9.9457e+01
5390.1060  -5.7960e+01  1.1246e+02
5391.3560  3.9617e+01  8.5953e+01
5392.6064  3.2838e+01  1.1007e+02
5393.8569  5.8889e+01  9.1393e+01
5395.1069  2.3773e+02  1.1161e+02
5396.3574  1.4472e+02  8.6814e+01
5397.6079  1.0675e+02  9.5975e+01
5398.8579  3.8499e+01  1.0245e+02
5400.1084  -1.2129e+02  8.6658e+01
5401.3589  -2.0804e+02  8.7906e+01
5402.6089  -7.6917e+01  8.6831e+01
5403.8594  -4.2521e+01  9.2668e+01
5405.1099  1.1062e+01  9.3542e+01
5406.3604  4.0204e+01  8.4259e+01
5407.6104  4.5886e+01  9.0678e+01
5408.8608  -1.1618e+02  9.3287e+01
5410.1113  1.2105e+01  8.7420e+01
5411.3613  -3.3367e+01  9.3886e+01
5412.6118  -4.6911e+01  8.9420e+01
5413.8623  -6.5343e+01  1.1038e+02
5415.1123  -5.0725e+01  9.3619e+01
5416.3628  -8.5368e+01  9.3847e+01
5417.6133  -7.4038e+01  1.1891e+02
5418.8633  1.3658e+02  8.8640e+01
5420.1138  1.6520e+02  8.9558e+01
5421.3643  8.0414e+01  9.3625e+01
5422.6143  7.4170e+01  9.5085e+01
5423.8647  8.2128e+01  9.5793e+01
5425.1152  -3.5618e+01  9.5846e+01
5426.3652  6.2888e+01  9.4455e+01
5427.6157  1.0751e+02  9.8738e+01
5428.8662  4.9276e+00  9.9029e+01
5430.1162  9.5470e+01  8.7396e+01
5431.3667  1.1079e+02  8.6015e+01
5432.6172  1.1814e+02  8.8005e+01
5433.8677  -2.9850e+01  9.6300e+01
5435.1177  -6.5759e+01  9.7280e+01
5436.3682  -7.5018e+01  1.0038e+02
5437.6187  -1.0469e+01  9.7812e+01
5438.8687  1.0799e+02  9.1951e+01
5440.1191  -5.3998e+01  1.0184e+02
5441.3696  -1.0042e+02  9.4742e+01
5442.6196  1.3167e+02  8.8778e+01
5443.8701  -9.1274e+01  1.0017e+02
5445.1206  -8.5800e+01  8.8899e+01
5446.3706  3.8498e+00  9.7349e+01
5447.6211  7.2567e+01  9.2446e+01
5448.8716  5.8575e+00  9.2199e+01
5450.1216  1.1327e+02  8.7265e+01
5451.3721  2.3001e+02  8.7677e+01
5452.6226  -4.1152e+01  1.0404e+02
5453.8726  6.2420e+01  8.6913e+01
5455.1230  -1.2338e+02  9.1667e+01
5456.3735  -5.5248e+01  1.0215e+02
5457.6240  2.8422e+01  1.0359e+02
5458.8740  1.5213e+01  9.4343e+01
