# SNR 24.0202
# Quality c
# flux_factor = 1.e-20
5590.3984  -7.1843e+00  1.0702e+02
5591.6489  1.0075e+02  1.0670e+02
5592.8994  5.4935e+01  1.0104e+02
5594.1494  -1.2040e+01  1.0131e+02
5595.3999  1.1358e+02  9.9823e+01
5596.6504  1.0810e+02  1.0009e+02
5597.9004  1.3284e+02  1.0129e+02
5599.1509  1.7915e+02  1.0305e+02
5600.4014  7.3679e+01  1.0302e+02
5601.6514  -4.3966e+01  1.0110e+02
5602.9019  -7.2971e+01  1.0043e+02
5604.1523  -3.6547e+01  9.9069e+01
5605.4023  1.2804e+02  1.0246e+02
5606.6528  1.9869e+02  1.0712e+02
5607.9033  1.8022e+02  1.0552e+02
5609.1533  1.1901e+02  1.0189e+02
5610.4038  -2.4631e+01  1.0117e+02
5611.6543  -3.9788e-02  1.0076e+02
5612.9043  3.4440e+01  9.8995e+01
5614.1548  9.8107e+01  9.9936e+01
5615.4053  -3.2936e+01  1.0004e+02
5616.6558  5.3575e+01  9.9128e+01
5617.9058  1.6191e+02  9.9629e+01
5619.1562  1.5155e+01  1.0198e+02
5620.4067  1.2118e+01  1.0086e+02
5621.6567  -1.6191e+02  9.9087e+01
5622.9072  4.7758e+01  1.0000e+02
5624.1577  7.5825e+01  1.0295e+02
5625.4077  1.1194e+02  1.0573e+02
5626.6582  3.9615e+01  1.0360e+02
5627.9087  -3.2056e+01  9.9074e+01
5629.1587  -9.6155e+01  9.9011e+01
5630.4092  1.8275e+02  9.9117e+01
5631.6597  -1.0558e+02  9.9310e+01
5632.9097  1.5881e+01  9.8558e+01
5634.1602  9.5152e+01  1.0003e+02
5635.4106  4.7074e+00  9.8628e+01
5636.6606  -1.0082e+02  9.7815e+01
5637.9111  -4.7186e+01  9.8016e+01
5639.1616  1.7638e+00  9.8557e+01
5640.4121  2.1533e+02  1.0000e+02
5641.6621  4.0323e+01  9.9594e+01
5642.9126  5.5410e+01  9.8103e+01
5644.1631  -4.2208e+01  9.8567e+01
5645.4131  -1.4696e+01  1.0008e+02
5646.6636  -1.4597e+02  1.0287e+02
5647.9141  -1.6723e+01  1.0282e+02
5649.1641  1.5264e+02  9.9629e+01
5650.4146  -1.6303e+01  9.9367e+01
5651.6650  6.1073e+01  9.8163e+01
5652.9150  -2.0346e+00  9.8577e+01
5654.1655  -2.1769e+01  9.8578e+01
5655.4160  6.5688e+01  9.8340e+01
5656.6660  -1.7956e+02  9.9205e+01
5657.9165  -7.5538e+01  9.9062e+01
5659.1670  -3.6396e+01  9.8060e+01
5660.4170  -3.2580e+01  9.6491e+01
5661.6675  1.9608e+01  9.7763e+01
5662.9180  5.0701e+01  9.8141e+01
5664.1685  7.5693e+01  9.8333e+01
5665.4185  -6.9588e+01  9.8885e+01
5666.6689  -5.9586e+01  9.9462e+01
5667.9194  -1.0618e+02  9.8662e+01
5669.1694  -1.2223e+02  1.0002e+02
5670.4199  1.3838e+01  9.9745e+01
5671.6704  2.5625e+01  9.9377e+01
5672.9204  4.2922e+01  1.0011e+02
5674.1709  2.1406e+02  9.9443e+01
5675.4214  1.7130e+02  9.9465e+01
5676.6714  1.6098e+02  9.9342e+01
5677.9219  9.2151e+01  9.9397e+01
5679.1724  2.4801e+01  9.9984e+01
5680.4224  5.0360e+01  9.9715e+01
5681.6729  2.4238e+02  9.9181e+01
5682.9233  7.4617e+02  9.9166e+01
5684.1733  1.4770e+03  9.9584e+01
5685.4238  1.2682e+03  9.9950e+01
5686.6743  9.9136e+02  1.0049e+02
5687.9248  6.2619e+02  9.9897e+01
5689.1748  2.9261e+02  9.8661e+01
5690.4253  1.9448e+02  9.9529e+01
5691.6758  2.0525e+02  1.0006e+02
5692.9258  7.5454e+01  1.0032e+02
5694.1763  -2.9012e+01  1.0056e+02
5695.4268  1.1707e+01  9.9167e+01
5696.6768  -2.9832e+01  1.0016e+02
5697.9272  -1.1369e+02  1.0056e+02
5699.1777  2.0991e+01  1.0049e+02
5700.4277  -6.1169e+00  1.0087e+02
5701.6782  -1.3753e+02  1.0046e+02
5702.9287  1.1588e+01  1.0071e+02
5704.1787  -6.6758e+01  9.9721e+01
5705.4292  -4.9343e+01  9.9929e+01
5706.6797  -7.1012e+00  9.9319e+01
5707.9297  -8.1122e+01  9.9550e+01
5709.1802  -1.7798e+01  9.9250e+01
5710.4307  -1.4708e+01  9.8875e+01
5711.6812  2.6154e+01  9.8712e+01
5712.9312  -1.5616e+02  9.9402e+01
5714.1816  -9.3312e+01  9.9824e+01
5715.4321  -1.4315e+01  1.0047e+02
5716.6821  4.3275e+01  1.0001e+02
5717.9326  -4.6900e+01  9.9707e+01
5719.1831  1.2472e+01  9.9870e+01
5720.4331  1.6522e+02  1.0032e+02
5721.6836  1.1975e+02  1.0012e+02
5722.9341  7.5691e+00  1.0003e+02
5724.1841  -3.0763e+01  1.0033e+02
5725.4346  6.0513e+01  1.0119e+02
5726.6851  -6.8259e+01  1.0059e+02
5727.9351  4.2276e+01  1.0003e+02
5729.1855  2.0923e+02  9.8837e+01
5730.4360  2.0589e+02  9.9192e+01
5731.6865  -6.0921e+01  9.8498e+01
5732.9365  3.9289e+01  9.8769e+01
5734.1870  -1.8831e+01  9.8780e+01
5735.4375  1.0846e+02  9.8848e+01
5736.6875  9.0461e+01  9.9710e+01
5737.9380  -4.1228e+01  9.9280e+01
5739.1885  1.2296e+02  9.8601e+01
5740.4385  1.4393e+02  9.7754e+01
5741.6890  2.6031e+02  9.8217e+01
5742.9395  -1.1664e+01  9.7856e+01
5744.1895  -8.6768e+01  9.8270e+01
5745.4399  -1.3115e+02  9.8817e+01
5746.6904  1.0378e+02  9.8166e+01
5747.9404  -3.9799e+01  9.8364e+01
5749.1909  5.7189e+01  9.8358e+01
5750.4414  -1.3798e+01  9.7135e+01
5751.6914  4.9353e+01  9.7975e+01
5752.9419  -2.8502e+01  9.6811e+01
5754.1924  5.7181e+01  9.7354e+01
5755.4429  1.7053e+01  9.6963e+01
5756.6929  7.6296e+01  9.7872e+01
5757.9434  5.5132e+01  9.7771e+01
5759.1938  -2.0593e+01  9.7693e+01
5760.4438  -5.4058e+01  9.8618e+01
5761.6943  2.4783e+01  9.7732e+01
5762.9448  9.3387e+01  9.6939e+01
5764.1948  3.8766e+01  9.7809e+01
5765.4453  8.2601e+01  9.7769e+01
5766.6958  1.2533e+02  9.8561e+01
5767.9458  7.4766e+01  9.9983e+01
5769.1963  -1.1271e+02  9.8740e+01
5770.4468  4.5259e+01  9.9244e+01
5771.6968  6.9282e+00  9.9542e+01
5772.9473  1.1673e+02  9.8670e+01
5774.1978  8.3850e+01  9.8666e+01
5775.4478  1.3551e+01  9.7601e+01
5776.6982  -1.1666e+02  9.7076e+01
5777.9487  3.7212e+01  9.6675e+01
5779.1992  -5.0612e+00  9.7728e+01
