# SNR 8.3627
# Quality c
# flux_factor = 1.e-20
7554.3198  -8.1538e+00  3.3669e+01
7555.5703  3.4326e+01  3.1975e+01
7556.8203  3.7645e+00  4.2044e+01
7558.0708  1.6048e+01  5.9000e+01
7559.3213  2.9784e+01  6.3796e+01
7560.5713  -9.1768e+01  4.5370e+01
7561.8218  3.5773e+01  3.5971e+01
7563.0723  -5.0548e+01  3.0642e+01
7564.3223  -2.4613e+01  3.0616e+01
7565.5728  2.6685e+01  3.6854e+01
7566.8232  5.4348e+01  3.4542e+01
7568.0732  1.7501e+01  4.1416e+01
7569.3237  6.7797e+01  4.0516e+01
7570.5742  -1.0005e+02  5.0445e+01
7571.8242  -1.1330e+02  8.0513e+01
7573.0747  -8.6433e+01  1.0475e+02
7574.3252  1.8992e+02  9.2542e+01
7575.5757  5.8575e+01  6.3559e+01
7576.8257  -3.5153e+01  4.5280e+01
7578.0762  -4.3325e+01  3.3379e+01
7579.3267  3.2440e+00  3.0437e+01
7580.5767  -4.1413e+01  3.6025e+01
7581.8271  -3.6751e+01  3.1856e+01
7583.0776  -3.0442e+01  3.0059e+01
7584.3276  -3.5191e+00  3.7869e+01
7585.5781  1.2845e+01  5.1303e+01
7586.8286  8.2893e+01  7.0969e+01
7588.0786  5.8004e+01  7.6400e+01
7589.3291  3.4671e+01  4.2261e+01
7590.5796  -3.4838e+00  3.3316e+01
7591.8301  -2.0585e+01  3.8013e+01
7593.0801  -3.7906e+01  4.9358e+01
7594.3306  -2.8351e+01  4.5667e+01
7595.5811  -2.1317e+01  4.4878e+01
7596.8311  -4.4015e+01  7.6281e+01
7598.0815  -9.8686e+01  1.0287e+02
7599.3320  1.2587e+01  1.6177e+02
7600.5820  -3.9158e+01  1.5813e+02
7601.8325  1.0897e+02  8.6373e+01
7603.0830  8.9588e+00  8.2106e+01
7604.3330  -2.4165e+02  7.9074e+01
7605.5835  4.8887e+01  7.5012e+01
7606.8340  -6.0290e+01  8.4702e+01
7608.0845  7.4606e+01  8.2312e+01
7609.3345  -1.7055e+02  8.5115e+01
7610.5850  -1.1841e+02  8.1905e+01
7611.8354  -2.0405e+02  7.8570e+01
7613.0854  -5.9537e+01  5.7490e+01
7614.3359  -1.3341e+02  5.3579e+01
7615.5864  2.3627e+01  4.8729e+01
7616.8364  -7.5524e+01  4.2975e+01
7618.0869  -3.2670e+01  5.6729e+01
7619.3374  -7.1683e+01  6.5848e+01
7620.5874  -8.2700e+01  5.6915e+01
7621.8379  1.4094e+01  5.0682e+01
7623.0884  -8.3851e+01  5.6658e+01
7624.3389  1.6958e+01  5.7521e+01
7625.5889  7.7655e+00  4.7816e+01
7626.8394  7.2495e+01  5.7611e+01
7628.0898  -1.2725e+01  7.5025e+01
7629.3398  2.0023e+01  1.1720e+02
7630.5903  5.8797e+01  1.0919e+02
7631.8408  -1.0270e+02  8.0493e+01
7633.0908  -9.2155e+01  5.6743e+01
7634.3413  1.0210e+02  5.5785e+01
7635.5918  -4.1029e+01  6.5465e+01
7636.8418  -2.8479e+01  4.7718e+01
7638.0923  3.2624e+01  4.2251e+01
7639.3428  -1.2002e+01  4.3154e+01
7640.5928  3.3494e+01  4.5814e+01
7641.8433  1.1495e+02  4.4747e+01
7643.0938  -1.0208e+00  4.7747e+01
7644.3442  -5.2728e+01  6.1143e+01
7645.5942  -8.8354e+00  5.6924e+01
7646.8447  -1.0175e+01  4.5340e+01
7648.0952  4.8604e+01  4.2113e+01
7649.3452  1.1375e+01  3.9634e+01
7650.5957  -1.3950e+02  5.0562e+01
7651.8462  -1.0896e+02  4.0672e+01
7653.0962  6.3861e+00  4.2242e+01
7654.3467  -3.8050e+01  5.8736e+01
7655.5972  -1.3422e+01  5.8247e+01
7656.8472  9.1026e+01  4.3763e+01
7658.0977  2.0492e+01  3.9142e+01
7659.3481  1.8767e+01  4.0341e+01
7660.5986  -4.4783e+01  3.5587e+01
7661.8486  -7.7069e+01  5.6678e+01
7663.0991  -8.7918e+01  7.2063e+01
7664.3496  2.9057e+01  6.5555e+01
7665.5996  -4.9668e+00  4.7446e+01
7666.8501  -5.9911e+01  3.6945e+01
7668.1006  7.4699e+01  3.9170e+01
7669.3506  -3.9493e+01  3.7324e+01
7670.6011  -1.5885e+01  3.3310e+01
7671.8516  -4.7244e+01  3.1613e+01
7673.1016  -3.2084e+01  3.2811e+01
7674.3521  8.6691e+01  4.0334e+01
7675.6025  -7.4794e+00  3.2519e+01
7676.8530  2.0783e+01  3.6072e+01
7678.1030  4.9849e+01  3.2593e+01
7679.3535  1.3276e+02  4.3338e+01
7680.6040  1.8632e+02  3.3554e+01
7681.8540  1.7334e+02  3.7793e+01
7683.1045  1.5442e+02  4.2566e+01
7684.3550  1.0851e+02  4.0819e+01
7685.6050  9.0788e+01  3.2658e+01
7686.8555  3.4481e+01  3.7358e+01
7688.1060  -6.5291e+01  3.9648e+01
7689.3560  9.2869e+01  4.4612e+01
7690.6064  1.6382e+01  4.3917e+01
7691.8569  3.3355e+01  4.5726e+01
7693.1074  -2.3929e+01  5.3358e+01
7694.3574  2.3039e+01  3.8331e+01
7695.6079  -3.0785e+01  3.7483e+01
7696.8584  -1.4748e+01  3.1632e+01
7698.1084  -8.2524e+01  3.8750e+01
7699.3589  2.0413e+01  5.2881e+01
7700.6094  -2.0934e+01  4.8464e+01
7701.8594  -3.0679e+01  5.1451e+01
7703.1099  1.0092e+02  3.3245e+01
7704.3604  8.5387e+00  3.4140e+01
7705.6104  -3.3908e+01  2.9339e+01
7706.8608  -5.2942e+01  3.5627e+01
7708.1113  -2.5462e+01  3.3399e+01
7709.3613  -7.5667e+01  3.7451e+01
7710.6118  -4.1326e+01  4.7553e+01
7711.8623  -7.4715e+01  7.0240e+01
7713.1128  -1.8789e+02  1.4563e+02
7714.3628  -1.3945e+02  1.3341e+02
7715.6133  -7.2311e+01  9.3736e+01
7716.8638  1.3990e+02  1.3112e+02
7718.1138  -1.3404e+01  1.4001e+02
7719.3643  -3.7564e+01  1.1825e+02
7720.6147  -6.5485e+01  7.3510e+01
7721.8647  -6.8424e+01  4.2141e+01
7723.1152  1.6909e+01  3.9636e+01
7724.3657  -1.5147e+01  6.0494e+01
7725.6157  1.5899e+01  6.2082e+01
7726.8662  -2.5306e+01  7.6486e+01
7728.1167  -5.5294e+01  6.6362e+01
7729.3672  4.2190e+01  4.7528e+01
7730.6172  3.6625e+00  3.5144e+01
7731.8677  -6.0584e+00  3.8590e+01
7733.1182  -4.3366e+01  3.8343e+01
7734.3682  -6.1283e+01  4.0378e+01
7735.6187  5.7577e+00  4.2498e+01
7736.8691  6.0024e+01  5.2232e+01
7738.1191  3.0382e+01  4.3240e+01
7739.3696  -1.3354e+01  3.9959e+01
7740.6201  3.6742e+00  3.5940e+01
7741.8701  5.4287e+01  4.1978e+01
7743.1206  -5.1020e+01  3.2694e+01
7744.3711  -4.5056e+01  3.4778e+01
7745.6216  7.5354e+01  3.5125e+01
7746.8716  7.9542e+01  4.2877e+01
7748.1221  8.7758e+00  4.1475e+01
7749.3726  -3.8867e+01  7.1181e+01
7750.6226  1.4771e+01  1.5695e+02
7751.8730  -5.4205e+01  1.7008e+02
7753.1235  -5.8684e+01  1.5743e+02
7754.3735  1.4518e+01  8.5572e+01
7755.6240  6.4401e+00  5.1354e+01
7756.8745  -8.3227e+01  4.4893e+01
7758.1245  1.3909e+01  5.2064e+01
7759.3750  -2.8213e+00  6.5989e+01
7760.6255  -1.1845e+02  1.1244e+02
7761.8760  1.3232e+01  1.1184e+02
7763.1260  1.0950e+02  7.4772e+01
7764.3765  -2.3130e+01  3.9217e+01
7765.6270  -6.2686e+01  3.8121e+01
7766.8770  -4.6549e+01  3.6707e+01
7768.1274  -7.9003e+01  3.6891e+01
7769.3779  -4.9393e+01  4.0156e+01
7770.6279  7.2795e+01  4.4020e+01
7771.8784  -2.0757e+02  7.1093e+01
7773.1289  -1.6431e+02  1.1849e+02
7774.3789  -2.8754e+02  1.1326e+02
7775.6294  -2.7655e+01  1.3082e+02
7776.8799  -6.3420e+01  7.1911e+01
7778.1304  -6.5573e+01  4.5667e+01
7779.3804  1.2011e+01  4.5173e+01
7780.6309  -1.2678e+02  7.8390e+01
7781.8813  -3.7829e+01  9.5865e+01
7783.1313  -1.3193e+02  7.7748e+01
7784.3818  8.1975e+00  4.8130e+01
7785.6323  -2.3982e+01  4.3555e+01
7786.8823  1.3835e+01  4.1900e+01
7788.1328  5.1488e+00  3.7982e+01
7789.3833  1.9344e+00  3.4707e+01
7790.6333  -7.9229e+01  4.5761e+01
7791.8838  1.2244e+01  5.4507e+01
7793.1343  -5.4747e+01  8.0643e+01
7794.3843  -4.3016e+01  1.5755e+02
7795.6348  1.6919e+02  1.5125e+02
7796.8853  -1.3823e+02  1.2581e+02
7798.1357  1.4451e+02  6.7422e+01
7799.3857  -2.8086e+01  3.9154e+01
7800.6362  -5.3070e+01  4.0844e+01
7801.8867  -5.7084e+01  3.5392e+01
7803.1367  -1.4917e+00  3.6357e+01
7804.3872  -8.2466e+01  3.9080e+01
7805.6377  -1.0184e+02  3.4835e+01
7806.8877  -8.9521e+01  4.4557e+01
7808.1382  4.3938e+01  7.0430e+01
7809.3887  -6.5397e+01  9.7406e+01
