# SNR 17.8114
# Quality c
# flux_factor = 1.e-20
4848.9512  -4.9574e+01  1.7584e+02
4850.2012  -2.4141e+01  1.7154e+02
4851.4517  -4.0524e+02  1.7091e+02
4852.7021  8.7193e+01  1.7061e+02
4853.9521  1.7425e+02  1.7293e+02
4855.2026  -8.3368e+01  1.7118e+02
4856.4531  4.4306e+01  1.6811e+02
4857.7036  -3.2374e+01  1.6608e+02
4858.9536  2.3282e+02  1.6545e+02
4860.2041  2.4533e+02  1.6463e+02
4861.4546  -1.3045e+02  1.6903e+02
4862.7046  -2.5530e+02  1.7653e+02
4863.9551  -9.8229e+01  1.7305e+02
4865.2056  -3.9202e+01  1.6524e+02
4866.4556  2.0454e+02  1.6417e+02
4867.7061  7.6848e+01  1.6522e+02
4868.9565  1.2901e+02  1.6695e+02
4870.2065  3.1064e+01  1.6853e+02
4871.4570  -7.2495e+00  1.6808e+02
4872.7075  3.1455e+01  1.6416e+02
4873.9575  -2.4359e+01  1.6194e+02
4875.2080  -7.4430e+01  1.6211e+02
4876.4585  -4.4368e+01  1.6287e+02
4877.7085  1.3992e+02  1.6473e+02
4878.9590  3.6648e+02  1.6728e+02
4880.2095  5.2622e+01  1.6815e+02
4881.4595  1.9050e+02  1.6997e+02
4882.7100  4.0366e+01  1.6874e+02
4883.9604  -7.0768e+01  1.6837e+02
4885.2104  1.1618e+02  1.6724e+02
4886.4609  -6.7572e+01  1.6634e+02
4887.7114  1.1175e+02  1.6600e+02
4888.9619  7.5699e+01  1.6687e+02
4890.2119  2.7086e+02  1.6595e+02
4891.4624  1.3091e+02  1.6404e+02
4892.7129  -2.6584e+01  1.6488e+02
4893.9629  -1.7312e+01  1.6395e+02
4895.2134  -1.5963e+02  1.6502e+02
4896.4639  -1.5323e+02  1.6438e+02
4897.7139  -2.2944e+02  1.6527e+02
4898.9644  -6.7699e+01  1.6434e+02
4900.2148  -1.0606e+02  1.6242e+02
4901.4648  -1.8233e+02  1.6320e+02
4902.7153  1.6918e+02  1.6338e+02
4903.9658  -7.7336e+00  1.6274e+02
4905.2158  -4.8565e+01  1.6183e+02
4906.4663  -1.1027e+02  1.6329e+02
4907.7168  1.9691e+02  1.6528e+02
4908.9668  1.1275e+02  1.6198e+02
4910.2173  4.1477e+01  1.6068e+02
4911.4678  3.2169e+02  1.5823e+02
4912.7178  2.3121e+02  1.5920e+02
4913.9683  7.2805e+01  1.6047e+02
4915.2188  -8.7670e+01  1.6096e+02
4916.4688  4.6613e+01  1.6084e+02
4917.7192  1.4928e+02  1.6051e+02
4918.9697  7.0814e+01  1.5839e+02
4920.2197  1.9922e+02  1.5517e+02
4921.4702  -9.9561e+01  1.5290e+02
4922.7207  7.9335e+01  1.5541e+02
4923.9712  -1.6840e+02  1.5746e+02
4925.2212  -3.4570e+01  1.5846e+02
4926.4717  2.5380e+02  1.5759e+02
4927.7222  6.9669e+02  1.5681e+02
4928.9722  1.2724e+03  1.5814e+02
4930.2227  1.4503e+03  1.5903e+02
4931.4731  1.0877e+03  1.5722e+02
4932.7231  9.7322e+02  1.5586e+02
4933.9736  8.4201e+02  1.5748e+02
4935.2241  5.5429e+02  1.5635e+02
4936.4741  3.6769e+02  1.5655e+02
4937.7246  1.4528e+02  1.5619e+02
4938.9751  -6.3278e+01  1.5643e+02
4940.2251  -1.5149e+02  1.5567e+02
4941.4756  1.0613e+02  1.5488e+02
4942.7261  -5.8147e+01  1.5448e+02
4943.9761  8.7023e+00  1.5665e+02
4945.2266  1.3414e+01  1.5564e+02
4946.4771  -4.9861e+01  1.5491e+02
4947.7271  1.3324e+02  1.5363e+02
4948.9775  2.2710e+02  1.5590e+02
4950.2280  -2.2628e+02  1.5653e+02
4951.4780  -1.7737e+02  1.5597e+02
4952.7285  5.1782e+00  1.5651e+02
4953.9790  1.7055e+02  1.5716e+02
4955.2295  -1.3181e+02  1.5608e+02
4956.4795  -3.9404e+02  1.5467e+02
4957.7300  2.0058e+02  1.5195e+02
4958.9805  4.1639e+01  1.5102e+02
4960.2305  -6.9300e+01  1.5218e+02
4961.4810  2.0987e+02  1.5359e+02
4962.7314  7.3794e+01  1.5430e+02
4963.9814  6.0644e+01  1.5432e+02
4965.2319  -1.0958e+01  1.5593e+02
4966.4824  -9.9947e+01  1.5561e+02
4967.7324  1.1214e+02  1.5604e+02
4968.9829  -1.5723e+02  1.5807e+02
4970.2334  -1.7516e+02  1.5737e+02
4971.4834  -1.0264e+01  1.5430e+02
4972.7339  2.2715e+02  1.5510e+02
4973.9844  -2.6670e+01  1.5483e+02
4975.2344  5.3157e+01  1.5448e+02
4976.4849  -1.4900e+02  1.5363e+02
4977.7354  -2.4881e+02  1.5447e+02
4978.9854  4.0304e+01  1.5324e+02
4980.2358  -7.0750e-01  1.5250e+02
4981.4863  2.1101e+01  1.5067e+02
4982.7363  -6.8456e+01  1.4968e+02
4983.9868  -2.1746e+02  1.4903e+02
4985.2373  -2.9522e+01  1.4772e+02
4986.4878  1.3164e+02  1.4813e+02
4987.7378  -2.9658e-01  1.5023e+02
4988.9883  1.4161e+02  1.5059e+02
4990.2388  -1.4069e+02  1.5130e+02
4991.4888  6.3681e+01  1.5096e+02
4992.7393  1.8205e+01  1.5233e+02
4993.9897  -1.8072e+02  1.5223e+02
4995.2397  -1.2197e+02  1.5109e+02
4996.4902  -1.1224e+02  1.5025e+02
4997.7407  -6.7758e+01  1.5177e+02
4998.9907  -1.2738e+02  1.4945e+02
5000.2412  -1.6017e+02  1.4893e+02
5001.4917  1.6880e+01  1.4669e+02
5002.7417  1.0258e+02  1.4899e+02
5003.9922  1.2049e+01  1.4946e+02
5005.2427  -9.3838e+01  1.4796e+02
5006.4927  -1.4990e+02  1.4918e+02
5007.7432  1.5012e+02  1.4906e+02
5008.9937  -1.2580e+02  1.5044e+02
5010.2437  -2.0364e+02  1.5011e+02
5011.4941  1.5523e+01  1.4922e+02
