# SNR 13.1790
# Quality c
# flux_factor = 1.e-20
5930.1187  -5.7738e+01  5.0291e+01
5931.3691  4.2848e+00  5.9004e+01
5932.6196  -4.2576e+01  7.7194e+01
5933.8696  -6.7622e-01  7.2522e+01
5935.1201  1.1576e+02  6.4420e+01
5936.3706  -3.6417e+01  5.0626e+01
5937.6206  4.1919e+01  5.7610e+01
5938.8711  1.4086e+01  5.3247e+01
5940.1216  5.2296e+01  4.5521e+01
5941.3716  4.2135e+01  5.1093e+01
5942.6221  5.1737e+01  4.9909e+01
5943.8726  4.3627e+01  4.5490e+01
5945.1230  -1.7120e+01  5.6530e+01
5946.3730  2.2512e+01  5.5664e+01
5947.6235  -6.2237e+01  6.3095e+01
5948.8740  1.0881e+02  5.2850e+01
5950.1240  3.4191e+00  4.8059e+01
5951.3745  -4.2204e+01  5.1982e+01
5952.6250  2.2164e+01  6.5777e+01
5953.8750  -7.6385e+01  7.3692e+01
5955.1255  3.4441e+01  7.0616e+01
5956.3760  -4.1595e+01  5.3768e+01
5957.6260  -2.3615e+01  5.5121e+01
5958.8765  -3.6976e+01  5.9250e+01
5960.1270  -1.9707e+01  5.8946e+01
5961.3770  2.0563e+01  5.3826e+01
5962.6274  -1.6096e+01  4.5137e+01
5963.8779  3.8526e+01  4.9840e+01
5965.1279  -1.3218e+01  5.4713e+01
5966.3784  3.7360e+01  5.1393e+01
5967.6289  8.6564e+00  4.7340e+01
5968.8794  -3.7327e+01  4.5916e+01
5970.1294  -2.6581e+01  5.7156e+01
5971.3799  1.0393e+02  5.6430e+01
5972.6304  6.7051e+01  4.7180e+01
5973.8804  -2.2012e+01  4.4858e+01
5975.1309  2.4551e+01  5.7155e+01
5976.3813  -2.5110e+00  6.2226e+01
5977.6313  4.2903e+01  5.8325e+01
5978.8818  6.8797e+00  6.6153e+01
5980.1323  -1.5192e+01  5.6239e+01
5981.3823  -5.9361e+00  5.0611e+01
5982.6328  -6.5175e+01  5.0178e+01
5983.8833  -8.4493e+01  5.9274e+01
5985.1333  -1.2954e+00  4.9636e+01
5986.3838  -3.7981e+01  4.5648e+01
5987.6343  5.0184e+01  5.3852e+01
5988.8848  1.6180e+00  5.4100e+01
5990.1348  1.9935e+01  5.4853e+01
5991.3853  1.0394e+02  5.4507e+01
5992.6357  2.0516e+01  4.4013e+01
5993.8857  2.2990e+01  4.5734e+01
5995.1362  -3.6241e+01  5.0186e+01
5996.3867  5.7150e+01  5.5539e+01
5997.6367  -3.4850e+01  5.5441e+01
5998.8872  3.1542e+01  5.3219e+01
6000.1377  -4.1254e+01  4.3752e+01
6001.3877  8.8758e+01  5.3333e+01
6002.6382  6.3878e+01  4.2112e+01
6003.8887  -4.1748e+01  5.6645e+01
6005.1387  -9.2889e+01  5.5483e+01
6006.3892  1.1704e+01  5.2682e+01
6007.6396  9.1885e+01  4.7542e+01
6008.8901  3.5006e+01  5.5993e+01
6010.1401  -1.7470e+01  5.3696e+01
6011.3906  -7.2834e+01  4.3952e+01
6012.6411  3.6615e+01  5.1902e+01
6013.8911  1.1314e+02  4.7971e+01
6015.1416  -1.9289e+01  4.0440e+01
6016.3921  -3.9758e+01  5.3239e+01
6017.6421  1.9956e+01  5.1988e+01
6018.8926  5.3243e+01  4.7511e+01
6020.1431  -3.6959e+01  5.2092e+01
6021.3931  8.3830e+00  4.3140e+01
6022.6436  3.9857e+01  4.5482e+01
6023.8940  9.4031e+01  4.1294e+01
6025.1440  5.5921e+01  5.5449e+01
6026.3945  8.2617e+01  4.8468e+01
6027.6450  7.3268e+01  4.9783e+01
6028.8950  2.7776e+02  4.3193e+01
6030.1455  3.6481e+02  4.6736e+01
6031.3960  3.7302e+02  4.1378e+01
6032.6465  2.9256e+02  5.3993e+01
6033.8965  1.6030e+02  5.3515e+01
6035.1470  1.6240e+02  5.8839e+01
6036.3975  1.7394e+02  5.6818e+01
6037.6475  1.8566e+02  4.7829e+01
6038.8979  1.1491e+02  4.7915e+01
6040.1484  -1.9698e+00  6.1871e+01
6041.3984  -7.3054e+00  4.5561e+01
6042.6489  1.4342e+01  4.9795e+01
6043.8994  9.2023e+01  5.9425e+01
6045.1494  1.8400e+01  4.4475e+01
6046.3999  6.4068e+01  4.9811e+01
6047.6504  4.0012e+01  4.1682e+01
6048.9004  -7.4732e+01  4.8485e+01
6050.1509  -2.8595e+01  5.5153e+01
6051.4014  7.0834e+01  5.7713e+01
6052.6519  -3.4600e+01  4.4403e+01
6053.9019  -4.7235e+01  4.5466e+01
6055.1523  1.2260e+00  4.7140e+01
6056.4028  1.6592e+01  5.6304e+01
6057.6528  -3.5201e+01  5.9132e+01
6058.9033  -4.0415e+01  4.5632e+01
6060.1538  4.0608e+01  4.4656e+01
6061.4038  3.8141e+01  4.5985e+01
6062.6543  -3.5897e+01  5.4764e+01
6063.9048  -1.0152e+01  4.5666e+01
6065.1548  7.4873e+00  5.2285e+01
6066.4053  -6.0141e+01  5.3755e+01
6067.6558  1.7337e+01  4.6858e+01
6068.9058  -9.4379e+01  4.5825e+01
6070.1562  -7.0992e+01  4.8374e+01
6071.4067  3.3937e+01  4.5522e+01
6072.6572  3.2910e+01  5.9317e+01
6073.9072  -2.2787e+01  6.0030e+01
6075.1577  1.4683e+02  5.9776e+01
6076.4082  3.0721e+01  4.3308e+01
6077.6582  1.6128e+01  4.2765e+01
6078.9087  -8.2877e-01  4.2817e+01
6080.1592  1.1507e+02  4.8966e+01
6081.4092  7.7997e+01  4.9024e+01
6082.6597  4.5177e+01  5.1361e+01
6083.9102  2.0473e+01  5.1596e+01
6085.1602  8.4923e+01  4.2022e+01
6086.4106  -4.0502e+01  4.2114e+01
6087.6611  7.3540e+01  4.9005e+01
6088.9111  2.8212e+01  4.3285e+01
6090.1616  -1.0502e+02  5.1815e+01
6091.4121  4.9864e+01  4.6512e+01
6092.6626  4.8659e+01  4.7342e+01
6093.9126  5.5374e+01  4.2136e+01
6095.1631  2.2317e+01  4.1761e+01
6096.4136  -2.7241e+01  4.2295e+01
6097.6636  7.5883e+00  5.3782e+01
6098.9141  4.5890e+01  4.2284e+01
6100.1646  -4.7964e-01  4.8600e+01
6101.4146  -1.9175e+01  4.7462e+01
6102.6650  1.8174e+01  4.8714e+01
6103.9155  4.3954e+01  4.2929e+01
6105.1655  1.0750e+01  4.2815e+01
6106.4160  3.8876e+00  5.5320e+01
6107.6665  7.4375e+01  4.8606e+01
6108.9165  -5.2410e+01  4.3978e+01
6110.1670  1.1152e+02  4.1618e+01
6111.4175  6.0311e+01  4.1796e+01
6112.6675  -5.2613e+01  4.4037e+01
6113.9180  -5.2030e+01  4.1078e+01
6115.1685  -4.0610e+01  4.1419e+01
6116.4189  1.3318e+01  4.8045e+01
6117.6689  -3.7762e+01  4.1309e+01
6118.9194  -3.8476e+01  5.1090e+01
6120.1699  4.5420e+01  4.9541e+01
6121.4199  -3.9845e+01  4.7413e+01
6122.6704  5.6507e+01  4.6967e+01
6123.9209  1.1213e+02  4.3127e+01
6125.1709  2.6593e+01  4.5672e+01
6126.4214  -4.3814e+01  4.3643e+01
6127.6719  -8.9478e+00  4.7841e+01
6128.9219  -1.9430e+01  5.2999e+01
6130.1724  -1.0078e+02  5.8005e+01
