# SNR 27.5991
# Quality c
# flux_factor = 1.e-20
6167.6963  -2.0676e+01  4.1862e+01
6168.9463  5.9800e+01  4.1955e+01
6170.1968  1.0633e+01  4.7268e+01
6171.4473  -6.9014e+01  6.5543e+01
6172.6973  1.5281e+01  5.7143e+01
6173.9478  -1.2650e+01  4.4865e+01
6175.1982  1.5187e+01  4.7006e+01
6176.4487  6.5274e+00  5.7571e+01
6177.6987  6.3268e+01  4.6270e+01
6178.9492  8.4438e+00  4.9106e+01
6180.1997  -8.6454e+01  4.2483e+01
6181.4497  -3.0720e+01  4.3456e+01
6182.7002  -2.2301e+01  4.0287e+01
6183.9507  -3.9848e+01  4.6355e+01
6185.2007  6.9199e+01  5.6557e+01
6186.4512  3.8080e+01  4.7942e+01
6187.7017  5.0282e+01  4.1377e+01
6188.9517  3.2567e+01  4.5834e+01
6190.2021  -8.2682e+01  4.2666e+01
6191.4526  -1.1963e+02  3.9111e+01
6192.7026  -7.4203e+01  5.1203e+01
6193.9531  -4.7475e+01  5.6617e+01
6195.2036  2.8998e+01  5.7808e+01
6196.4541  1.4127e+00  4.7324e+01
6197.7041  2.6476e+01  4.3646e+01
6198.9546  7.2048e+01  4.7485e+01
6200.2051  -2.6022e+01  3.8420e+01
6201.4551  -3.4603e+01  4.0831e+01
6202.7056  -7.2515e+01  5.3755e+01
6203.9561  -4.6295e+01  6.0498e+01
6205.2061  -1.2907e+01  4.7073e+01
6206.4565  2.6513e+01  4.1129e+01
6207.7070  -3.4269e+01  4.1857e+01
6208.9570  -9.3816e+01  4.5848e+01
6210.2075  6.6688e+01  3.8734e+01
6211.4580  1.1807e+01  4.0032e+01
6212.7080  -5.2435e+00  4.0375e+01
6213.9585  2.8428e+01  4.3805e+01
6215.2090  6.4404e+01  4.3160e+01
6216.4595  7.0597e+01  4.5186e+01
6217.7095  1.0435e+01  4.1683e+01
6218.9600  -3.7374e+01  4.4518e+01
6220.2104  -2.2673e+01  4.3977e+01
6221.4604  -3.5193e+00  4.4980e+01
6222.7109  -9.7830e+00  5.9744e+01
6223.9614  4.1924e+01  4.7310e+01
6225.2114  -1.2437e+01  4.7828e+01
6226.4619  -6.8616e+01  3.9344e+01
6227.7124  -7.5417e+01  3.8392e+01
6228.9624  -8.1899e+00  3.9364e+01
6230.2129  -2.0184e+01  4.2577e+01
6231.4634  1.6444e+01  4.8270e+01
6232.7134  -3.2986e+01  4.5825e+01
6233.9639  1.1181e+02  5.4483e+01
6235.2144  -3.3737e+01  6.9780e+01
6236.4644  3.4361e+01  7.7332e+01
6237.7148  9.1178e+01  8.2261e+01
6238.9653  2.8768e+01  5.5699e+01
6240.2158  3.1780e+01  4.7727e+01
6241.4658  3.1990e+01  6.0462e+01
6242.7163  1.1135e+00  5.0357e+01
6243.9668  -2.2701e+01  5.9248e+01
6245.2168  4.9449e+01  6.2787e+01
6246.4673  -6.0256e+01  4.9290e+01
6247.7178  1.2074e+00  5.0374e+01
6248.9678  2.0020e+01  4.5225e+01
6250.2183  -3.4524e+01  4.1337e+01
6251.4688  -2.4985e+01  3.7464e+01
6252.7188  -3.7591e+01  4.2719e+01
6253.9692  3.8063e+01  4.8228e+01
6255.2197  2.1936e-01  4.0725e+01
6256.4697  -9.0914e+01  5.5452e+01
6257.7202  1.0382e+02  6.4391e+01
6258.9707  4.7783e+00  7.8931e+01
6260.2212  -1.4427e+02  7.7221e+01
6261.4712  6.0362e+00  5.1952e+01
6262.7217  1.8837e+01  4.1753e+01
6263.9722  -3.7151e+01  4.5412e+01
6265.2222  4.8607e+01  4.9234e+01
6266.4727  -1.9470e+01  5.7350e+01
6267.7231  3.1068e+01  5.0625e+01
6268.9731  3.9067e+02  6.9673e+01
6270.2236  7.8776e+02  5.1969e+01
6271.4741  8.4999e+02  3.7924e+01
6272.7241  7.1620e+02  4.3934e+01
6273.9746  5.1377e+02  5.0412e+01
6275.2251  3.7085e+02  3.9652e+01
6276.4751  2.5393e+02  4.3762e+01
6277.7256  1.8205e+02  4.5561e+01
6278.9761  1.3375e+02  4.8761e+01
6280.2266  3.2787e+01  4.4689e+01
6281.4766  -4.5197e+00  5.0217e+01
6282.7271  1.0711e+01  3.8428e+01
6283.9775  -4.1200e+00  3.9069e+01
6285.2275  -6.5215e+01  4.5044e+01
6286.4780  -9.6509e+01  5.5917e+01
6287.7285  2.8909e+01  7.4942e+01
6288.9785  1.0970e+02  7.0539e+01
6290.2290  -6.7038e+01  5.5135e+01
6291.4795  3.4260e+01  4.8247e+01
6292.7295  1.9808e+01  4.2710e+01
6293.9800  4.0450e+01  4.2808e+01
6295.2305  -1.5706e+01  3.8683e+01
6296.4805  -1.0163e+01  4.0059e+01
6297.7310  6.0136e+00  5.1642e+01
6298.9814  -6.6631e+01  8.9462e+01
6300.2319  -1.2124e+01  1.0399e+02
6301.4819  -2.6662e+01  1.2930e+02
6302.7324  -8.7859e+01  9.5482e+01
6303.9829  -4.7991e+01  8.1230e+01
6305.2329  -2.8814e+01  4.1041e+01
6306.4834  -2.4005e+01  7.0228e+01
6307.7339  4.9029e+00  7.9753e+01
6308.9839  5.7347e+01  8.6125e+01
6310.2344  4.7801e+01  4.8605e+01
6311.4849  -4.9191e+00  3.8894e+01
6312.7349  2.7919e+01  3.7130e+01
6313.9854  1.1699e+01  4.5282e+01
6315.2358  2.3336e+00  4.0649e+01
6316.4858  2.6634e+01  5.7050e+01
6317.7363  1.3049e+02  3.6250e+01
6318.9868  -1.1696e+01  4.4521e+01
6320.2373  7.5168e+00  4.7297e+01
6321.4873  -3.1915e+00  5.2556e+01
6322.7378  5.0555e+01  5.7334e+01
6323.9883  -1.0555e+01  4.8575e+01
6325.2383  1.2776e+02  3.6292e+01
6326.4888  3.6232e+01  5.0243e+01
6327.7393  -3.5866e+01  5.0930e+01
6328.9893  -7.0044e+01  4.6179e+01
6330.2397  1.7469e+01  7.7531e+01
6331.4902  6.1234e+01  7.2898e+01
6332.7402  2.3079e+01  7.4746e+01
6333.9907  -1.5518e+01  3.8383e+01
6335.2412  -4.0706e+01  3.5880e+01
6336.4912  2.1185e+01  4.1735e+01
6337.7417  5.8930e+01  3.6037e+01
6338.9922  6.6393e+01  4.7535e+01
6340.2427  1.5676e+01  4.2357e+01
6341.4927  5.1040e+01  5.1706e+01
6342.7432  -1.4238e+00  3.8102e+01
6343.9937  -3.6604e+01  4.5678e+01
6345.2437  -3.2322e+01  4.5109e+01
6346.4941  1.1605e+01  3.8251e+01
6347.7446  -3.7523e+01  4.0512e+01
6348.9946  7.4102e+01  4.9395e+01
6350.2451  7.9837e-01  5.9832e+01
6351.4956  -3.1099e+01  4.5496e+01
6352.7456  -1.2282e+01  3.7011e+01
6353.9961  2.9475e+01  4.2641e+01
6355.2466  7.7279e+00  4.5171e+01
6356.4966  5.6422e+01  5.9498e+01
6357.7471  3.7575e+00  6.5312e+01
6358.9976  1.0290e+01  4.7456e+01
6360.2480  6.4400e+01  4.3814e+01
6361.4980  -2.9043e+01  4.0977e+01
6362.7485  1.2737e+01  6.1216e+01
6363.9990  2.8003e+01  7.1746e+01
6365.2490  2.8089e+01  8.6922e+01
6366.4995  -4.5225e+01  7.0231e+01
6367.7500  -9.1149e+00  3.7747e+01
6369.0000  -2.9168e+01  4.0324e+01
6370.2505  -5.7371e+01  3.6921e+01
6371.5010  4.3044e+01  4.6428e+01
6372.7510  6.0205e+01  4.0051e+01
6374.0015  4.1775e+01  4.1213e+01
6375.2520  -1.0790e+01  3.6497e+01
