# SNR 16.7516
# Quality c
# flux_factor = 1.e-20
7368.0146  -3.2455e+01  5.1479e+01
7369.2651  -9.6294e+01  1.3199e+02
7370.5151  -9.1553e-02  1.2554e+02
7371.7656  -5.5534e+01  1.2838e+02
7373.0161  -7.6060e+01  7.5592e+01
7374.2661  -1.0661e-01  4.2096e+01
7375.5166  2.5253e+01  4.1536e+01
7376.7671  3.5457e+01  3.9342e+01
7378.0171  -2.9983e+01  3.2072e+01
7379.2676  2.0228e-01  3.3076e+01
7380.5181  -6.0785e+01  3.6335e+01
7381.7686  -7.5891e+01  3.4238e+01
7383.0186  -2.9224e+01  3.6782e+01
7384.2690  -1.3142e+01  4.3029e+01
7385.5195  4.1340e+01  3.7274e+01
7386.7695  -1.3790e+01  3.6689e+01
7388.0200  3.6461e+01  3.5453e+01
7389.2705  7.7023e+00  3.2799e+01
7390.5205  1.9490e+01  4.2444e+01
7391.7710  4.7415e+00  5.3821e+01
7393.0215  -3.6599e+01  7.2287e+01
7394.2715  -8.4810e+01  6.6197e+01
7395.5220  -2.9817e+01  4.6915e+01
7396.7725  -3.4318e-01  3.8603e+01
7398.0225  -4.9115e+01  3.4054e+01
7399.2729  -1.4582e+01  3.7604e+01
7400.5234  -4.0983e+01  4.3322e+01
7401.7739  6.9267e+00  8.2163e+01
7403.0239  7.7468e+01  1.1563e+02
7404.2744  -3.7631e-01  8.5579e+01
7405.5249  2.3114e+01  5.0722e+01
7406.7749  -2.5653e+01  4.2889e+01
7408.0254  1.1477e+01  3.6692e+01
7409.2759  1.3366e+01  3.6897e+01
7410.5259  -1.0160e+01  2.9636e+01
7411.7764  -8.3273e+00  3.3349e+01
7413.0269  7.2540e+01  3.9624e+01
7414.2769  7.2213e+01  3.7710e+01
7415.5273  -4.1747e+00  3.2593e+01
7416.7778  -4.3795e+01  3.5406e+01
7418.0283  -3.4399e+01  3.7278e+01
7419.2783  -5.1133e+00  3.4278e+01
7420.5288  -1.1368e+01  3.0633e+01
7421.7793  1.6389e+01  3.7982e+01
7423.0293  1.7783e+01  3.3873e+01
7424.2798  -4.4199e+01  3.1060e+01
7425.5303  -7.4245e+01  3.5119e+01
7426.7803  -8.5589e+00  3.2190e+01
7428.0308  -5.7307e+01  3.2988e+01
7429.2812  -4.8791e+01  3.9258e+01
7430.5312  -5.8847e+01  6.5986e+01
7431.7817  -3.7816e+01  5.7172e+01
7433.0322  1.9351e+01  3.4867e+01
7434.2827  -1.4439e+01  3.7657e+01
7435.5327  2.0238e+01  3.4757e+01
7436.7832  -2.1625e+01  3.7604e+01
7438.0337  4.0580e+01  4.9187e+01
7439.2837  7.1908e+01  7.4900e+01
7440.5342  5.5562e+00  8.0458e+01
7441.7847  6.8687e+01  4.3977e+01
7443.0347  1.7575e+01  3.1683e+01
7444.2852  -7.4185e+01  3.0970e+01
7445.5356  -6.1351e+01  3.5728e+01
7446.7856  -2.8775e+01  3.3278e+01
7448.0361  -5.6373e+01  3.0956e+01
7449.2866  -3.4355e+01  3.3992e+01
7450.5366  -1.0151e+01  3.5541e+01
7451.7871  -4.4332e+01  3.0990e+01
7453.0376  -4.2054e+01  3.0708e+01
7454.2881  1.6929e+01  3.9942e+01
7455.5381  -1.8581e+01  3.9127e+01
7456.7886  -4.2912e+01  3.4068e+01
7458.0391  -4.8931e+01  3.2362e+01
7459.2891  1.5234e+01  4.0324e+01
7460.5396  -3.5979e+00  3.3371e+01
7461.7900  1.9285e+00  3.9402e+01
7463.0400  5.7586e-01  3.8899e+01
7464.2905  -8.7538e+00  4.0189e+01
7465.5410  1.5260e+01  4.8020e+01
7466.7910  9.2004e+01  5.1862e+01
7468.0415  3.2089e+01  4.7173e+01
7469.2920  -2.1447e+01  3.9702e+01
7470.5425  3.9404e+01  4.5198e+01
7471.7925  -3.7271e+01  5.4232e+01
7473.0430  -6.5267e+01  5.7735e+01
7474.2935  2.1233e+01  6.1376e+01
7475.5435  -5.5343e+00  5.6118e+01
7476.7939  6.1591e+01  4.1339e+01
7478.0444  -3.4158e+00  4.1207e+01
7479.2944  2.9833e+01  4.9503e+01
7480.5449  -3.3827e+01  6.8981e+01
7481.7954  2.7126e+01  5.9920e+01
7483.0454  3.6131e+01  6.7243e+01
7484.2959  -5.0904e+01  7.5400e+01
7485.5464  1.7911e+01  7.1367e+01
7486.7969  1.9751e+01  4.7802e+01
7488.0469  1.1155e+01  4.7606e+01
7489.2974  1.9706e+02  3.8668e+01
7490.5479  3.0828e+02  3.3144e+01
7491.7979  3.8203e+02  3.7151e+01
7493.0483  3.5839e+02  3.4352e+01
7494.2988  3.4667e+02  4.8141e+01
7495.5488  1.7177e+02  4.3590e+01
7496.7993  1.2862e+02  3.4865e+01
7498.0498  7.4482e+01  3.0188e+01
7499.2998  4.2627e+01  3.4425e+01
7500.5503  2.3503e+00  3.7937e+01
7501.8008  6.9415e+01  3.3969e+01
7503.0513  4.4043e+01  3.1420e+01
7504.3013  -4.8894e+00  3.1396e+01
7505.5518  3.0346e+01  3.4291e+01
7506.8022  -1.9730e+00  3.6439e+01
7508.0522  8.9306e-01  2.9562e+01
7509.3027  1.3799e+01  3.2891e+01
7510.5532  -4.2638e+01  3.4247e+01
7511.8032  -5.1371e+01  2.9646e+01
7513.0537  -1.3254e+01  3.9499e+01
7514.3042  -3.3597e+01  3.0242e+01
7515.5542  5.4051e+01  3.0668e+01
7516.8047  -6.4598e+01  3.7971e+01
7518.0552  -7.5900e+01  4.3116e+01
7519.3052  -6.0693e+00  4.4852e+01
7520.5557  -9.1971e+00  4.1110e+01
7521.8062  -6.2021e+01  3.6823e+01
7523.0566  -1.0923e+01  6.6344e+01
7524.3066  -2.6321e+01  1.2730e+02
7525.5571  3.2603e+01  1.0868e+02
7526.8076  9.4943e+01  9.6050e+01
7528.0576  -8.9654e+00  4.8659e+01
7529.3081  4.5864e+01  4.2302e+01
7530.5586  6.4857e+01  5.0193e+01
7531.8086  9.4785e+01  6.2644e+01
7533.0591  7.5793e+01  5.1680e+01
7534.3096  3.9905e+01  3.4521e+01
7535.5596  -3.5995e+01  3.9341e+01
7536.8101  6.9321e+00  3.3954e+01
7538.0605  2.4068e+01  3.6048e+01
7539.3110  -3.9969e+01  3.7053e+01
7540.5610  -6.2575e+01  4.1990e+01
7541.8115  1.1088e+01  4.1717e+01
7543.0620  5.8757e+01  5.0802e+01
7544.3120  4.9220e+00  3.9475e+01
7545.5625  4.1734e+01  3.1718e+01
7546.8130  -2.1662e+01  3.1084e+01
7548.0630  2.6844e+01  4.1672e+01
7549.3135  -1.0841e+02  3.1237e+01
7550.5640  -2.1077e+01  3.6327e+01
7551.8140  -1.0833e+01  3.2975e+01
7553.0645  7.3352e+00  3.2502e+01
7554.3149  3.4992e+01  3.4627e+01
7555.5654  6.9843e+01  3.3273e+01
7556.8154  8.3871e+00  3.7469e+01
7558.0659  2.3108e+01  5.8200e+01
7559.3164  3.5648e+01  5.5366e+01
7560.5664  5.7183e+00  4.2040e+01
7561.8169  -3.1112e+01  3.4197e+01
7563.0674  -1.2498e+01  3.5686e+01
7564.3174  -3.1818e+01  3.8629e+01
7565.5679  -1.7143e+01  3.9583e+01
7566.8184  1.8804e+01  4.8364e+01
7568.0684  2.2969e+00  4.1852e+01
7569.3188  -4.8725e+01  5.1533e+01
7570.5693  -1.9438e+01  5.4534e+01
7571.8193  -2.7213e+01  8.8398e+01
7573.0698  -8.2534e+01  8.9301e+01
7574.3203  1.6996e+01  1.0307e+02
7575.5708  1.2809e+02  4.8382e+01
7576.8208  -2.8870e+01  3.8510e+01
7578.0713  -9.5027e+00  3.6335e+01
7579.3218  -4.9931e+01  3.4019e+01
7580.5718  -6.1501e+01  3.0551e+01
7581.8223  -1.4723e+01  3.4764e+01
7583.0728  -1.4500e+01  4.0093e+01
7584.3228  -9.6748e+00  3.1364e+01
7585.5732  -3.0638e+01  4.4420e+01
7586.8237  4.3340e+01  5.9548e+01
7588.0737  1.3793e+02  6.4901e+01
7589.3242  -4.2130e+01  5.2890e+01
7590.5747  1.2134e+00  3.3316e+01
7591.8252  -4.6254e+00  3.8135e+01
7593.0752  7.3997e+00  3.7261e+01
7594.3257  -8.1608e+01  5.1521e+01
7595.5762  -3.1743e+01  6.0270e+01
7596.8262  7.8632e+01  6.6222e+01
7598.0767  -2.3506e+01  1.0106e+02
7599.3271  -1.1089e+01  1.4530e+02
7600.5771  1.8417e+01  1.4678e+02
7601.8276  -3.4039e+01  1.0924e+02
7603.0781  -2.4870e+01  9.9934e+01
7604.3281  -7.0178e+01  1.0327e+02
7605.5786  -1.4427e+02  1.1676e+02
7606.8291  -8.8764e+01  1.0179e+02
7608.0796  -3.0893e+01  8.7845e+01
7609.3296  1.5435e+02  9.3881e+01
7610.5801  -2.1890e+01  9.2067e+01
7611.8306  1.4871e+02  7.3514e+01
7613.0806  -5.6242e+01  8.6653e+01
7614.3311  -3.7886e+01  5.9185e+01
7615.5815  -4.0185e+01  4.8623e+01
7616.8315  5.3912e+01  5.0489e+01
