# SNR 18.0226
# Quality c
# flux_factor = 1.e-20
6882.8940  3.7512e+01  5.2724e+01
6884.1445  -2.3867e+01  4.5426e+01
6885.3950  4.2130e+00  4.0466e+01
6886.6450  4.4113e+01  3.6287e+01
6887.8955  5.5454e+01  4.8272e+01
6889.1460  -8.2723e+01  5.9971e+01
6890.3960  -1.0928e+02  6.6033e+01
6891.6465  9.5526e+01  6.4462e+01
6892.8970  4.3690e+00  4.0082e+01
6894.1475  -8.8190e+00  4.6101e+01
6895.3975  -5.1546e+00  4.8173e+01
6896.6479  -2.3746e+01  4.1259e+01
6897.8984  -2.1094e+01  3.8306e+01
6899.1484  4.9108e+01  4.1367e+01
6900.3989  4.2754e+01  4.6820e+01
6901.6494  8.6822e+01  6.7870e+01
6902.8994  5.4381e+01  5.9646e+01
6904.1499  6.7127e+00  4.6632e+01
6905.4004  6.0398e+01  3.9096e+01
6906.6504  1.6105e+01  3.4718e+01
6907.9009  3.7882e+01  3.8242e+01
6909.1514  3.6780e+01  3.9853e+01
6910.4014  1.2028e+02  3.4054e+01
6911.6519  3.0596e+01  4.8138e+01
6912.9023  -2.5138e+01  6.5356e+01
6914.1528  1.4566e+02  6.7732e+01
6915.4028  5.3540e+00  4.9651e+01
6916.6533  2.1926e+00  4.4619e+01
6917.9038  1.9128e+01  4.0280e+01
6919.1538  5.1867e+01  3.9504e+01
6920.4043  2.8407e+01  3.3524e+01
6921.6548  4.2847e+01  4.0584e+01
6922.9048  -5.0772e+01  6.1750e+01
6924.1553  -5.9007e+01  8.7751e+01
6925.4058  -1.6382e+00  7.4028e+01
6926.6558  1.6027e+01  5.9698e+01
6927.9062  -6.5025e+01  3.3954e+01
6929.1567  -8.6362e+00  3.7480e+01
6930.4067  2.7203e+01  3.4419e+01
6931.6572  5.8506e+01  3.6276e+01
6932.9077  3.0327e+00  3.2261e+01
6934.1582  -2.0699e+01  3.8036e+01
6935.4082  2.3365e+01  3.4374e+01
6936.6587  2.4253e+01  3.3667e+01
6937.9092  -4.2145e-01  4.0627e+01
6939.1592  -1.2952e+02  4.5257e+01
6940.4097  -3.1853e+01  6.8774e+01
6941.6602  2.3908e+00  5.6871e+01
6942.9102  2.1735e+01  4.4339e+01
6944.1606  -7.1158e+00  4.3719e+01
6945.4111  1.6395e+01  3.9337e+01
6946.6611  1.4914e+01  3.7609e+01
6947.9116  9.4312e+01  4.6803e+01
6949.1621  -1.1936e+02  7.3298e+01
6950.4126  3.1050e+01  9.0832e+01
6951.6626  2.0668e+01  7.3423e+01
6952.9131  3.7064e+01  5.1475e+01
6954.1636  -4.1819e+00  3.5443e+01
6955.4136  -1.1163e+00  4.0867e+01
6956.6641  5.0220e+00  3.9780e+01
6957.9146  -5.7060e+00  4.0374e+01
6959.1646  -3.5282e+01  4.3794e+01
6960.4150  1.7906e+01  3.5265e+01
6961.6655  8.7413e+01  3.8013e+01
6962.9155  3.2667e+01  3.5179e+01
6964.1660  1.1073e+02  3.9606e+01
6965.4165  6.7911e+01  4.5020e+01
6966.6665  6.1474e+01  4.4137e+01
6967.9170  3.0184e+01  3.5853e+01
6969.1675  2.8082e-01  4.2661e+01
6970.4180  1.7177e+01  6.0034e+01
6971.6680  3.1010e+01  5.1197e+01
6972.9185  2.9153e+01  4.1914e+01
6974.1689  -1.8191e+01  4.0667e+01
6975.4189  4.4899e+01  3.3090e+01
6976.6694  6.7969e+01  3.6150e+01
6977.9199  -9.1107e+01  5.6094e+01
6979.1699  -1.2388e+01  7.1470e+01
6980.4204  6.1023e+01  6.5223e+01
6981.6709  -1.1636e+01  4.3095e+01
6982.9209  5.8670e+01  3.5916e+01
6984.1714  1.4800e+00  3.4677e+01
6985.4219  1.1468e+02  3.4634e+01
6986.6724  1.0657e+00  3.4465e+01
6987.9224  -6.2703e+01  4.3295e+01
6989.1729  1.0937e+01  3.6538e+01
6990.4233  9.9506e+01  3.9640e+01
6991.6733  1.1250e+02  3.6543e+01
6992.9238  -7.9468e-01  3.5509e+01
6994.1743  5.5900e+01  3.7640e+01
6995.4243  7.6235e+01  3.8221e+01
6996.6748  1.8129e+02  3.4442e+01
6997.9253  4.2483e+02  3.8441e+01
6999.1753  5.2153e+02  3.8083e+01
7000.4258  4.0001e+02  4.0938e+01
7001.6763  2.1499e+02  4.1564e+01
7002.9263  1.1828e+02  3.6834e+01
7004.1768  6.1794e+01  4.6010e+01
7005.4272  4.6746e+01  4.6461e+01
7006.6777  8.3440e+01  4.7119e+01
7007.9277  8.8286e+01  3.2854e+01
7009.1782  1.2733e+01  3.6819e+01
7010.4287  1.4440e+01  4.4205e+01
7011.6787  2.4564e+01  5.2675e+01
7012.9292  -1.8192e+01  5.8825e+01
7014.1797  -3.1984e+01  3.9845e+01
7015.4297  -1.4008e+01  3.6413e+01
7016.6802  -5.1344e+01  3.5287e+01
7017.9307  -5.0423e+01  3.5713e+01
7019.1807  5.5872e+01  3.5109e+01
7020.4312  -1.4570e+00  4.2095e+01
7021.6816  1.6350e+00  3.4431e+01
7022.9321  4.4684e+01  3.8256e+01
7024.1821  3.6519e+01  3.6233e+01
7025.4326  -6.5001e+01  3.3973e+01
7026.6831  -1.1929e+01  3.2502e+01
7027.9331  -3.5988e+01  3.8577e+01
7029.1836  -2.0538e+01  3.7193e+01
7030.4341  -3.8010e+01  3.4782e+01
7031.6841  -1.2424e+01  4.7921e+01
7032.9346  -1.2282e+01  4.0798e+01
7034.1851  -4.3648e+01  3.1280e+01
7035.4351  -2.6002e+01  3.6401e+01
7036.6855  -6.7214e+01  3.1416e+01
7037.9360  2.3453e+01  3.1260e+01
7039.1860  -1.9660e+01  4.1465e+01
7040.4365  -2.4167e+01  4.1351e+01
7041.6870  -3.1287e-01  3.7184e+01
7042.9375  -7.7215e+01  4.5312e+01
7044.1875  -2.1728e+00  3.6589e+01
7045.4380  -4.5869e+01  3.9162e+01
7046.6885  -1.9804e+00  3.6765e+01
7047.9385  4.1987e+01  4.4819e+01
7049.1890  6.2384e+01  5.1853e+01
7050.4395  3.0389e+01  4.5338e+01
7051.6895  -3.2431e+01  3.9757e+01
7052.9399  1.7839e+01  4.5052e+01
7054.1904  4.9175e+01  4.1047e+01
7055.4404  6.3486e+01  3.6604e+01
7056.6909  -2.5488e+01  3.4391e+01
7057.9414  -5.0421e+01  4.1365e+01
7059.1919  4.7540e+01  3.5227e+01
7060.4419  -4.1095e+01  3.3989e+01
7061.6924  -6.3387e+00  3.4312e+01
7062.9429  -1.9056e+01  4.2456e+01
7064.1929  -4.2269e+01  3.6625e+01
7065.4434  3.1859e+01  4.3068e+01
7066.6938  2.2460e+01  4.0755e+01
7067.9438  8.6167e+01  3.7400e+01
7069.1943  5.9800e+01  3.6470e+01
7070.4448  4.7833e+01  3.7657e+01
7071.6948  2.6694e+01  3.9943e+01
7072.9453  8.8925e+00  3.5029e+01
7074.1958  5.2797e-01  3.5833e+01
7075.4458  2.5902e+01  3.8004e+01
7076.6963  -1.7210e+01  3.8661e+01
7077.9468  -1.3400e+01  3.8102e+01
7079.1973  -1.9497e+01  3.6834e+01
7080.4473  6.0888e+00  3.7334e+01
7081.6978  -5.8568e+00  3.8978e+01
7082.9482  3.5440e+01  3.8546e+01
7084.1982  2.8732e+01  4.3779e+01
7085.4487  2.8060e+01  3.7232e+01
7086.6992  7.9247e+00  3.6354e+01
7087.9492  -8.8096e+01  3.4998e+01
7089.1997  -2.8641e+00  4.0566e+01
7090.4502  -4.4236e+01  4.0738e+01
7091.7002  1.6345e+01  3.7174e+01
7092.9507  8.8871e+00  4.2060e+01
7094.2012  -3.6576e+01  3.3145e+01
7095.4517  -4.7804e+01  3.5457e+01
7096.7017  1.0461e+01  3.3697e+01
7097.9521  -3.7231e+00  4.0843e+01
7099.2026  1.7922e+01  4.6035e+01
7100.4526  1.3947e+01  3.4250e+01
7101.7031  -6.3685e+01  3.6529e+01
7102.9536  -5.0858e+01  3.4850e+01
7104.2036  -2.9829e+01  3.4055e+01
7105.4541  2.6654e+00  3.1896e+01
7106.7046  1.3705e+01  4.2424e+01
7107.9546  1.9974e+00  3.1150e+01
7109.2051  4.7118e+01  3.6048e+01
7110.4556  1.2539e+00  4.2021e+01
7111.7056  5.9424e+01  4.1608e+01
7112.9561  -1.8275e+01  3.4608e+01
7114.2065  -5.2804e+01  4.0036e+01
7115.4570  -9.6611e+01  3.3714e+01
