# SNR 9.5150
# Quality c
# flux_factor = 1.e-20
6970.9321  -3.8702e+01  1.1345e+02
6972.1826  2.5242e+01  1.3229e+02
6973.4326  1.5246e+02  1.2986e+02
6974.6831  6.0797e+01  1.0591e+02
6975.9336  2.8618e+01  9.8633e+01
6977.1836  2.1792e+02  9.9931e+01
6978.4341  -5.0609e+01  1.0384e+02
6979.6846  1.4402e+01  1.3735e+02
6980.9346  -7.3110e+01  2.2005e+02
6982.1851  1.2432e+02  1.8633e+02
6983.4355  4.2808e+01  1.0742e+02
6984.6855  -8.1738e+01  9.9567e+01
6985.9360  -3.4321e+00  1.0098e+02
6987.1865  -1.0917e+02  1.0076e+02
6988.4365  -1.1868e+01  1.0119e+02
6989.6870  1.5733e+01  1.0214e+02
6990.9375  2.8148e+01  9.9599e+01
6992.1880  4.4478e+01  9.8409e+01
6993.4380  -7.2554e+01  9.9669e+01
6994.6885  -1.1989e+02  9.8611e+01
6995.9390  4.3700e+01  9.7918e+01
6997.1890  7.4427e+01  9.8243e+01
6998.4395  -1.0126e+02  1.0066e+02
6999.6899  -1.2830e+02  1.0271e+02
7000.9399  1.9252e+01  1.0070e+02
7002.1904  3.3737e+01  1.0015e+02
7003.4409  -7.5418e+01  1.0060e+02
7004.6909  -2.8527e+01  1.0444e+02
7005.9414  -7.6334e+00  1.2275e+02
7007.1919  6.7481e+01  1.2351e+02
7008.4424  -7.2150e+01  1.0283e+02
7009.6924  -2.5852e+01  9.6993e+01
7010.9429  -1.7119e+02  9.7861e+01
7012.1934  7.4727e+01  1.0900e+02
7013.4434  -1.1881e+02  1.3917e+02
7014.6938  -8.4998e+00  1.4219e+02
7015.9443  3.0822e+01  1.0976e+02
7017.1943  2.5776e+01  9.7161e+01
7018.4448  7.9391e+01  9.5865e+01
7019.6953  -3.0715e+01  9.6092e+01
7020.9453  -3.9491e+01  9.7532e+01
7022.1958  -1.0200e+02  9.6313e+01
7023.4463  -5.9227e+01  9.6753e+01
7024.6963  -7.9783e+01  9.6874e+01
7025.9468  -4.3026e+01  9.6595e+01
7027.1973  -1.3819e+02  9.5571e+01
7028.4478  -2.6820e+01  9.6949e+01
7029.6978  9.4110e+01  9.7265e+01
7030.9482  8.1807e+00  9.8083e+01
7032.1987  -9.6901e+00  1.0016e+02
7033.4487  7.9574e-01  9.8687e+01
7034.6992  -1.1389e+02  9.6949e+01
7035.9497  -9.6073e+01  9.6372e+01
7037.1997  3.0926e+00  9.6531e+01
7038.4502  1.2168e+02  9.6479e+01
7039.7007  -2.9912e+01  9.7021e+01
7040.9507  -1.1251e+02  9.7340e+01
7042.2012  -8.3151e+01  9.9959e+01
7043.4517  -1.6938e+02  1.1106e+02
7044.7021  5.3314e+01  1.1127e+02
7045.9521  8.9192e+01  1.0062e+02
7047.2026  3.1613e+01  9.9864e+01
7048.4531  -3.0735e+01  1.0793e+02
7049.7031  4.6124e+01  1.2423e+02
7050.9536  -4.3962e+00  1.3203e+02
7052.2041  4.1929e+01  1.2191e+02
7053.4541  1.7172e+00  1.0986e+02
7054.7046  4.7401e+01  1.0737e+02
7055.9551  -1.3482e+02  1.0611e+02
7057.2051  -2.1089e+01  1.0346e+02
7058.4556  -6.5533e+01  9.9946e+01
7059.7061  -1.4449e+01  9.8856e+01
7060.9561  -4.3447e+00  9.7657e+01
7062.2065  -5.5925e+01  9.9937e+01
7063.4570  1.0484e+02  1.0108e+02
7064.7075  -5.3112e+00  1.0284e+02
7065.9575  -4.3722e+01  1.0510e+02
7067.2080  -1.0591e+02  1.0261e+02
7068.4585  7.9234e+00  1.0472e+02
7069.7085  -5.6004e+01  1.0605e+02
7070.9590  5.4462e+00  1.0289e+02
7072.2095  7.5547e+01  1.0380e+02
7073.4595  -8.2938e+01  1.0430e+02
7074.7100  -4.8008e+01  1.0129e+02
7075.9604  -1.2207e+02  1.0420e+02
7077.2104  9.9889e+01  1.0514e+02
7078.4609  5.4666e+01  1.0037e+02
7079.7114  -2.8367e+00  1.0169e+02
7080.9619  1.8171e+02  1.0389e+02
7082.2119  -3.4588e+01  1.0152e+02
7083.4624  -4.1255e+01  1.0246e+02
7084.7129  -3.3182e+01  1.1031e+02
7085.9629  8.6962e+01  1.0926e+02
7087.2134  1.8988e+02  9.9581e+01
7088.4639  5.9098e+02  9.8779e+01
7089.7139  4.9889e+02  1.0532e+02
7090.9644  2.8056e+02  1.1435e+02
7092.2148  3.8116e+02  1.1276e+02
7093.4648  2.2127e+02  1.0393e+02
7094.7153  2.0222e+02  1.0067e+02
7095.9658  5.4089e+01  9.9384e+01
7097.2158  1.2380e+02  9.7865e+01
7098.4663  9.2523e+01  9.6586e+01
7099.7168  2.3319e+01  9.8065e+01
7100.9673  -1.1840e+02  9.7860e+01
7102.2173  -4.2381e+01  9.7109e+01
7103.4678  -5.9110e+01  9.7412e+01
7104.7183  4.5658e+01  9.7616e+01
7105.9683  -7.2097e+01  9.7345e+01
7107.2188  5.1429e+01  9.7435e+01
7108.4692  6.4694e+01  9.6854e+01
7109.7192  -3.3288e+01  9.7512e+01
7110.9697  -4.3478e+01  9.8006e+01
7112.2202  2.2399e+01  9.8318e+01
7113.4702  5.6028e+01  9.7828e+01
7114.7207  7.4434e+01  9.7489e+01
7115.9712  4.0610e+01  9.6737e+01
7117.2217  1.0799e+02  9.6249e+01
7118.4717  3.4259e+00  9.7313e+01
7119.7222  1.2936e+01  9.7120e+01
7120.9727  -4.6853e+01  9.6563e+01
7122.2227  -1.1242e+02  9.6118e+01
7123.4731  4.3149e+01  9.6338e+01
7124.7236  -1.3254e+02  9.7019e+01
7125.9736  -1.0369e+02  9.6622e+01
7127.2241  1.0315e+02  9.6742e+01
7128.4746  1.8128e+00  9.8904e+01
7129.7246  6.2985e+01  1.0568e+02
7130.9751  3.6525e+01  1.0428e+02
7132.2256  2.3730e+01  9.8622e+01
7133.4756  -3.0941e+01  9.8388e+01
7134.7261  -9.8807e+01  1.0437e+02
7135.9766  -9.0216e+01  1.0645e+02
7137.2271  9.2647e+01  1.0005e+02
7138.4771  1.3878e+02  9.7274e+01
7139.7275  1.1440e+02  9.5333e+01
7140.9780  4.8611e+01  9.5842e+01
7142.2280  -2.8602e+01  9.6184e+01
7143.4785  6.4421e+01  1.0092e+02
7144.7290  4.0817e+01  1.0702e+02
7145.9790  1.0025e+02  1.1042e+02
7147.2295  -1.0575e+02  1.1141e+02
7148.4800  -1.7519e+02  1.0872e+02
7149.7300  3.2195e+00  1.0701e+02
7150.9805  3.9406e+01  1.0507e+02
7152.2310  3.0298e+01  1.0321e+02
7153.4814  -1.3848e+02  1.0122e+02
7154.7314  2.6357e+01  9.9157e+01
7155.9819  -1.7943e+02  9.7751e+01
7157.2324  2.5383e+01  9.6011e+01
7158.4824  -1.1304e+02  9.8327e+01
7159.7329  -4.0191e+00  9.9675e+01
7160.9834  -4.9480e+01  1.0164e+02
7162.2334  -2.2319e+01  1.0127e+02
7163.4839  -2.3247e+00  1.0216e+02
7164.7344  -2.7851e+01  1.0476e+02
7165.9844  3.5178e+01  1.0157e+02
7167.2349  6.9942e+00  1.0009e+02
7168.4854  -1.3815e+02  1.0565e+02
7169.7354  1.6476e+02  1.0485e+02
7170.9858  2.2003e+00  1.0246e+02
7172.2363  5.5389e+01  1.0655e+02
7173.4868  -2.2926e+00  1.0541e+02
7174.7368  4.3440e+01  1.0247e+02
7175.9873  -2.7748e+01  1.0734e+02
7177.2378  9.8042e+01  1.0908e+02
7178.4878  -9.5275e+01  1.0974e+02
7179.7383  7.4780e+01  1.0799e+02
7180.9888  -4.5661e+01  1.0699e+02
7182.2388  6.0497e+01  1.0575e+02
7183.4893  1.3960e+02  1.0662e+02
7184.7397  7.4691e+00  1.0616e+02
7185.9897  8.4021e+00  1.0547e+02
7187.2402  8.1286e+01  1.0653e+02
7188.4907  -2.1145e+01  1.0716e+02
7189.7412  1.3710e+02  1.0543e+02
7190.9912  6.6871e+01  1.0340e+02
7192.2417  7.9276e+01  1.0138e+02
7193.4922  -1.4156e+01  1.0219e+02
7194.7422  2.5396e+01  1.0294e+02
7195.9927  8.1774e+01  1.0347e+02
7197.2432  -5.7055e+01  1.0223e+02
7198.4932  5.8908e+01  1.0010e+02
7199.7437  1.6208e+02  1.0003e+02
7200.9941  1.5513e+02  1.0212e+02
7202.2441  7.2822e+00  1.0578e+02
7203.4946  -2.8817e+01  1.0675e+02
7204.7451  -1.2737e+02  1.0266e+02
7205.9951  -8.5881e+01  1.0151e+02
