# SNR 13.9092
# Quality c
# flux_factor = 1.e-20
6246.8242  1.2067e+02  8.0179e+01
6248.0747  -2.4419e+01  7.5988e+01
6249.3252  -8.8379e+01  7.8094e+01
6250.5752  1.5979e+01  7.8494e+01
6251.8257  -1.6354e+02  7.5811e+01
6253.0762  -1.1088e+02  7.4598e+01
6254.3262  -3.6792e+01  7.4912e+01
6255.5767  -5.2609e+01  7.4039e+01
6256.8271  -5.1747e+01  7.6602e+01
6258.0771  -6.5778e+01  8.9192e+01
6259.3276  7.2108e+01  1.3199e+02
6260.5781  4.3585e+01  1.3135e+02
6261.8281  1.7638e+02  8.7857e+01
6263.0786  3.4359e+01  7.8139e+01
6264.3291  -1.6862e+02  7.7699e+01
6265.5791  -4.3249e+01  8.1318e+01
6266.8296  4.1342e+01  9.1766e+01
6268.0801  -1.1998e+02  8.8564e+01
6269.3306  -8.4615e+01  7.9831e+01
6270.5806  -1.6471e+01  7.9206e+01
6271.8311  -4.4621e+01  7.6708e+01
6273.0815  -1.0183e+02  7.5207e+01
6274.3315  -3.9399e+01  7.5135e+01
6275.5820  -1.1094e+02  7.6888e+01
6276.8325  1.1030e+02  7.9596e+01
6278.0825  4.7201e+01  8.3472e+01
6279.3330  -6.9845e+01  8.4453e+01
6280.5835  -2.6538e+01  8.4423e+01
6281.8335  4.0047e+01  7.8669e+01
6283.0840  -2.9932e+01  7.7025e+01
6284.3345  -1.2402e+00  7.5821e+01
6285.5845  -1.8554e+02  7.4931e+01
6286.8350  -1.4140e+02  7.7416e+01
6288.0854  1.8078e+02  9.2863e+01
6289.3359  1.4468e+02  1.2854e+02
6290.5859  2.5900e+01  1.0062e+02
6291.8364  1.1857e+01  8.0537e+01
6293.0869  -1.7167e+01  7.6735e+01
6294.3369  2.9387e+01  7.5978e+01
6295.5874  -1.0752e+01  7.6436e+01
6296.8379  7.3192e+00  7.7160e+01
6298.0879  2.4608e+01  8.2768e+01
6299.3384  -1.1030e+02  9.6085e+01
6300.5889  -4.4928e+01  1.5599e+02
6301.8389  2.6806e+01  2.3319e+02
6303.0894  -7.9215e+01  2.1860e+02
6304.3398  4.7015e+01  1.1854e+02
6305.5898  -5.4270e+01  7.6242e+01
6306.8403  3.1122e+00  8.1951e+01
6308.0908  1.3211e+02  1.2443e+02
6309.3413  -7.1946e+01  1.3480e+02
6310.5913  -6.3465e+01  9.0783e+01
6311.8418  4.1960e+01  7.5504e+01
6313.0923  2.8304e+01  7.3895e+01
6314.3423  7.9876e+01  7.3650e+01
6315.5928  8.5350e+01  7.3392e+01
6316.8433  1.2082e+02  7.3610e+01
6318.0933  2.1047e+01  7.2492e+01
6319.3438  -7.7762e+01  7.2632e+01
6320.5942  -1.2151e+02  7.3391e+01
6321.8442  -3.6418e+01  7.8470e+01
6323.0947  4.4389e+01  8.8693e+01
6324.3452  -2.4385e+01  8.5796e+01
6325.5952  -5.9944e+00  7.5218e+01
6326.8457  -1.0229e+02  7.3152e+01
6328.0962  6.6846e+01  7.4269e+01
6329.3467  -5.4425e+01  7.6402e+01
6330.5967  -3.9046e+01  9.4253e+01
6331.8472  2.2522e+02  1.2648e+02
6333.0977  1.1182e+02  9.5470e+01
6334.3477  -6.9897e+01  7.5348e+01
6335.5981  -3.4586e+01  7.2817e+01
6336.8486  7.5669e-01  7.2053e+01
6338.0986  -4.6041e+01  7.2615e+01
6339.3491  7.4604e+01  7.2543e+01
6340.5996  -6.0751e+01  7.3106e+01
6341.8496  -2.2926e+01  7.3234e+01
6343.1001  -4.1197e+01  7.3910e+01
6344.3506  2.1574e+00  7.4151e+01
6345.6006  -5.2612e+01  7.4119e+01
6346.8511  2.8798e+00  7.3331e+01
6348.1016  6.5163e+00  7.3671e+01
6349.3521  2.3572e+02  7.8953e+01
6350.6021  4.4463e+02  8.4546e+01
6351.8525  4.7644e+02  7.8750e+01
6353.1030  5.3873e+02  7.3642e+01
6354.3530  3.6413e+02  7.1986e+01
6355.6035  1.7114e+02  7.2862e+01
6356.8540  2.0203e+02  8.2505e+01
6358.1040  1.3989e+02  9.5919e+01
6359.3545  6.2838e+01  8.9506e+01
6360.6050  -1.6362e+01  7.5171e+01
6361.8550  -7.4477e+01  7.3271e+01
6363.1055  -6.5200e+01  7.5700e+01
6364.3560  4.6221e+01  1.1050e+02
6365.6060  1.5712e+01  1.4758e+02
6366.8564  1.4704e+01  1.2895e+02
6368.1069  -1.8352e+00  7.8405e+01
6369.3574  -1.0457e+02  7.2225e+01
6370.6074  -5.8677e+01  7.1277e+01
6371.8579  3.0706e+01  7.1745e+01
6373.1084  4.3715e+01  7.0854e+01
6374.3584  -1.2492e+02  7.1463e+01
6375.6089  -4.6812e+01  7.1598e+01
6376.8594  -8.2180e+01  7.1720e+01
6378.1094  7.8107e+01  7.1568e+01
6379.3599  -4.4777e+01  7.2413e+01
6380.6104  -3.6228e+01  7.6773e+01
6381.8604  8.9534e-01  7.7774e+01
6383.1108  -1.0200e+02  7.3339e+01
6384.3613  5.5251e+00  7.2039e+01
6385.6113  -1.0087e+01  7.2214e+01
6386.8618  -1.5105e+01  7.6397e+01
6388.1123  2.2244e+01  8.4596e+01
6389.3628  -1.3856e+01  8.1423e+01
6390.6128  1.3635e+01  7.2595e+01
6391.8633  7.0521e+00  7.0426e+01
6393.1138  -1.0482e+01  7.0278e+01
6394.3638  -4.2282e+01  7.0695e+01
6395.6143  -1.2574e+02  7.0312e+01
6396.8647  -1.0452e+02  7.0512e+01
6398.1147  5.8614e+00  6.9770e+01
6399.3652  -1.3837e+01  7.0549e+01
6400.6157  -4.1304e+01  6.9704e+01
6401.8657  -3.0615e+01  6.8633e+01
6403.1162  4.3098e+01  6.8605e+01
6404.3667  1.4936e+01  6.9309e+01
6405.6167  -2.7590e+01  6.9194e+01
6406.8672  -2.0580e+01  6.9407e+01
6408.1177  3.5297e+01  6.9059e+01
6409.3682  -6.0798e+01  6.8998e+01
6410.6182  -5.0527e+01  6.8764e+01
6411.8687  -4.2414e+01  6.8543e+01
6413.1191  6.4044e+01  6.8749e+01
6414.3691  1.0698e+02  7.0816e+01
6415.6196  -9.0557e+00  7.2446e+01
6416.8701  1.0009e+01  7.0875e+01
6418.1201  1.5253e+01  6.8371e+01
6419.3706  1.5164e+01  6.7969e+01
6420.6211  1.0952e+01  7.0590e+01
6421.8711  -7.3863e+01  7.4658e+01
6423.1216  -5.9548e+00  7.3888e+01
6424.3721  -1.9484e+01  6.9222e+01
6425.6226  -6.3339e+01  6.8155e+01
6426.8726  -6.3055e+01  6.8621e+01
6428.1230  -9.1563e+01  6.8485e+01
6429.3735  -2.5987e+01  6.8674e+01
6430.6235  -6.2264e+01  6.8026e+01
6431.8740  -9.0760e+01  6.7318e+01
6433.1245  -1.4611e+02  6.7261e+01
6434.3745  -3.5761e+01  6.7244e+01
6435.6250  -1.5991e+02  6.8603e+01
6436.8755  -1.1129e+02  6.8257e+01
6438.1255  5.1295e+01  6.8397e+01
6439.3760  6.0276e+01  6.7550e+01
6440.6265  2.1363e+01  6.7077e+01
6441.8765  -5.6490e+01  6.7171e+01
6443.1270  -9.2144e+01  6.7454e+01
6444.3774  3.8901e+00  6.7835e+01
6445.6279  -5.0061e+01  6.7084e+01
6446.8779  -1.4353e+01  6.8289e+01
6448.1284  -4.5695e+00  6.6952e+01
6449.3789  -8.2784e+01  6.7606e+01
6450.6289  2.1343e+01  6.8246e+01
6451.8794  1.7418e+01  6.8340e+01
6453.1299  -7.3597e+01  6.9676e+01
6454.3799  2.0754e+01  7.1657e+01
6455.6304  3.1774e+01  7.0167e+01
6456.8809  7.2233e+01  6.9389e+01
