# SNR 11.8434
# Quality c
# flux_factor = 1.e-20
5948.2061  2.0925e+02  2.0740e+02
5949.4565  -2.9764e+00  2.0024e+02
5950.7070  -1.7598e+02  1.8343e+02
5951.9570  -1.6514e+02  1.8111e+02
5953.2075  -1.1496e+02  1.8517e+02
5954.4580  -2.1785e+02  2.1066e+02
5955.7080  1.0715e+02  2.3780e+02
5956.9585  3.9700e+01  2.2078e+02
5958.2090  -1.0017e+02  1.8719e+02
5959.4590  -2.3665e+02  1.7970e+02
5960.7095  -1.1124e+02  1.8018e+02
5961.9600  1.9092e+01  1.8188e+02
5963.2100  3.8113e+01  1.8101e+02
5964.4604  8.7910e+01  1.8098e+02
5965.7109  -1.5226e+02  1.8023e+02
5966.9614  -2.0099e+02  1.8032e+02
5968.2114  -7.5663e+00  1.8031e+02
5969.4619  -1.9549e+02  1.7978e+02
5970.7124  -9.1804e+01  1.8348e+02
5971.9624  -1.7317e+01  1.9710e+02
5973.2129  -1.6487e+02  1.9692e+02
5974.4634  -1.2061e+02  1.8573e+02
5975.7134  -3.7810e+01  1.8100e+02
5976.9639  8.6433e+01  1.8110e+02
5978.2144  -1.3939e+02  1.9809e+02
5979.4644  2.5761e+02  2.1558e+02
5980.7148  -2.7561e+02  2.0158e+02
5981.9653  -2.9690e+02  1.8180e+02
5983.2153  -9.3389e+01  1.8005e+02
5984.4658  1.6810e+02  1.8073e+02
5985.7163  5.8743e+01  1.7733e+02
5986.9663  -2.4510e+02  1.7752e+02
5988.2168  -1.3493e+02  1.7748e+02
5989.4673  -1.3012e+02  1.7753e+02
5990.7178  4.2658e+01  1.7766e+02
5991.9678  -9.6183e+01  1.7724e+02
5993.2183  1.6230e+02  1.7651e+02
5994.4688  -5.1698e+01  1.7563e+02
5995.7188  -3.4743e+01  1.7652e+02
5996.9692  2.0643e+01  1.7470e+02
5998.2197  8.4001e+01  1.7864e+02
5999.4697  1.4002e+02  1.8447e+02
6000.7202  5.8597e+01  1.8477e+02
6001.9707  -2.1904e+02  1.7725e+02
6003.2207  -5.0606e+01  1.7594e+02
6004.4712  -9.7723e+01  1.7888e+02
6005.7217  -9.7833e+00  1.9255e+02
6006.9717  1.6884e+01  1.9316e+02
6008.2222  -2.8948e+01  1.7890e+02
6009.4727  -1.2926e+02  1.7322e+02
6010.7231  6.9745e+01  1.7085e+02
6011.9731  -1.0014e+02  1.7160e+02
6013.2236  -9.2367e+01  1.7268e+02
6014.4741  2.5167e+02  1.7507e+02
6015.7241  9.7350e+01  1.7169e+02
6016.9746  1.0307e+02  1.7298e+02
6018.2251  1.3078e+02  1.7081e+02
6019.4751  -1.2354e+02  1.7196e+02
6020.7256  -1.0714e+02  1.7147e+02
6021.9761  -1.3237e+02  1.6993e+02
6023.2261  -9.3582e+00  1.7187e+02
6024.4766  6.7061e+01  1.7114e+02
6025.7271  1.9981e+02  1.7028e+02
6026.9771  -4.9746e+01  1.6957e+02
6028.2275  3.0311e+02  1.7216e+02
6029.4780  -5.7231e+01  1.7408e+02
6030.7280  3.3687e+02  1.7575e+02
6031.9785  -1.5899e+01  1.7529e+02
6033.2290  1.3230e+02  1.7070e+02
6034.4795  9.7488e+01  1.7204e+02
6035.7295  1.2795e+02  1.7989e+02
6036.9800  4.4881e+02  1.8295e+02
6038.2305  6.2356e+02  1.7436e+02
6039.4805  5.2776e+02  1.7057e+02
6040.7310  2.0254e+02  1.7039e+02
6041.9814  5.7085e+01  1.7027e+02
6043.2314  5.1008e+01  1.7092e+02
6044.4819  2.0400e+02  1.6996e+02
6045.7324  3.9072e+02  1.7086e+02
6046.9824  8.8144e+02  1.6838e+02
6048.2329  1.0122e+03  1.6897e+02
6049.4834  9.2953e+02  1.6880e+02
6050.7334  7.0791e+02  1.6832e+02
6051.9839  4.5312e+02  1.6761e+02
6053.2344  4.3538e+02  1.6974e+02
6054.4849  3.8713e+02  1.6703e+02
6055.7349  3.0756e+02  1.6737e+02
6056.9854  2.3405e+02  1.6805e+02
6058.2358  1.9463e+02  1.6759e+02
6059.4858  2.4790e+02  1.6966e+02
6060.7363  2.7406e+02  1.6759e+02
6061.9868  2.0455e+02  1.6919e+02
6063.2368  1.7459e+02  1.6893e+02
6064.4873  6.4921e+01  1.7271e+02
6065.7378  1.9116e+02  1.7077e+02
6066.9878  5.3023e+01  1.6594e+02
6068.2383  1.3833e+02  1.6672e+02
6069.4888  1.3112e+02  1.7407e+02
6070.7388  -8.1667e+00  1.7122e+02
6071.9893  -4.0291e+01  1.6850e+02
6073.2397  1.5802e+02  1.6564e+02
6074.4902  7.5916e+00  1.6651e+02
6075.7402  -1.3477e+01  1.6685e+02
6076.9907  1.9522e+02  1.6618e+02
6078.2412  -6.3457e+01  1.6564e+02
6079.4912  4.1780e+01  1.6663e+02
6080.7417  3.4719e+02  1.6426e+02
6081.9922  2.7306e+02  1.6536e+02
6083.2422  1.4962e+02  1.6456e+02
6084.4927  1.2402e+02  1.6487e+02
6085.7432  -5.4877e+01  1.6384e+02
6086.9932  -1.3039e+02  1.6343e+02
6088.2437  -3.9870e+01  1.6303e+02
6089.4941  8.6964e+01  1.6448e+02
6090.7441  1.3809e+02  1.6398e+02
6091.9946  -9.5419e+00  1.6274e+02
6093.2451  -5.7922e-02  1.6336e+02
6094.4956  8.5926e+01  1.6349e+02
6095.7456  -2.0867e-01  1.6375e+02
6096.9961  5.8925e+01  1.6608e+02
6098.2466  9.6215e+01  1.6771e+02
6099.4966  -1.5328e+02  1.6662e+02
6100.7471  1.4666e+02  1.6634e+02
6101.9976  1.0991e+02  1.6655e+02
6103.2476  -1.4223e+02  1.6582e+02
6104.4980  -1.3009e+02  1.6263e+02
6105.7485  -1.6683e+01  1.6728e+02
6106.9985  1.7713e+02  1.6720e+02
6108.2490  8.8124e+01  1.6484e+02
6109.4995  3.2556e+01  1.6298e+02
6110.7495  -1.8958e+02  1.6246e+02
6112.0000  1.3866e+02  1.6239e+02
6113.2505  -3.5447e+01  1.6360e+02
6114.5005  1.6962e+02  1.6391e+02
6115.7510  -1.7412e+02  1.6364e+02
6117.0015  4.9093e+01  1.6197e+02
6118.2520  -1.5771e+02  1.6059e+02
6119.5020  -5.6772e+01  1.6066e+02
6120.7524  -1.2938e+02  1.6089e+02
6122.0029  -9.1345e+01  1.6023e+02
6123.2529  -3.3692e+01  1.6030e+02
6124.5034  5.4349e+01  1.5870e+02
6125.7539  1.3301e+02  1.5874e+02
6127.0039  1.9196e+01  1.6009e+02
6128.2544  -1.4523e+02  1.6063e+02
6129.5049  -2.2198e+01  1.5958e+02
6130.7549  1.5259e+02  1.6088e+02
6132.0054  1.0294e+02  1.5907e+02
6133.2559  2.9807e+01  1.5893e+02
6134.5059  1.9680e+02  1.5927e+02
6135.7563  1.7741e+01  1.5944e+02
6137.0068  -1.5600e+02  1.6090e+02
6138.2573  -1.9514e+01  1.6335e+02
6139.5073  2.4034e+02  1.6734e+02
6140.7578  6.8724e+01  1.7148e+02
6142.0083  3.3928e+01  1.7377e+02
6143.2583  1.8564e+02  1.6814e+02
6144.5088  6.4939e+01  1.6215e+02
6145.7593  -1.1633e+02  1.7450e+02
6147.0093  4.3283e+01  1.7865e+02
6148.2598  -6.7098e+01  1.6763e+02
