# SNR 8.8692
# Quality c
# flux_factor = 1.e-20
6146.4438  -4.1513e+01  1.1943e+02
6147.6943  -2.9680e+01  1.1206e+02
6148.9443  4.5119e+01  1.0975e+02
6150.1948  -2.2973e+01  1.0988e+02
6151.4453  -3.6915e+01  1.1372e+02
6152.6953  -1.9290e+02  1.1294e+02
6153.9458  -2.1274e+02  1.1078e+02
6155.1963  2.7019e+01  1.1405e+02
6156.4468  -1.7431e+01  1.2871e+02
6157.6968  -3.2096e+01  1.4592e+02
6158.9473  -7.0484e-01  1.4680e+02
6160.1978  -1.6169e+01  1.2922e+02
6161.4478  -1.4429e+01  1.1243e+02
6162.6982  -1.3573e+02  1.0804e+02
6163.9487  -1.3046e+02  1.0668e+02
6165.1987  -2.0080e+01  1.0696e+02
6166.4492  -4.4611e+01  1.0843e+02
6167.6997  -2.9667e+01  1.0809e+02
6168.9497  1.4042e+02  1.0937e+02
6170.2002  -4.3657e+01  1.2022e+02
6171.4507  -4.0094e+01  1.3198e+02
6172.7007  5.6760e+01  1.2426e+02
6173.9512  -2.3299e+00  1.1140e+02
6175.2017  -2.0207e+02  1.0977e+02
6176.4521  2.2948e+01  1.1446e+02
6177.7021  9.7529e+01  1.1524e+02
6178.9526  -3.0609e+01  1.1018e+02
6180.2031  -7.6803e+01  1.0692e+02
6181.4531  1.6139e+02  1.0724e+02
6182.7036  -1.3893e+02  1.0789e+02
6183.9541  -1.0758e+02  1.0898e+02
6185.2041  -1.9208e+02  1.1100e+02
6186.4546  -1.0474e+01  1.1016e+02
6187.7051  5.3816e+01  1.0784e+02
6188.9551  4.9184e+01  1.0792e+02
6190.2056  -2.5939e+00  1.0855e+02
6191.4561  5.7924e+01  1.0653e+02
6192.7061  -6.3417e+01  1.0827e+02
6193.9565  7.7132e+01  1.1292e+02
6195.2070  1.6591e+02  1.1081e+02
6196.4575  1.3124e+01  1.0729e+02
6197.7075  7.3352e+01  1.0590e+02
6198.9580  -7.7386e+01  1.0625e+02
6200.2085  -1.2662e+02  1.0603e+02
6201.4585  -1.2424e+02  1.0847e+02
6202.7090  -1.8910e+02  1.2044e+02
6203.9595  -1.7880e+02  1.2699e+02
6205.2095  -2.8401e+01  1.1690e+02
6206.4600  -7.2544e+01  1.0675e+02
6207.7104  -7.3813e+01  1.0777e+02
6208.9604  1.5994e+01  1.0645e+02
6210.2109  3.3960e+01  1.0642e+02
6211.4614  -1.1090e+02  1.0667e+02
6212.7114  5.5693e+00  1.0967e+02
6213.9619  8.5896e+01  1.1393e+02
6215.2124  6.2677e+01  1.1070e+02
6216.4629  -2.6000e+01  1.0634e+02
6217.7129  -1.5225e+02  1.0688e+02
6218.9634  -1.2600e+02  1.0612e+02
6220.2139  -2.8371e+01  1.0751e+02
6221.4639  -5.7084e+01  1.1781e+02
6222.7144  -1.1440e+02  1.2972e+02
6223.9648  -6.3312e+01  1.2056e+02
6225.2148  -1.2871e+01  1.0877e+02
6226.4653  -4.4052e+01  1.0625e+02
6227.7158  1.1392e+02  1.0514e+02
6228.9658  5.9243e+01  1.0496e+02
6230.2163  2.0275e+02  1.0487e+02
6231.4668  6.2317e+01  1.0490e+02
6232.7168  1.3610e+02  1.0709e+02
6233.9673  -2.2592e+01  1.2174e+02
6235.2178  7.7213e+01  1.4878e+02
6236.4678  1.1052e+01  1.9359e+02
6237.7183  -8.2886e+01  1.5941e+02
6238.9688  1.5644e+02  1.3364e+02
6240.2192  6.8364e+01  1.2125e+02
6241.4692  9.2287e+01  1.2615e+02
6242.7197  1.4795e+02  1.2769e+02
6243.9702  -6.8267e+01  1.2593e+02
6245.2202  -6.7324e+01  1.2120e+02
6246.4707  -8.1706e+01  1.0916e+02
6247.7212  1.6677e+02  1.0858e+02
6248.9712  5.5057e+02  1.1074e+02
6250.2217  6.0699e+02  1.0748e+02
6251.4722  3.1222e+02  1.0541e+02
6252.7222  5.1471e+01  1.0386e+02
6253.9727  -1.5583e+02  1.0339e+02
6255.2231  -9.1516e+01  1.0481e+02
6256.4731  4.6838e+01  1.1231e+02
6257.7236  -2.1084e+01  1.4730e+02
6258.9741  1.0307e+02  1.9767e+02
6260.2246  -2.1952e+02  1.4723e+02
6261.4746  6.2541e+01  1.1357e+02
6262.7251  2.3401e+02  1.1036e+02
6263.9756  8.2006e+01  1.1274e+02
6265.2256  2.7114e+01  1.2434e+02
6266.4761  -6.8832e+01  1.3260e+02
6267.7266  -1.4536e+02  1.2017e+02
6268.9766  -9.0156e+01  1.1332e+02
6270.2271  8.8616e+00  1.1152e+02
6271.4775  4.2836e+01  1.0689e+02
6272.7275  -3.1690e+01  1.0544e+02
6273.9780  -9.2150e+01  1.0698e+02
6275.2285  2.2801e+01  1.0998e+02
6276.4785  7.8049e+00  1.1651e+02
6277.7290  5.1977e+01  1.2015e+02
6278.9795  -8.0484e+01  1.2100e+02
6280.2300  -2.6558e+01  1.1583e+02
6281.4800  -5.1747e+01  1.0826e+02
6282.7305  3.3919e+01  1.0685e+02
6283.9810  6.8643e+01  1.0613e+02
6285.2310  -2.1769e+01  1.0752e+02
6286.4814  3.4302e+01  1.1809e+02
6287.7319  -1.1224e+02  1.5641e+02
6288.9819  2.5307e+01  1.6303e+02
6290.2324  -1.1443e+02  1.2937e+02
6291.4829  -1.4841e+02  1.0981e+02
6292.7329  -8.8253e+01  1.0706e+02
6293.9834  3.3630e+01  1.0708e+02
6295.2339  -3.1054e+01  1.0942e+02
6296.4839  -6.4636e+01  1.1457e+02
6297.7344  -3.7160e+02  1.4945e+02
6298.9849  -1.0529e+01  2.9869e+02
6300.2354  -3.6703e+01  7.7730e+02
6301.4854  -7.5930e+00  9.9600e+02
6302.7358  -5.2327e+00  6.9417e+02
6303.9863  -5.4026e+01  2.1829e+02
6305.2363  1.3127e+01  1.2258e+02
6306.4868  -1.7283e+02  1.3805e+02
6307.7373  -1.2112e+02  1.9714e+02
6308.9873  -1.4535e+02  1.7545e+02
6310.2378  -1.2425e+02  1.1436e+02
6311.4883  -3.3900e+01  1.0456e+02
6312.7383  6.0739e+01  1.0368e+02
6313.9888  -1.0386e+02  1.0357e+02
6315.2393  -1.1943e+01  1.0155e+02
6316.4893  1.4738e+02  1.0111e+02
6317.7397  4.1647e+01  1.0149e+02
6318.9902  7.4871e+01  1.0124e+02
6320.2407  2.9067e+01  1.0519e+02
6321.4907  1.3387e+02  1.2120e+02
6322.7412  7.1937e+01  1.2961e+02
6323.9917  -1.0604e+02  1.1297e+02
6325.2417  -5.8935e+01  1.0385e+02
6326.4922  -1.9419e+01  1.0260e+02
6327.7427  -6.8268e+01  1.0594e+02
6328.9927  -1.2159e+02  1.1779e+02
6330.2432  4.8831e+01  1.5679e+02
6331.4937  5.9145e+01  1.5835e+02
6332.7437  1.5177e+00  1.2057e+02
6333.9941  1.3742e+02  1.0283e+02
6335.2446  -9.2871e+01  1.0096e+02
6336.4946  -2.1280e+02  1.0058e+02
6337.7451  -1.4267e+02  1.0167e+02
6338.9956  -4.0317e+01  1.0162e+02
6340.2461  6.6610e+01  1.0218e+02
6341.4961  -4.2935e+01  1.0310e+02
6342.7466  -8.9224e+01  1.0441e+02
6343.9971  -1.3678e+02  1.0432e+02
6345.2471  -5.1306e+01  1.0340e+02
6346.4976  -7.5591e+00  1.0260e+02
6347.7480  -9.9712e+01  1.0648e+02
6348.9980  9.0313e+00  1.1903e+02
6350.2485  6.6836e+01  1.1993e+02
6351.4990  5.7695e+01  1.0793e+02
6352.7490  -1.0495e+02  1.0348e+02
