# SNR 22.8645
# Quality c
# flux_factor = 1.e-20
6992.9180  1.7927e+01  3.1104e+01
6994.1685  -2.3559e+01  3.0082e+01
6995.4185  -4.1372e+00  3.3771e+01
6996.6689  1.8190e+01  2.9381e+01
6997.9194  3.1712e+00  3.0487e+01
6999.1694  -3.1238e+01  2.9331e+01
7000.4199  2.6102e+01  3.6705e+01
7001.6704  3.4055e+01  3.0646e+01
7002.9204  2.1228e-01  3.3180e+01
7004.1709  -1.4046e+01  4.0213e+01
7005.4214  3.7074e+01  4.0836e+01
7006.6719  6.4085e+01  3.1976e+01
7007.9219  -3.9406e+00  2.8286e+01
7009.1724  -2.5536e+01  3.7709e+01
7010.4229  -2.6136e+01  3.0863e+01
7011.6729  -7.3193e+01  4.5617e+01
7012.9233  6.2965e+01  5.4001e+01
7014.1738  3.0812e+01  4.0855e+01
7015.4238  -1.3157e+00  3.1171e+01
7016.6743  3.8372e+01  2.7040e+01
7017.9248  -3.1068e+01  3.1565e+01
7019.1748  -1.9879e+01  3.1042e+01
7020.4253  5.3143e+01  2.8000e+01
7021.6758  5.0431e+01  3.4705e+01
7022.9263  -1.4687e+01  2.7456e+01
7024.1763  3.2897e+01  3.0428e+01
7025.4268  2.0019e+01  3.4381e+01
7026.6772  -1.6364e+01  2.8090e+01
7027.9272  2.2985e+00  3.7503e+01
7029.1777  1.0547e+01  3.2151e+01
7030.4282  -2.9779e+01  2.8994e+01
7031.6782  2.5730e+01  2.8327e+01
7032.9287  6.9870e+00  2.7207e+01
7034.1792  6.2423e+00  3.5173e+01
7035.4292  -3.1874e+01  3.6944e+01
7036.6797  -2.7545e+00  4.0791e+01
7037.9302  2.5179e+01  3.1967e+01
7039.1802  2.2602e+01  3.5013e+01
7040.4307  8.8795e+01  2.7765e+01
7041.6812  8.3276e+01  3.6317e+01
7042.9316  4.1763e+01  4.0112e+01
7044.1816  -1.0494e-02  3.4779e+01
7045.4321  7.1258e+01  2.9755e+01
7046.6826  -1.4261e+01  3.2318e+01
7047.9326  3.8549e+01  4.8570e+01
7049.1831  2.0891e+01  5.8976e+01
7050.4336  5.6562e+01  5.1468e+01
7051.6836  1.2638e+01  3.8314e+01
7052.9341  -1.1013e+01  3.3837e+01
7054.1846  5.4413e+01  3.7108e+01
7055.4346  3.7539e+01  3.5519e+01
7056.6851  1.6891e+00  2.9941e+01
7057.9355  -1.6952e+01  2.9742e+01
7059.1860  2.3914e+01  3.1833e+01
7060.4360  2.7845e+01  3.3123e+01
7061.6865  7.5973e+01  3.4701e+01
7062.9370  1.7812e+01  3.3635e+01
7064.1870  -5.8267e+01  3.9940e+01
7065.4375  7.4464e-01  3.3276e+01
7066.6880  -1.8586e+01  3.2142e+01
7067.9380  -4.9224e+01  3.6279e+01
7069.1885  4.0007e+01  3.3538e+01
7070.4390  5.4652e+01  3.1595e+01
7071.6890  6.6415e+01  3.9097e+01
7072.9395  5.5359e+01  3.5316e+01
7074.1899  4.3823e+01  3.3342e+01
7075.4399  -6.2586e+01  3.8510e+01
7076.6904  3.5990e+01  2.9774e+01
7077.9409  -8.6303e+00  2.9733e+01
7079.1914  -4.5326e+01  3.3512e+01
7080.4414  3.7137e+01  3.4977e+01
7081.6919  2.5900e+01  3.1619e+01
7082.9424  3.1992e+01  3.3870e+01
7084.1924  -8.1462e+01  4.3430e+01
7085.4429  -3.6526e+01  3.3826e+01
7086.6934  -1.2251e+01  3.2809e+01
7087.9434  1.3619e+01  3.2739e+01
7089.1938  7.6827e+01  3.6937e+01
7090.4443  4.7026e+01  3.7450e+01
7091.6943  7.2497e+01  3.5688e+01
7092.9448  -2.9999e-01  3.0284e+01
7094.1953  4.9255e+01  2.9348e+01
7095.4458  -1.5798e+01  3.0056e+01
7096.6958  1.5963e+01  3.4629e+01
7097.9463  2.1841e+01  2.8181e+01
7099.1968  3.9336e+01  3.2430e+01
7100.4468  -3.7507e+01  3.4333e+01
7101.6973  -4.1489e+01  3.0462e+01
7102.9478  7.6405e+00  2.9584e+01
7104.1978  -3.3072e+01  3.3813e+01
7105.4482  -2.8748e+01  3.2237e+01
7106.6987  3.1464e+01  3.0271e+01
7107.9487  1.6794e+02  3.0745e+01
7109.1992  4.0326e+02  3.2994e+01
7110.4497  5.5350e+02  3.2349e+01
7111.6997  3.7435e+02  3.1615e+01
7112.9502  2.8157e+02  3.0477e+01
7114.2007  1.8625e+02  3.2944e+01
7115.4512  8.2861e+01  3.5689e+01
7116.7012  7.1735e+01  3.4051e+01
7117.9517  6.0603e+01  2.7849e+01
7119.2021  6.9244e+01  3.3836e+01
7120.4521  -1.4670e+01  2.7271e+01
7121.7026  -1.9865e+01  2.7084e+01
7122.9531  2.0221e+01  3.3529e+01
7124.2031  3.7278e+01  3.2175e+01
7125.4536  -2.0775e+01  2.9143e+01
7126.7041  -2.9128e+00  3.3444e+01
7127.9541  -8.8913e+00  3.4587e+01
7129.2046  2.1566e+01  3.6031e+01
7130.4551  3.9898e+01  3.5420e+01
7131.7056  4.1859e+01  2.8257e+01
7132.9556  5.5756e+01  3.5226e+01
7134.2061  -3.1162e+01  3.2842e+01
7135.4565  7.5605e+00  3.4050e+01
7136.7065  4.5759e+01  3.6870e+01
7137.9570  4.4837e+01  3.2613e+01
7139.2075  -1.4866e+01  3.2654e+01
7140.4575  3.8048e+01  2.9939e+01
7141.7080  2.0794e+01  3.3367e+01
7142.9585  -1.5326e+01  4.3314e+01
7144.2085  -5.2753e+01  4.2175e+01
7145.4590  -7.5105e+00  3.6009e+01
7146.7095  1.2020e+01  3.9071e+01
7147.9595  -1.1834e+01  4.4483e+01
7149.2100  4.1003e+01  3.6385e+01
7150.4604  4.2433e+01  3.2626e+01
7151.7109  -7.4511e+01  3.1257e+01
7152.9609  -4.4341e+01  4.0503e+01
7154.2114  5.2347e+01  3.0532e+01
7155.4619  3.2337e+01  3.4184e+01
7156.7119  1.2683e+01  3.9554e+01
7157.9624  1.9797e+01  3.1467e+01
7159.2129  5.8357e+00  3.0186e+01
7160.4629  3.8589e+01  3.4124e+01
7161.7134  -1.0266e+01  3.0452e+01
7162.9639  -2.7379e+01  3.2169e+01
7164.2139  -1.8338e+01  3.2634e+01
7165.4644  -1.7083e+01  3.2806e+01
7166.7148  5.8988e+01  4.2309e+01
7167.9653  -5.8830e+01  3.7585e+01
7169.2153  4.0791e+01  3.4748e+01
7170.4658  3.5147e+00  3.9370e+01
7171.7163  -3.8051e+01  3.2556e+01
7172.9663  -1.7635e+01  3.3264e+01
7174.2168  -6.4611e+00  3.6014e+01
7175.4673  2.1066e+01  3.4304e+01
7176.7173  -3.6114e+00  3.5606e+01
7177.9678  2.6218e+01  3.5357e+01
7179.2183  2.7689e+01  3.6211e+01
7180.4683  -2.7235e+01  3.6616e+01
7181.7188  2.4365e+01  3.7327e+01
7182.9692  6.1477e+01  4.0964e+01
7184.2192  4.8654e+01  3.4551e+01
7185.4697  -9.3474e+00  3.2553e+01
7186.7202  -2.0322e+00  3.9435e+01
7187.9707  2.1756e+01  3.4059e+01
7189.2207  3.2133e+01  3.7411e+01
7190.4712  -1.3076e+01  3.2888e+01
7191.7217  -1.7106e+01  3.5437e+01
7192.9717  -3.4025e+01  2.9479e+01
7194.2222  9.5522e-01  3.4073e+01
7195.4727  -6.8767e+01  3.1426e+01
7196.7227  -1.7343e+01  2.9355e+01
7197.9731  2.0453e+01  2.8840e+01
7199.2236  1.8213e+01  3.0321e+01
7200.4736  3.9542e+01  3.5857e+01
7201.7241  1.8157e+01  3.8046e+01
7202.9746  1.3145e+01  2.8966e+01
7204.2251  4.5022e+01  3.6705e+01
7205.4751  -2.5219e+01  2.7508e+01
7206.7256  1.1666e+01  3.0768e+01
7207.9761  1.8462e+01  2.8961e+01
7209.2261  -3.6608e+01  3.2578e+01
7210.4766  7.4749e-02  3.2417e+01
7211.7271  -2.6235e+01  2.7022e+01
7212.9771  -2.6930e+01  3.2997e+01
7214.2275  -7.1128e+01  2.8424e+01
7215.4780  -4.2734e+00  3.5446e+01
7216.7280  1.8313e+01  2.8999e+01
7217.9785  -4.4004e+01  3.5940e+01
7219.2290  3.0429e+00  3.4773e+01
7220.4790  -3.5409e+00  2.7318e+01
7221.7295  5.9471e+01  3.4179e+01
7222.9800  5.6745e+01  3.5826e+01
7224.2305  -5.2570e+01  3.0864e+01
7225.4805  4.8004e+01  3.0369e+01
7226.7310  1.0427e+02  3.4361e+01
7227.9814  -1.9752e+01  3.1125e+01
