# SNR 10.9329
# Quality c
# flux_factor = 1.e-20
4977.7471  -8.3774e+02  5.2785e+02
4978.9971  -3.9714e+02  5.2997e+02
4980.2476  -1.1592e+02  5.2540e+02
4981.4980  1.3755e+03  5.1956e+02
4982.7485  1.0259e+03  5.1660e+02
4983.9985  -1.6418e+02  5.0758e+02
4985.2490  -6.6465e+02  5.0480e+02
4986.4995  -2.4552e+02  5.0442e+02
4987.7495  -6.5277e+02  5.1505e+02
4989.0000  6.8819e+02  5.1565e+02
4990.2505  4.3281e+02  5.1887e+02
4991.5005  -1.8516e+02  5.1703e+02
4992.7510  2.9522e+02  5.2543e+02
4994.0015  -3.0880e+02  5.2707e+02
4995.2515  1.8731e+02  5.2144e+02
4996.5020  -6.3512e+02  5.1569e+02
4997.7524  -5.7724e+02  5.1582e+02
4999.0024  2.0718e+02  5.1684e+02
5000.2529  3.8490e+02  5.0835e+02
5001.5034  2.0386e+02  5.0811e+02
5002.7534  7.3982e+02  5.0641e+02
5004.0039  -6.4548e+01  5.0511e+02
5005.2544  -3.2932e+02  5.0666e+02
5006.5044  4.6679e+02  5.0957e+02
5007.7549  2.2876e+02  5.1611e+02
5009.0054  6.7108e+02  5.1526e+02
5010.2554  -4.4514e+01  5.1527e+02
5011.5059  -4.6761e+02  5.0850e+02
5012.7563  -1.2219e+02  5.0171e+02
5014.0068  3.9526e+02  4.9581e+02
5015.2568  -2.5332e+02  4.9616e+02
5016.5073  -1.0289e+02  4.9739e+02
5017.7578  -4.3631e+02  5.0446e+02
5019.0078  -2.5802e+02  4.9743e+02
5020.2583  -1.8681e+02  5.0060e+02
5021.5088  -2.4398e+02  5.0345e+02
5022.7588  7.5322e+01  5.0331e+02
5024.0093  -9.0184e+01  4.9616e+02
5025.2598  8.2196e+02  4.9895e+02
5026.5098  9.8964e+02  4.9834e+02
5027.7603  6.0641e+02  4.9414e+02
5029.0107  2.0879e+01  4.9310e+02
5030.2607  -3.0193e+02  4.9345e+02
5031.5112  -7.8380e+01  4.9720e+02
5032.7617  1.5271e+01  4.9529e+02
5034.0117  4.0680e+02  5.0075e+02
5035.2622  -1.8476e+01  4.9744e+02
5036.5127  5.3370e+02  4.9202e+02
5037.7627  -5.4967e+02  4.9045e+02
5039.0132  3.3462e+01  4.9921e+02
5040.2637  -1.1221e+02  4.9434e+02
5041.5137  2.6438e+02  4.8396e+02
5042.7642  1.7848e+02  4.8194e+02
5044.0146  2.9478e+02  4.8412e+02
5045.2651  -9.3872e+01  4.9761e+02
5046.5151  5.9538e+00  4.9404e+02
5047.7656  1.3134e+02  4.9600e+02
5049.0161  2.5968e+02  4.9061e+02
5050.2661  3.7229e+02  4.8549e+02
5051.5166  6.2217e+01  4.8659e+02
5052.7671  1.0469e+02  4.8624e+02
5054.0171  -2.1361e+02  4.8723e+02
5055.2676  -5.5678e+02  4.8750e+02
5056.5181  1.8309e+02  4.8811e+02
5057.7681  1.1612e+03  4.9174e+02
5059.0186  1.3501e+03  4.9549e+02
5060.2690  2.2598e+03  4.9054e+02
5061.5190  3.0995e+03  4.9370e+02
5062.7695  2.4226e+03  4.9244e+02
5064.0200  1.6556e+03  4.9231e+02
5065.2700  1.3755e+03  4.8408e+02
5066.5205  2.8257e+03  4.8593e+02
5067.7710  2.5723e+03  4.8665e+02
5069.0210  1.4751e+03  4.8460e+02
5070.2715  1.4438e+03  4.9201e+02
5071.5220  1.2775e+03  4.9285e+02
5072.7725  1.9647e+02  4.8853e+02
5074.0225  4.2063e+02  4.8286e+02
5075.2729  3.3487e+02  4.8274e+02
5076.5234  -2.4294e+02  4.8406e+02
5077.7734  6.5618e+02  4.8145e+02
5079.0239  4.2557e+02  4.8406e+02
5080.2744  1.0066e+03  4.8431e+02
5081.5244  6.4622e+02  4.7560e+02
5082.7749  4.1773e+02  4.7784e+02
5084.0254  2.6143e+02  4.8584e+02
5085.2754  2.4832e+02  4.8693e+02
5086.5259  4.5124e+02  4.8699e+02
5087.7764  3.5510e+02  4.9166e+02
5089.0264  -7.8029e+01  4.9076e+02
5090.2769  -8.4922e+01  4.8455e+02
5091.5273  4.3956e+02  4.8477e+02
5092.7773  -5.8814e+02  4.8942e+02
5094.0278  -8.9793e+01  4.8447e+02
5095.2783  6.7054e+02  4.8590e+02
5096.5283  2.9647e+02  4.8477e+02
5097.7788  5.8781e+02  4.7813e+02
5099.0293  2.9488e+02  4.7597e+02
5100.2793  1.0090e+02  4.7474e+02
5101.5298  -5.6889e+01  4.7613e+02
5102.7803  -7.7825e+01  4.8059e+02
5104.0308  -7.2625e+01  4.7727e+02
5105.2808  9.7657e+02  4.7644e+02
5106.5312  6.5725e+02  4.7815e+02
5107.7817  -1.6705e+02  4.7514e+02
5109.0317  2.6760e+02  4.6649e+02
5110.2822  3.1313e+02  4.7030e+02
5111.5327  4.3385e+02  4.6900e+02
5112.7827  3.2073e+02  4.7463e+02
5114.0332  -3.1902e+01  4.7405e+02
5115.2837  -5.6508e+01  4.7835e+02
5116.5337  6.5036e+02  4.7074e+02
5117.7842  -7.3757e+01  4.7466e+02
5119.0347  1.2261e+02  4.7646e+02
5120.2847  -9.1678e+01  4.7258e+02
5121.5352  3.8897e+02  4.7355e+02
5122.7856  -9.0479e+01  4.6841e+02
5124.0356  5.6724e+02  4.6758e+02
5125.2861  3.8606e+02  4.6335e+02
5126.5366  5.7018e+02  4.6075e+02
5127.7866  -6.5140e+02  4.6206e+02
5129.0371  -1.5001e+02  4.6833e+02
5130.2876  -5.2330e+02  4.6784e+02
5131.5381  -1.5140e+02  4.6876e+02
5132.7881  3.0118e+02  4.7862e+02
5134.0386  -1.6187e+01  4.7803e+02
5135.2891  9.5571e+01  4.7613e+02
5136.5391  5.5294e+02  4.8298e+02
5137.7896  2.9057e+02  4.8382e+02
5139.0400  4.6576e+02  4.7642e+02
5140.2900  -5.9767e+01  4.7265e+02
5141.5405  6.0855e+02  4.7445e+02
5142.7910  -1.6958e+02  4.7675e+02
5144.0410  2.1878e+02  4.7665e+02
5145.2915  8.9927e+02  4.7608e+02
