# SNR 8.7544
# Quality c
# flux_factor = 1.e-20
6990.4067  1.8482e+01  2.7850e+01
6991.6567  -3.2292e+01  3.1803e+01
6992.9072  2.1941e+01  3.1402e+01
6994.1577  5.9145e+01  3.4043e+01
6995.4077  -2.4515e+01  3.4545e+01
6996.6582  -6.2746e+01  3.1461e+01
6997.9087  5.1144e+01  2.9752e+01
6999.1587  6.8208e+01  3.0964e+01
7000.4092  -4.8691e+01  3.0536e+01
7001.6597  -3.5051e+01  2.9669e+01
7002.9097  3.9922e-02  3.5015e+01
7004.1602  -2.8444e+01  3.8714e+01
7005.4106  -1.2596e+00  3.8313e+01
7006.6611  3.9567e+01  3.2124e+01
7007.9111  -1.5561e+01  2.8677e+01
7009.1616  -6.2794e+01  3.2335e+01
7010.4121  -2.6446e+01  3.3348e+01
7011.6621  -6.2213e+01  4.6967e+01
7012.9126  -6.6008e+01  5.1493e+01
7014.1631  -5.5356e+00  3.9263e+01
7015.4131  6.1574e+01  2.6773e+01
7016.6636  8.9741e+00  2.7442e+01
7017.9141  2.5046e+00  3.0887e+01
7019.1641  -1.9032e+01  2.9286e+01
7020.4146  -2.5295e+01  2.8379e+01
7021.6650  1.3343e+01  2.8782e+01
7022.9150  -2.3324e+01  3.1015e+01
7024.1655  -1.9072e+01  2.9189e+01
7025.4160  -1.0355e+00  2.9886e+01
7026.6665  -5.8735e+01  2.7898e+01
7027.9165  1.3967e+01  2.7538e+01
7029.1670  1.6934e+01  3.7503e+01
7030.4175  -2.6441e+01  3.3279e+01
7031.6675  2.8435e+01  3.2726e+01
7032.9180  2.4298e+01  2.8526e+01
7034.1685  -2.8622e+01  2.9518e+01
7035.4185  2.3698e+01  2.7740e+01
7036.6689  -4.1772e+00  3.1022e+01
7037.9194  -5.2452e+01  2.6746e+01
7039.1694  -5.0687e+01  2.6417e+01
7040.4199  -7.9645e+00  3.3000e+01
7041.6704  -1.1222e+01  3.7660e+01
7042.9209  -2.3326e+01  3.5356e+01
7044.1709  -1.2188e+01  2.9894e+01
7045.4214  -2.4713e+01  2.7835e+01
7046.6719  2.6972e+01  3.1932e+01
7047.9219  1.8012e+01  3.8744e+01
7049.1724  3.4281e+01  4.4765e+01
7050.4229  4.3062e+01  4.3030e+01
7051.6729  5.3609e+01  3.7884e+01
7052.9233  -3.5565e+00  3.4727e+01
7054.1738  -8.2201e+01  4.2404e+01
7055.4238  7.2520e+00  3.3443e+01
7056.6743  -2.9777e+00  3.0610e+01
7057.9248  -5.8159e+01  3.2209e+01
7059.1748  -7.3388e+00  3.3920e+01
7060.4253  -5.5469e+00  3.9245e+01
7061.6758  -1.9986e+01  3.5271e+01
7062.9263  4.0617e+00  4.0352e+01
7064.1763  1.4661e+01  3.7371e+01
7065.4268  -1.4625e+01  3.4088e+01
7066.6772  3.7998e+01  3.9030e+01
7067.9272  1.1207e+00  3.7481e+01
7069.1777  8.0256e+01  3.1257e+01
7070.4282  1.5292e+01  3.4127e+01
7071.6782  -5.2583e+01  3.3273e+01
7072.9287  -7.1085e+00  2.9074e+01
7074.1792  2.1138e+01  3.0662e+01
7075.4292  8.7105e+00  3.3136e+01
7076.6797  2.6782e+01  2.8633e+01
7077.9302  5.8837e-01  3.0439e+01
7079.1807  7.6026e+01  3.7070e+01
7080.4307  5.2149e+01  3.1262e+01
7081.6812  1.8895e+01  3.0948e+01
7082.9316  -4.3827e+01  3.9295e+01
7084.1816  -4.2861e+00  3.3572e+01
7085.4321  4.1435e+01  3.2555e+01
7086.6826  -3.3101e+00  3.3308e+01
7087.9326  -3.3894e+00  3.1145e+01
7089.1831  -4.2482e+01  3.5784e+01
7090.4336  -3.5834e+00  3.5734e+01
7091.6836  4.9364e+01  3.1016e+01
7092.9341  4.0123e+01  3.7472e+01
7094.1846  -1.9499e+01  3.5602e+01
7095.4346  6.7000e-01  2.7129e+01
7096.6851  1.8631e+01  3.2496e+01
7097.9355  -2.0186e-01  3.0026e+01
7099.1860  1.1022e+01  2.8569e+01
7100.4360  1.1287e+01  3.2502e+01
7101.6865  8.6389e-01  3.3757e+01
7102.9370  -2.8859e+01  3.9049e+01
7104.1870  6.1743e+01  3.1767e+01
7105.4375  8.5824e+01  2.8553e+01
7106.6880  1.6916e+02  2.7799e+01
7107.9380  1.9058e+02  2.9856e+01
7109.1885  1.5562e+02  3.1145e+01
7110.4390  8.4730e+01  2.7333e+01
7111.6890  8.3968e+01  3.1102e+01
7112.9395  -4.0630e+01  2.8906e+01
7114.1899  6.1126e+01  2.9242e+01
7115.4404  3.6801e+01  2.8376e+01
7116.6904  -7.8902e+00  2.9095e+01
7117.9409  1.2286e+01  3.6790e+01
7119.1914  1.2817e+01  3.6166e+01
7120.4414  1.0149e+01  3.1184e+01
7121.6919  9.2639e+01  3.2012e+01
7122.9424  1.0191e+02  3.6816e+01
7124.1924  2.3511e+01  2.9149e+01
7125.4429  2.8794e+00  2.6856e+01
7126.6934  7.7503e+00  2.8936e+01
7127.9434  3.7742e+01  3.9031e+01
7129.1938  1.4103e+01  3.1786e+01
7130.4443  -1.6691e+01  2.7906e+01
7131.6948  -3.7639e+01  2.7192e+01
7132.9448  1.8653e+01  2.9564e+01
7134.1953  3.9781e+01  3.1787e+01
7135.4458  -3.0700e+01  3.0461e+01
7136.6958  9.7912e+00  3.3596e+01
7137.9463  3.5026e+01  3.0439e+01
7139.1968  -2.2271e+01  3.4737e+01
7140.4468  -5.6579e+01  3.4205e+01
7141.6973  -9.2232e+00  3.0394e+01
7142.9478  1.1412e+01  3.4053e+01
7144.1978  -1.2669e+01  3.4712e+01
7145.4482  1.1338e+02  3.7818e+01
7146.6987  1.6242e+01  3.4167e+01
7147.9487  5.9180e+01  3.5899e+01
7149.1992  -1.3485e+01  3.1676e+01
7150.4497  2.2700e+01  3.0827e+01
7151.7002  -4.1223e+00  2.9245e+01
7152.9502  1.1669e+00  3.3422e+01
7154.2007  2.3762e+01  2.7373e+01
7155.4512  2.1553e+01  3.4450e+01
7156.7012  -1.7837e+01  3.4255e+01
7157.9517  -2.7462e+01  3.2465e+01
7159.2021  2.1802e+00  3.0673e+01
7160.4521  2.7416e+01  3.3300e+01
7161.7026  7.6212e+00  3.4605e+01
7162.9531  5.2253e+01  3.4028e+01
7164.2031  -2.1740e+00  3.3635e+01
7165.4536  -2.6922e+00  4.3239e+01
7166.7041  4.2109e+01  3.1741e+01
7167.9546  -2.6634e+01  3.0850e+01
7169.2046  -2.0225e+01  3.4598e+01
7170.4551  -2.8317e+01  3.1909e+01
7171.7056  1.8882e+01  3.2726e+01
7172.9556  -1.7488e+01  3.3432e+01
7174.2061  3.3858e+01  3.1562e+01
7175.4565  2.1861e+00  3.6257e+01
7176.7065  1.7798e+01  3.4914e+01
7177.9570  -3.7395e+01  4.5806e+01
7179.2075  3.8323e+01  3.6502e+01
7180.4575  -6.4853e+00  3.6638e+01
7181.7080  1.9896e+01  4.0667e+01
7182.9585  2.1820e+01  3.6660e+01
7184.2085  2.6090e+00  3.2909e+01
7185.4590  -1.9350e+01  3.3398e+01
7186.7095  -3.9997e+01  3.0727e+01
7187.9600  1.3820e+01  3.1611e+01
7189.2100  -3.6493e+01  2.8555e+01
7190.4604  -1.1246e+01  2.8231e+01
7191.7109  -4.1844e+01  2.9944e+01
7192.9609  -1.5693e+01  3.2744e+01
7194.2114  1.6666e+01  3.3705e+01
7195.4619  -3.5935e+01  2.7675e+01
7196.7119  -2.7041e+01  2.6590e+01
7197.9624  -6.4460e+00  2.8197e+01
7199.2129  -3.2986e+01  3.3308e+01
7200.4629  1.2531e+00  3.4929e+01
7201.7134  9.9610e+00  3.0465e+01
7202.9639  2.4430e+01  2.9195e+01
7204.2144  -5.2650e+00  3.2172e+01
7205.4644  1.7890e+01  2.8088e+01
7206.7148  6.7132e+01  2.7304e+01
7207.9653  -1.7842e+01  2.8879e+01
7209.2153  -9.2339e+00  2.8069e+01
7210.4658  -1.9061e+01  3.2528e+01
7211.7163  2.5108e+00  2.8705e+01
7212.9663  -2.1152e+01  2.8320e+01
7214.2168  2.6586e+01  3.4544e+01
7215.4673  -3.0427e+00  2.8016e+01
7216.7173  -2.2746e+01  2.6084e+01
7217.9678  3.6798e+01  2.6070e+01
7219.2183  6.4034e+01  2.6010e+01
7220.4683  2.0662e-01  2.6293e+01
7221.7188  3.5391e+01  3.3944e+01
7222.9692  -1.5422e+01  3.5537e+01
7224.2197  -3.9525e+01  3.0713e+01
7225.4697  -4.2589e+01  3.2092e+01
