# SNR 14.0965
# Quality c
# flux_factor = 1.e-20
5144.9243  -1.4998e+01  9.0323e+01
5146.1748  1.3429e+02  1.1106e+02
5147.4248  4.0413e+01  8.3792e+01
5148.6753  -2.4725e+01  9.1236e+01
5149.9258  1.5904e+02  9.1349e+01
5151.1758  5.6498e+01  9.4778e+01
5152.4263  8.4579e+01  1.0563e+02
5153.6768  1.2122e+02  9.1537e+01
5154.9268  2.6948e+01  7.7736e+01
5156.1772  -5.2821e+01  1.1600e+02
5157.4277  -4.3632e+01  8.9714e+01
5158.6777  1.5762e+02  8.0571e+01
5159.9282  -2.1817e+01  7.9042e+01
5161.1787  4.4587e+01  7.9155e+01
5162.4287  3.2002e+01  1.0123e+02
5163.6792  4.9266e+01  8.5936e+01
5164.9297  1.9172e+01  9.3324e+01
5166.1797  6.8365e+01  8.8390e+01
5167.4302  -5.2562e+01  8.9546e+01
5168.6807  -4.8044e+00  7.8215e+01
5169.9307  1.0740e+02  9.3027e+01
5171.1812  1.1486e+02  7.2492e+01
5172.4316  1.8338e+02  7.5956e+01
5173.6821  1.9923e+01  7.8440e+01
5174.9321  2.3546e+02  9.3197e+01
5176.1826  -1.4164e+01  8.4626e+01
5177.4331  3.0686e+01  8.4301e+01
5178.6831  1.7704e+02  8.3881e+01
5179.9336  2.1398e+01  1.0476e+02
5181.1841  7.2217e+00  1.0365e+02
5182.4341  -1.4892e+02  8.5073e+01
5183.6846  5.5826e+01  8.5300e+01
5184.9351  -1.3565e+02  7.6317e+01
5186.1851  -1.1348e+01  7.0993e+01
5187.4355  5.4689e+00  7.8520e+01
5188.6860  6.9620e+01  9.5787e+01
5189.9360  -6.1913e+01  8.8895e+01
5191.1865  1.0783e+01  8.6035e+01
5192.4370  1.3952e+02  7.9448e+01
5193.6870  -1.0980e+02  8.6692e+01
5194.9375  2.7008e+01  8.4086e+01
5196.1880  3.0691e+01  9.5197e+01
5197.4380  -1.4717e+02  9.4199e+01
5198.6885  -5.6589e+01  1.0585e+02
5199.9390  6.2790e+01  1.3051e+02
5201.1895  9.1862e+01  9.5878e+01
5202.4395  1.2439e+02  1.0505e+02
5203.6899  1.8017e+02  8.3864e+01
5204.9404  -1.1579e+01  7.8480e+01
5206.1904  -6.6003e+01  1.0522e+02
5207.4409  3.3223e+01  9.8486e+01
5208.6914  -1.2816e+02  7.7916e+01
5209.9414  2.2641e+01  9.3653e+01
5211.1919  1.6916e+02  9.7615e+01
5212.4424  6.3159e+01  9.8460e+01
5213.6924  -3.9169e+01  7.1737e+01
5214.9429  4.1137e+01  7.4202e+01
5216.1934  3.5118e+01  7.6849e+01
5217.4434  -1.1079e+02  7.8627e+01
5218.6938  3.0679e+01  9.3137e+01
5219.9443  3.1510e+01  8.1059e+01
5221.1943  6.7172e+00  9.2334e+01
5222.4448  2.0108e+02  1.0178e+02
5223.6953  2.0243e+02  8.0605e+01
5224.9453  3.7475e+02  8.4751e+01
5226.1958  2.7400e+02  9.0345e+01
5227.4463  1.6820e+02  9.4907e+01
5228.6968  1.7843e+02  7.9886e+01
5229.9468  5.2911e+02  8.1841e+01
5231.1973  8.9040e+02  8.9118e+01
5232.4478  7.2786e+02  9.6060e+01
5233.6978  4.4226e+02  8.5791e+01
5234.9482  2.8097e+02  7.4043e+01
5236.1987  1.8388e+02  7.6435e+01
5237.4487  1.7197e+02  1.0372e+02
5238.6992  6.1104e+01  8.8188e+01
5239.9497  1.8799e+02  8.6010e+01
5241.1997  -9.6905e+01  8.7462e+01
5242.4502  -1.1115e+02  9.1829e+01
5243.7007  2.2974e+01  9.3696e+01
5244.9507  -4.6262e+01  7.1103e+01
5246.2012  6.9603e+01  7.2081e+01
5247.4517  2.5686e+01  9.6978e+01
5248.7017  9.3850e+01  7.6860e+01
5249.9521  1.0384e+02  1.0156e+02
5251.2026  3.3976e+01  7.5156e+01
5252.4526  2.9068e+00  8.5721e+01
5253.7031  3.2638e+01  8.6666e+01
5254.9536  -5.9574e+01  7.8529e+01
5256.2041  -1.3979e+01  8.7205e+01
5257.4541  -1.2120e+02  8.3950e+01
5258.7046  5.5066e+00  8.8622e+01
5259.9551  -9.9972e+01  8.9609e+01
5261.2051  1.0613e+02  8.8730e+01
5262.4556  1.0198e+02  8.1536e+01
5263.7061  1.4865e+02  9.3589e+01
5264.9561  8.1301e+01  7.0972e+01
5266.2065  4.5551e+01  7.3994e+01
5267.4570  1.4189e+02  8.7818e+01
5268.7070  -3.0109e+01  8.2099e+01
5269.9575  -1.1626e+02  9.3954e+01
5271.2080  7.5789e+01  8.9170e+01
5272.4580  -1.7590e+02  7.9232e+01
5273.7085  -9.9194e+00  9.6404e+01
5274.9590  1.3763e+01  7.8502e+01
5276.2090  1.2973e+02  8.3982e+01
5277.4595  4.5248e+01  7.5761e+01
5278.7100  1.4020e+02  8.7651e+01
5279.9600  1.3562e+01  8.3004e+01
5281.2104  -4.7581e+01  7.8222e+01
5282.4609  1.3403e+02  7.7357e+01
5283.7114  -4.1496e+00  7.3739e+01
5284.9614  2.5713e+01  9.1668e+01
5286.2119  1.2515e+01  8.9151e+01
5287.4624  4.4449e+01  8.4066e+01
5288.7124  7.4020e+01  9.1742e+01
5289.9629  1.0808e+02  7.7769e+01
5291.2134  4.2478e+01  7.1528e+01
5292.4634  1.7206e+01  8.0513e+01
5293.7139  5.8050e+01  7.9303e+01
5294.9644  -3.2750e+01  7.7726e+01
5296.2144  4.5725e+01  8.5669e+01
5297.4648  -5.8391e+01  8.9581e+01
5298.7153  8.7609e+01  7.4802e+01
5299.9653  1.0360e+02  8.1860e+01
5301.2158  -3.4460e+01  8.2262e+01
5302.4663  1.3453e+02  7.2763e+01
5303.7163  -3.5178e+01  8.0090e+01
5304.9668  4.2131e+01  8.2752e+01
5306.2173  1.5891e+02  8.8056e+01
5307.4673  -1.7219e+02  8.2810e+01
5308.7178  1.3365e+02  8.2125e+01
5309.9683  -5.0282e+01  8.8523e+01
5311.2188  -8.8184e+01  8.0174e+01
5312.4688  -1.2073e+02  8.1613e+01
5313.7192  2.9667e+00  1.0447e+02
5314.9697  2.4861e+01  8.6981e+01
5316.2197  -1.7532e+02  1.0593e+02
5317.4702  -5.7091e+01  7.6836e+01
