# SNR 17.0903
# Quality c
# flux_factor = 1.e-20
5635.2158  1.1466e+02  1.1058e+02
5636.4658  1.3318e+02  9.1882e+01
5637.7163  1.9752e+02  7.6503e+01
5638.9668  1.6205e+02  8.9050e+01
5640.2168  4.7490e+01  7.6543e+01
5641.4673  -4.2372e+01  9.3110e+01
5642.7178  -8.8603e+01  8.4723e+01
5643.9678  1.6444e+01  6.9590e+01
5645.2183  7.4047e+00  7.7048e+01
5646.4688  -3.3494e+01  8.9083e+01
5647.7192  1.3265e+02  7.6337e+01
5648.9692  -3.4781e+01  7.5626e+01
5650.2197  -5.1344e+01  8.0103e+01
5651.4702  2.8407e+01  7.9059e+01
5652.7202  -9.2277e+01  7.3200e+01
5653.9707  -3.1292e+01  7.3211e+01
5655.2212  -1.7874e+02  9.9296e+01
5656.4712  -5.2468e+01  1.0449e+02
5657.7217  2.8672e+01  7.6102e+01
5658.9722  9.4863e+01  6.9724e+01
5660.2222  1.1958e+02  7.4670e+01
5661.4727  3.9541e+01  7.9167e+01
5662.7231  6.5056e+01  7.4855e+01
5663.9731  5.1981e+01  7.6370e+01
5665.2236  -3.5790e+01  9.0636e+01
5666.4741  -6.5062e+00  8.3102e+01
5667.7241  -3.1572e+01  7.9112e+01
5668.9746  -5.8836e+00  8.0205e+01
5670.2251  -6.9497e+01  7.5234e+01
5671.4756  7.9571e+01  7.5216e+01
5672.7256  1.0152e+02  8.3860e+01
5673.9761  1.2372e+02  8.0380e+01
5675.2266  1.4659e+02  7.5885e+01
5676.4766  -3.0537e+01  7.8940e+01
5677.7271  -7.8778e+01  8.0558e+01
5678.9775  -3.5049e+01  8.5226e+01
5680.2275  -1.0728e+01  8.4130e+01
5681.4780  -7.9001e+01  7.1757e+01
5682.7285  -4.9730e+01  7.0551e+01
5683.9785  -1.1236e+01  7.0093e+01
5685.2290  -9.8657e+01  7.2309e+01
5686.4795  -6.4443e+01  7.2435e+01
5687.7295  -1.1693e+02  6.9799e+01
5688.9800  -1.2973e+02  8.0137e+01
5690.2305  3.7955e+01  8.1748e+01
5691.4805  -9.0253e+01  9.0836e+01
5692.7310  -5.2693e+01  8.6792e+01
5693.9814  -2.8813e+01  8.2294e+01
5695.2319  -1.1621e+02  6.8816e+01
5696.4819  -2.1811e+02  7.3203e+01
5697.7324  1.0528e+02  7.6786e+01
5698.9829  -7.4252e+01  8.7652e+01
5700.2329  -2.5606e+01  8.2039e+01
5701.4834  -4.2973e+01  7.6431e+01
5702.7339  -2.1867e+02  9.3153e+01
5703.9839  -1.4389e+02  8.1934e+01
5705.2344  -3.1219e+01  8.5757e+01
5706.4849  -2.6496e+01  6.8330e+01
5707.7349  -1.1898e+02  6.7968e+01
5708.9854  -7.6273e+01  8.0558e+01
5710.2358  -1.4404e+02  6.6894e+01
5711.4858  5.8118e+01  7.1188e+01
5712.7363  -1.5618e+01  7.4023e+01
5713.9868  1.6850e+01  7.4778e+01
5715.2368  1.0282e+02  7.0849e+01
5716.4873  1.9797e+02  7.2271e+01
5717.7378  1.0415e+02  6.6124e+01
5718.9883  -1.1331e+02  6.9209e+01
5720.2383  -1.6825e+01  7.4000e+01
5721.4888  1.7545e+02  7.6805e+01
5722.7393  1.3219e+02  7.8662e+01
5723.9893  4.1103e+01  7.3876e+01
5725.2397  2.0130e+02  7.5458e+01
5726.4902  3.3443e+02  7.6349e+01
5727.7402  7.2523e+02  9.0059e+01
5728.9907  9.9455e+02  7.1157e+01
5730.2412  8.5336e+02  8.0078e+01
5731.4912  9.6490e+02  1.0161e+02
5732.7417  7.5975e+02  8.6649e+01
5733.9922  5.9016e+02  7.9719e+01
5735.2422  4.3234e+02  6.7226e+01
5736.4927  3.5430e+02  6.9287e+01
5737.7432  2.6050e+02  7.9859e+01
5738.9937  2.2299e+02  8.0373e+01
5740.2437  9.1988e+01  7.7627e+01
5741.4941  1.4203e+02  7.3112e+01
5742.7446  1.1040e+02  7.7568e+01
5743.9946  8.6040e+01  7.5595e+01
5745.2451  8.2405e+01  8.1417e+01
5746.4956  1.0173e+01  7.0820e+01
5747.7456  6.2950e+01  7.2171e+01
5748.9961  2.2017e+01  6.6885e+01
5750.2466  -5.6007e+01  8.3094e+01
5751.4966  -5.0727e+01  7.4173e+01
5752.7471  -1.2547e+02  7.6008e+01
5753.9976  5.3160e+01  7.9786e+01
5755.2476  1.6709e+02  6.9017e+01
5756.4980  -1.2133e+01  6.8079e+01
5757.7485  9.7199e+01  8.9384e+01
5758.9985  1.8581e+02  8.2401e+01
5760.2490  5.1716e+01  9.3123e+01
5761.4995  -7.6788e+00  7.2242e+01
5762.7500  1.0386e+02  8.9602e+01
5764.0000  6.2428e+01  7.4061e+01
5765.2505  -2.5784e+01  7.1169e+01
5766.5010  -1.4993e+02  7.8580e+01
5767.7510  -1.0543e+02  7.3359e+01
5769.0015  -8.2095e+01  8.9300e+01
5770.2520  4.0975e+01  7.3497e+01
5771.5020  -1.3805e+02  7.7983e+01
5772.7524  -6.3298e+01  7.2363e+01
5774.0029  2.4099e+01  7.2481e+01
5775.2529  4.3681e+01  7.1907e+01
5776.5034  -6.2410e+01  8.0325e+01
5777.7539  3.3157e+01  7.9714e+01
5779.0039  -3.0774e+01  7.2444e+01
5780.2544  2.8364e+01  9.4191e+01
5781.5049  3.1045e+01  7.1380e+01
5782.7549  -1.9455e+01  7.2170e+01
5784.0054  -3.6739e+01  7.1225e+01
5785.2559  1.1692e+01  6.8795e+01
5786.5063  5.2339e-01  7.6556e+01
5787.7563  -7.6326e+01  7.8523e+01
5789.0068  2.1030e+01  8.1127e+01
5790.2573  4.9729e+00  7.8340e+01
5791.5073  -4.0125e+01  7.1543e+01
5792.7578  -5.0749e+01  9.3640e+01
5794.0083  -3.7832e+01  7.0778e+01
5795.2583  6.4751e+01  8.4653e+01
5796.5088  1.5763e+02  8.5827e+01
5797.7593  7.5590e+01  8.2100e+01
5799.0093  -9.8622e+01  1.0004e+02
5800.2598  -3.3464e+01  7.4110e+01
5801.5103  -5.3661e+01  7.8179e+01
5802.7603  -4.1994e+01  8.6696e+01
5804.0107  -1.0397e+02  6.9132e+01
5805.2612  -1.4292e+02  7.6298e+01
5806.5117  5.6707e+01  6.7973e+01
5807.7617  1.6804e+01  7.2968e+01
5809.0122  5.2384e+01  7.1626e+01
5810.2627  1.3403e+01  7.0276e+01
5811.5127  1.0861e+02  6.7759e+01
5812.7632  -6.5183e+01  6.6539e+01
5814.0137  7.6012e+01  9.5438e+01
5815.2637  3.9021e+01  6.6805e+01
5816.5142  1.7142e+01  6.9971e+01
5817.7646  -7.7312e+01  6.8648e+01
5819.0146  8.2816e+01  6.7998e+01
5820.2651  6.0239e+00  7.9814e+01
5821.5156  8.1980e+01  7.9534e+01
5822.7656  3.5215e+01  7.3653e+01
5824.0161  6.6416e+01  6.7331e+01
5825.2666  8.3019e+01  6.6640e+01
