# SNR 9.3949
# Quality c
# flux_factor = 1.e-20
5249.9565  -5.7133e+01  7.1385e+01
5251.2070  4.1692e+01  8.7037e+01
5252.4570  -6.1367e+00  7.2530e+01
5253.7075  -8.0379e+01  8.3383e+01
5254.9580  -3.6665e+01  6.9313e+01
5256.2085  1.3273e+02  6.8820e+01
5257.4585  1.3395e+02  8.1669e+01
5258.7090  1.5643e+02  7.7816e+01
5259.9595  3.8702e+01  6.5226e+01
5261.2095  9.8737e+01  5.8864e+01
5262.4600  2.7237e+01  6.4208e+01
5263.7104  1.3216e+02  6.7885e+01
5264.9604  -3.2161e+01  6.5861e+01
5266.2109  1.2904e+01  5.7077e+01
5267.4614  4.0695e+01  6.1345e+01
5268.7114  1.5289e+02  6.4110e+01
5269.9619  7.2600e+01  7.2513e+01
5271.2124  -2.9181e+01  7.0287e+01
5272.4624  -1.1917e+01  6.2485e+01
5273.7129  1.2474e+02  7.8328e+01
5274.9634  9.8297e+01  7.3502e+01
5276.2134  3.0994e+01  7.8377e+01
5277.4639  8.8627e+01  8.7512e+01
5278.7144  1.0108e+02  8.1223e+01
5279.9644  1.9434e+02  6.7163e+01
5281.2148  1.1878e+02  6.6790e+01
5282.4653  1.1144e+02  6.9400e+01
5283.7158  -2.1644e+01  6.1923e+01
5284.9658  2.0923e+01  7.1819e+01
5286.2163  -2.6449e+01  7.2195e+01
5287.4668  1.4959e+02  6.2218e+01
5288.7168  1.1714e+02  7.8588e+01
5289.9673  9.7282e+01  7.3990e+01
5291.2178  2.3477e+01  6.8854e+01
5292.4678  -2.0865e+01  7.3039e+01
5293.7183  -1.2813e+02  5.9724e+01
5294.9688  -2.1956e+00  8.0029e+01
5296.2188  1.4343e+02  6.2262e+01
5297.4692  1.7508e+02  6.6755e+01
5298.7197  1.0179e+02  8.0624e+01
5299.9697  2.0300e+02  6.9880e+01
5301.2202  7.0600e+01  6.5731e+01
5302.4707  6.8341e+01  7.2904e+01
5303.7207  -6.9948e+01  6.5570e+01
5304.9712  -8.0975e+01  6.3935e+01
5306.2217  1.0634e+02  6.4831e+01
5307.4717  9.2353e+01  6.8687e+01
5308.7222  -1.0952e+02  6.7163e+01
5309.9727  -1.0439e+02  6.3446e+01
5311.2231  -6.0413e+01  6.5822e+01
5312.4731  1.4941e+02  6.0942e+01
5313.7236  3.2426e+01  6.1696e+01
5314.9741  -7.5097e+01  6.0983e+01
5316.2241  2.5779e+01  6.6663e+01
5317.4746  -4.8599e+01  7.9123e+01
5318.7251  -1.3571e+00  5.9145e+01
5319.9751  3.4823e+01  7.5379e+01
5321.2256  5.2857e+01  7.3318e+01
5322.4761  8.2135e+01  7.2623e+01
5323.7261  1.4241e+02  7.0276e+01
5324.9766  8.1116e-01  6.5233e+01
5326.2271  -2.5011e+01  6.2919e+01
5327.4771  3.9396e+01  8.0456e+01
5328.7275  7.0382e+01  6.8410e+01
5329.9780  7.2060e+01  6.7408e+01
5331.2280  7.5352e+01  6.7911e+01
5332.4785  8.0244e+01  8.2087e+01
5333.7290  4.4972e+01  7.2682e+01
5334.9795  1.3433e+02  7.3112e+01
5336.2295  -3.5032e+00  7.1749e+01
5337.4800  3.4420e+02  7.1018e+01
5338.7305  4.8580e+02  6.7304e+01
5339.9805  3.9005e+02  7.7163e+01
5341.2310  3.2473e+02  6.7405e+01
5342.4814  3.0082e+01  6.2245e+01
5343.7314  4.3746e+01  7.5352e+01
5344.9819  -1.4666e+01  7.4066e+01
5346.2324  -1.1739e+02  6.4414e+01
5347.4824  1.1794e+02  6.2724e+01
5348.7329  -1.7022e+01  6.8730e+01
5349.9834  -3.6380e+01  5.9175e+01
5351.2334  6.9571e+01  7.3892e+01
5352.4839  3.8115e+01  5.8270e+01
5353.7344  4.4868e+01  6.3833e+01
5354.9844  -1.0475e+02  6.6903e+01
5356.2349  -1.1107e+01  7.5957e+01
5357.4854  5.2943e+01  6.8816e+01
5358.7354  -1.1224e+02  6.4343e+01
5359.9858  1.0620e+02  7.6740e+01
5361.2363  1.0988e+02  6.2984e+01
5362.4868  1.5433e+01  7.5316e+01
5363.7368  -2.7086e+00  5.7489e+01
5364.9873  2.0072e+01  6.4359e+01
5366.2378  -9.6386e+01  6.6015e+01
5367.4878  1.3393e+01  7.2028e+01
5368.7383  3.2615e+00  6.0269e+01
5369.9888  5.4759e+01  5.9043e+01
5371.2388  -1.1788e+01  6.7275e+01
5372.4893  -1.0045e+01  7.1661e+01
5373.7397  4.5537e+01  7.8726e+01
5374.9897  -2.9605e+01  6.4382e+01
5376.2402  7.7924e+01  6.3801e+01
5377.4907  1.0477e+02  6.5234e+01
5378.7407  -3.5487e+01  7.6109e+01
5379.9912  -1.5482e+01  6.1593e+01
5381.2417  1.6897e+02  8.6117e+01
5382.4917  1.4109e+02  6.9579e+01
5383.7422  2.5492e+01  6.4097e+01
5384.9927  -3.3327e+01  5.8832e+01
5386.2432  6.6804e+01  6.8153e+01
5387.4932  1.1750e+02  6.4680e+01
5388.7437  2.4995e+01  7.2659e+01
5389.9941  7.2247e+01  5.7528e+01
5391.2441  -9.2035e+01  6.3172e+01
5392.4946  -4.5903e+00  6.7787e+01
5393.7451  -1.4549e+01  6.2819e+01
5394.9951  1.1011e+02  6.2957e+01
5396.2456  4.2762e+01  6.0922e+01
5397.4961  8.8861e+00  5.7360e+01
5398.7461  1.0134e+02  6.5919e+01
5399.9966  -1.1970e+01  5.9830e+01
5401.2471  3.3877e+01  5.6649e+01
5402.4971  1.7583e+01  6.0621e+01
5403.7476  3.4595e+01  7.0148e+01
5404.9980  6.8876e+01  6.4987e+01
5406.2480  3.8435e+01  6.2800e+01
5407.4985  1.2922e+01  6.3640e+01
5408.7490  2.0957e+01  6.6264e+01
5409.9990  -3.2022e+00  6.5479e+01
5411.2495  2.3478e+01  5.4196e+01
5412.5000  1.0157e+02  6.4754e+01
5413.7505  -1.8576e+01  7.2014e+01
5415.0005  5.8518e+01  6.6110e+01
5416.2510  -2.2313e+00  7.3658e+01
5417.5015  -1.2124e+01  6.5007e+01
5418.7515  -7.1945e+01  6.5745e+01
5420.0020  -9.8078e+01  6.4573e+01
5421.2524  1.1128e+02  6.4943e+01
5422.5024  9.1599e+00  5.6858e+01
5423.7529  1.7455e+01  5.5349e+01
5425.0034  4.9308e+01  6.4922e+01
5426.2534  -3.8601e+01  7.5472e+01
5427.5039  8.6053e+00  6.5392e+01
