# SNR 11.3187
# Quality c
# flux_factor = 1.e-20
6871.9717  -1.1595e+02  7.7410e+01
6873.2222  5.1938e+01  8.8508e+01
6874.4727  2.5930e+01  6.8634e+01
6875.7227  -6.1435e+01  5.4915e+01
6876.9731  -1.9800e+01  4.7057e+01
6878.2236  -5.4420e+00  5.2899e+01
6879.4736  -5.0755e+01  4.9213e+01
6880.7241  -2.6615e+01  5.6747e+01
6881.9746  -3.1238e+01  5.9651e+01
6883.2246  -1.0223e+02  6.8422e+01
6884.4751  -2.1791e+01  6.4997e+01
6885.7256  -7.9833e+01  5.0163e+01
6886.9761  -2.7586e+01  5.2135e+01
6888.2261  -6.1917e+01  4.7392e+01
6889.4766  -3.5037e+01  7.0290e+01
6890.7271  -6.5750e+01  8.6739e+01
6891.9771  -9.4255e+00  8.7792e+01
6893.2275  -7.3656e+01  5.6608e+01
6894.4780  -6.7337e+01  4.5287e+01
6895.7280  6.8326e+00  5.8317e+01
6896.9785  -8.5964e+01  5.7651e+01
6898.2290  -4.7538e+01  4.9959e+01
6899.4790  -5.8301e+01  4.3007e+01
6900.7295  -5.8769e+01  5.6934e+01
6901.9800  -5.3552e+01  9.0095e+01
6903.2305  -3.6969e+01  1.0072e+02
6904.4805  -6.6163e+01  6.5870e+01
6905.7310  -6.8207e+01  5.0708e+01
6906.9814  5.3220e+01  4.3486e+01
6908.2314  -2.0526e+01  4.4765e+01
6909.4819  3.2068e+01  4.1541e+01
6910.7324  2.8741e+01  5.1053e+01
6911.9824  2.1201e+01  4.8303e+01
6913.2329  -8.0195e+01  8.4238e+01
6914.4834  -1.8015e+02  9.7705e+01
6915.7334  1.3312e+01  8.6149e+01
6916.9839  -2.7633e+01  6.2668e+01
6918.2344  1.7769e+01  4.0731e+01
6919.4844  -1.7387e+01  4.9992e+01
6920.7349  1.2529e+01  4.7752e+01
6921.9854  6.2133e+01  4.5329e+01
6923.2358  -1.2915e+01  6.5800e+01
6924.4858  -5.6204e+00  1.1001e+02
6925.7363  8.1357e+01  1.2408e+02
6926.9868  -3.4864e+01  8.7471e+01
6928.2368  -2.6451e+01  4.4877e+01
6929.4873  4.3573e+01  4.9169e+01
6930.7378  -5.9584e+01  4.4037e+01
6931.9878  -3.7020e+01  4.2940e+01
6933.2383  -7.7753e+01  4.3014e+01
6934.4888  -9.9882e+01  4.3450e+01
6935.7388  -9.0909e+00  4.2915e+01
6936.9893  -1.6534e+01  4.1948e+01
6938.2397  5.4636e+01  4.3462e+01
6939.4897  9.8398e+01  4.8764e+01
6940.7402  4.5366e+01  9.0657e+01
6941.9907  5.5121e+01  9.2530e+01
6943.2412  -1.3922e+02  6.5175e+01
6944.4912  -1.2751e+02  5.1578e+01
6945.7417  3.2230e+01  5.5225e+01
6946.9922  -9.6779e+00  4.0017e+01
6948.2422  1.2239e+02  6.6463e+01
6949.4927  7.5843e+01  7.5804e+01
6950.7432  -1.1099e+01  1.3087e+02
6951.9932  1.0405e+01  1.2134e+02
6953.2437  -6.4337e+01  7.8388e+01
6954.4941  -7.8285e+01  5.3100e+01
6955.7441  -1.8604e+01  4.4558e+01
6956.9946  2.3475e+01  4.3863e+01
6958.2451  -5.6293e+01  4.5111e+01
6959.4956  -7.0085e+01  5.0875e+01
6960.7456  -8.8582e+00  5.5887e+01
6961.9961  5.1149e+01  4.6667e+01
6963.2466  -3.2043e+01  4.6661e+01
6964.4966  -2.6426e+01  4.1958e+01
6965.7471  -4.6887e+01  4.7549e+01
6966.9976  -7.8448e+01  4.7751e+01
6968.2476  3.1560e+01  4.5472e+01
6969.4980  5.7145e+01  5.9640e+01
6970.7485  1.0477e+02  6.3910e+01
6971.9985  -3.6543e+00  7.9811e+01
6973.2490  -1.0814e+02  7.7418e+01
6974.4995  6.2374e+00  4.3809e+01
6975.7495  6.6818e+01  4.2252e+01
6977.0000  6.7436e+01  4.2330e+01
6978.2505  6.9387e+01  4.9163e+01
6979.5010  -4.6087e+01  1.0927e+02
6980.7510  2.6521e+01  1.0745e+02
6982.0015  -9.2968e+01  8.9146e+01
6983.2520  -5.8079e+01  5.2568e+01
6984.5020  3.0377e+01  5.3162e+01
6985.7524  -8.7251e+00  5.1562e+01
6987.0029  2.4300e+02  5.0401e+01
6988.2529  3.6174e+02  4.4357e+01
6989.5034  2.5853e+02  4.8172e+01
6990.7539  1.1832e+02  4.4249e+01
6992.0039  8.1311e+01  4.6092e+01
6993.2544  1.9849e+01  4.6228e+01
6994.5049  -4.2793e+01  4.9577e+01
6995.7554  2.6985e+01  4.1354e+01
6997.0054  1.7299e+01  5.2940e+01
6998.2559  -6.5236e+01  4.5316e+01
6999.5063  -4.4099e+01  4.5324e+01
7000.7563  -9.2396e+00  4.8975e+01
7002.0068  -2.6186e+01  4.4883e+01
7003.2573  1.2867e+01  4.6148e+01
7004.5073  -6.5307e+01  5.1994e+01
7005.7578  -1.2195e+00  7.9504e+01
7007.0083  3.9142e+01  5.8673e+01
7008.2583  -9.7943e+00  4.6311e+01
7009.5088  -1.3078e+01  4.8394e+01
7010.7593  -1.0109e+02  5.0192e+01
7012.0093  -1.0158e+02  5.7860e+01
7013.2598  -7.1589e+01  8.0660e+01
7014.5103  -2.1948e+01  7.6628e+01
7015.7607  -1.3350e+00  4.9759e+01
7017.0107  7.4019e+01  4.6517e+01
7018.2612  -3.8710e+01  4.1508e+01
7019.5117  7.4597e+00  3.9857e+01
7020.7617  3.8503e+00  3.9864e+01
7022.0122  -6.1326e+00  4.5821e+01
7023.2627  -4.8192e+01  5.4040e+01
7024.5127  -3.5722e+01  4.6195e+01
7025.7632  -7.4787e+01  4.2060e+01
7027.0137  -2.8712e+01  3.8950e+01
7028.2637  -1.8995e+01  4.4480e+01
7029.5142  -4.4125e+01  4.2344e+01
7030.7646  1.3119e+01  4.7936e+01
7032.0151  -1.8591e+01  4.2214e+01
7033.2651  -2.0348e+01  4.0925e+01
7034.5156  -1.7767e+01  3.8864e+01
7035.7661  -2.2210e+01  4.1654e+01
7037.0161  -6.2198e-01  4.8460e+01
7038.2666  6.0926e+01  4.2337e+01
7039.5171  4.5618e+01  4.3610e+01
7040.7671  4.9401e+01  5.2463e+01
7042.0176  -6.3794e+00  4.6063e+01
7043.2681  -2.5360e+01  5.4569e+01
7044.5181  1.5676e+01  5.1481e+01
7045.7686  -3.5674e+01  4.9892e+01
7047.0190  -7.3335e+01  4.5452e+01
7048.2690  5.3245e+01  5.8802e+01
7049.5195  -2.7069e+01  7.3276e+01
7050.7700  -3.4411e+01  7.2665e+01
7052.0205  -8.4145e+01  5.8148e+01
7053.2705  -1.0611e+01  6.2982e+01
7054.5210  7.5284e+01  5.3354e+01
7055.7715  8.5676e+01  4.7187e+01
7057.0215  4.9887e+01  4.7765e+01
7058.2720  -7.2683e+01  4.4039e+01
7059.5225  -3.3107e+01  4.7917e+01
7060.7725  -4.0572e+01  4.5227e+01
7062.0229  -5.7458e+01  4.3968e+01
7063.2734  1.2859e+02  4.8898e+01
7064.5234  1.6862e+01  5.0018e+01
7065.7739  6.5419e+00  5.0079e+01
7067.0244  -5.3686e+01  5.6464e+01
7068.2749  9.0285e+01  5.2283e+01
7069.5249  -2.4944e+01  4.7786e+01
7070.7754  1.9503e+01  4.5154e+01
7072.0259  1.4264e+01  6.0308e+01
7073.2759  8.7872e+00  4.6083e+01
7074.5264  -1.2418e+01  5.8676e+01
7075.7769  -1.5587e+01  4.8511e+01
7077.0269  -1.8877e+01  5.0397e+01
7078.2773  5.2460e+01  4.2709e+01
7079.5278  -5.5611e+01  6.8968e+01
7080.7778  1.3904e+01  4.8035e+01
7082.0283  -2.0224e+00  4.3116e+01
7083.2788  -6.1548e+01  4.6664e+01
7084.5288  -4.0001e+01  5.9754e+01
7085.7793  2.4132e+01  4.9392e+01
7087.0298  2.1784e-01  4.1981e+01
7088.2803  -1.5626e+00  4.2975e+01
7089.5303  9.2298e+00  5.6703e+01
7090.7808  -3.4430e+01  5.8046e+01
7092.0312  -9.2202e+01  5.2663e+01
7093.2812  -5.9623e+01  4.6065e+01
7094.5317  -1.0440e+02  5.5375e+01
7095.7822  -1.0057e+02  4.2718e+01
7097.0322  2.2731e+00  4.4294e+01
7098.2827  -6.9817e+01  4.0607e+01
7099.5332  -1.2192e+01  4.0988e+01
7100.7832  -4.5181e+01  4.5518e+01
7102.0337  -6.3161e+01  4.7859e+01
7103.2842  -7.6462e+01  4.4640e+01
7104.5347  -5.8243e+01  4.5756e+01
