# SNR 8.0849
# Quality c
# flux_factor = 1.e-20
5506.3921  -4.5928e-01  9.8002e+01
5507.6426  3.7591e+01  9.3031e+01
5508.8931  5.9999e+01  9.5114e+01
5510.1431  2.9600e+01  9.2974e+01
5511.3936  -7.7549e+01  7.6099e+01
5512.6440  -7.9305e+01  1.0001e+02
5513.8940  -1.6553e+02  8.7884e+01
5515.1445  7.0476e+00  8.2154e+01
5516.3950  1.5142e+01  8.1471e+01
5517.6450  -5.1899e+01  9.4346e+01
5518.8955  3.8917e+01  7.7797e+01
5520.1460  8.1062e+01  8.5814e+01
5521.3960  7.6058e+01  8.5762e+01
5522.6465  9.4011e+01  8.3727e+01
5523.8970  7.8215e+01  1.0160e+02
5525.1470  -5.1498e+00  9.0599e+01
5526.3975  -1.7823e+01  7.1466e+01
5527.6479  -1.3789e+02  7.8238e+01
5528.8979  1.2015e+02  8.6040e+01
5530.1484  -5.9111e+01  9.4574e+01
5531.3989  -1.5222e+02  8.3772e+01
5532.6494  -2.9447e+00  9.8144e+01
5533.8994  -2.2088e+01  1.0141e+02
5535.1499  1.8230e+02  9.0905e+01
5536.4004  7.2978e+00  1.0236e+02
5537.6504  -4.2359e+01  8.9366e+01
5538.9009  -7.8907e+01  9.6405e+01
5540.1514  -1.3424e+02  8.3957e+01
5541.4014  -1.9334e+02  9.4665e+01
5542.6519  -4.4750e+01  7.9610e+01
5543.9023  1.3725e+02  8.5032e+01
5545.1523  1.9058e+02  1.0303e+02
5546.4028  9.5483e+01  8.4520e+01
5547.6533  1.2481e+02  8.5346e+01
5548.9033  2.1358e+02  8.3723e+01
5550.1538  7.0559e+01  8.7836e+01
5551.4043  9.5819e+01  7.6535e+01
5552.6543  -1.0010e+02  9.3850e+01
5553.9048  -5.6411e+01  8.6460e+01
5555.1553  8.9226e+01  1.0930e+02
5556.4058  9.7696e+00  1.0134e+02
5557.6558  2.1394e+02  8.8482e+01
5558.9062  1.9128e+01  9.4433e+01
5560.1567  3.4223e+01  1.1180e+02
5561.4067  1.3232e+02  8.1350e+01
5562.6572  7.1248e+01  9.2972e+01
5563.9077  -7.5559e+01  8.6357e+01
5565.1577  9.4344e+01  9.4750e+01
5566.4082  5.0008e+01  8.6667e+01
5567.6587  5.1486e+01  9.2994e+01
5568.9087  -4.2396e+00  7.6909e+01
5570.1592  4.4836e-01  8.1068e+01
5571.4097  1.2625e+02  1.0282e+02
5572.6597  1.6455e+02  1.1982e+02
5573.9102  9.8520e+00  1.2353e+02
5575.1606  4.3938e+01  9.1565e+01
5576.4106  5.3607e+01  2.4460e+02
5577.6611  4.8364e+01  6.3058e+02
5578.9116  5.2345e+01  7.3256e+02
5580.1621  4.1070e+01  4.3807e+02
5581.4121  6.9650e+01  1.2970e+02
5582.6626  -1.8366e+02  1.0559e+02
5583.9131  2.8841e+01  9.6244e+01
5585.1631  5.0658e+01  8.8979e+01
5586.4136  9.4759e+01  7.7323e+01
5587.6641  2.8604e+02  9.4138e+01
5588.9141  1.0431e+02  8.9576e+01
5590.1646  -5.8690e+01  9.1504e+01
5591.4150  6.9729e+01  8.6602e+01
5592.6650  1.2892e+02  9.9870e+01
5593.9155  1.3235e+01  8.7535e+01
5595.1660  -1.5283e+02  8.3964e+01
5596.4160  1.3383e+01  8.3677e+01
5597.6665  4.5812e+02  7.7965e+01
5598.9170  5.5047e+02  8.8839e+01
5600.1670  4.5045e+02  9.9145e+01
5601.4175  2.8800e+02  7.5954e+01
5602.6680  3.0555e+02  8.7310e+01
5603.9185  9.0318e+01  7.3720e+01
5605.1685  8.8628e+00  8.5384e+01
5606.4189  -1.0753e+02  9.3585e+01
5607.6694  9.0185e+01  8.2791e+01
5608.9194  8.5475e+01  7.6840e+01
5610.1699  1.0191e+02  8.9977e+01
5611.4204  1.1223e+02  9.1542e+01
5612.6704  1.5654e+02  8.5538e+01
5613.9209  -6.3909e+01  7.8042e+01
5615.1714  1.3525e+02  1.0003e+02
5616.4214  3.3614e+01  9.8540e+01
5617.6719  4.5398e+01  7.4591e+01
5618.9224  1.2659e+02  9.0741e+01
5620.1724  1.4538e+01  7.9320e+01
5621.4229  -2.5095e+01  7.1622e+01
5622.6733  6.6756e+00  9.0646e+01
5623.9233  6.4207e+01  8.5173e+01
5625.1738  -5.2717e+01  9.1466e+01
5626.4243  1.8612e+02  7.7837e+01
5627.6748  2.4729e+02  8.5513e+01
5628.9248  1.9684e+02  9.4963e+01
5630.1753  -1.3699e+02  9.2256e+01
5631.4258  -9.4007e+01  9.7688e+01
5632.6758  -1.0600e+02  8.0263e+01
5633.9263  -1.5143e+02  9.1914e+01
5635.1768  1.2843e+01  7.0036e+01
5636.4268  6.2119e+01  7.6529e+01
5637.6772  1.9052e+02  9.0157e+01
5638.9277  7.7701e+01  7.0232e+01
5640.1777  -1.0952e+02  8.5559e+01
5641.4282  -3.0872e+01  7.4437e+01
5642.6787  -3.1963e+01  7.0534e+01
5643.9287  2.1857e+01  9.1045e+01
5645.1792  1.2689e+02  1.1070e+02
5646.4297  5.6984e+01  8.8006e+01
5647.6802  -1.1304e+01  8.5738e+01
5648.9302  1.2148e+02  7.1392e+01
5650.1807  -1.7287e+01  7.2747e+01
5651.4312  -6.4623e+01  7.0365e+01
5652.6812  6.9563e+01  1.0379e+02
5653.9316  -6.6349e+00  8.7625e+01
5655.1821  1.2694e+02  8.8364e+01
5656.4321  -6.2962e+01  8.2203e+01
5657.6826  2.0699e+01  8.3944e+01
5658.9331  9.5990e+01  8.2995e+01
5660.1831  -8.2069e+01  7.3798e+01
5661.4336  1.6726e+02  9.2761e+01
5662.6841  5.7815e+01  9.1831e+01
5663.9341  1.3765e+02  8.4736e+01
5665.1846  4.7597e+00  8.3932e+01
5666.4351  1.6856e+02  8.9987e+01
5667.6851  1.5531e+02  8.9715e+01
5668.9355  1.0714e+02  8.4364e+01
5670.1860  1.2614e+01  7.7549e+01
5671.4365  3.4237e+01  9.4972e+01
5672.6865  -2.7512e+00  8.2517e+01
5673.9370  2.1289e+01  8.0412e+01
5675.1875  1.6185e+02  1.0048e+02
5676.4375  2.2315e+02  7.7802e+01
5677.6880  2.0309e+02  1.0447e+02
5678.9385  1.1259e+02  8.5837e+01
5680.1885  1.0307e+02  9.7767e+01
5681.4390  8.3854e+01  7.5734e+01
5682.6895  3.8986e+01  8.5346e+01
5683.9395  1.0228e+02  9.1676e+01
5685.1899  -5.7455e+01  7.4759e+01
5686.4404  5.6709e+01  7.9722e+01
5687.6904  6.8762e+01  8.3062e+01
5688.9409  1.1870e+02  1.0360e+02
5690.1914  3.8864e+01  8.7400e+01
5691.4414  3.1382e+01  7.6707e+01
