# SNR 8.0779
# Quality c
# flux_factor = 1.e-20
6012.8315  -7.8308e+01  7.1168e+01
6014.0815  -4.4735e+00  6.0417e+01
6015.3320  4.2569e+01  6.0130e+01
6016.5825  6.6060e+01  5.2410e+01
6017.8325  -1.3780e+01  5.2528e+01
6019.0830  1.2566e+02  5.7263e+01
6020.3335  3.7709e+01  5.5187e+01
6021.5835  -8.1096e+01  5.2004e+01
6022.8340  8.0620e+01  5.1079e+01
6024.0845  -5.6111e+00  5.8002e+01
6025.3350  5.3934e+01  5.5616e+01
6026.5850  -1.3020e+01  5.7545e+01
6027.8354  -5.5151e+01  5.3201e+01
6029.0859  4.7845e+01  6.2622e+01
6030.3359  -8.5229e+01  5.5219e+01
6031.5864  -1.7470e+01  5.3103e+01
6032.8369  9.8942e+01  5.1394e+01
6034.0869  2.8045e+01  5.5428e+01
6035.3374  7.5203e+01  5.8067e+01
6036.5879  3.7549e+01  5.5157e+01
6037.8379  7.0466e+00  5.1973e+01
6039.0884  -6.9773e+01  5.4144e+01
6040.3389  -1.5838e+01  5.2417e+01
6041.5889  8.5426e+01  5.7142e+01
6042.8394  1.4194e+00  5.0678e+01
6044.0898  1.3145e+01  5.3312e+01
6045.3403  1.2432e+01  6.7284e+01
6046.5903  4.1755e+01  7.4809e+01
6047.8408  -5.8316e+01  4.9896e+01
6049.0913  7.4097e+00  5.4618e+01
6050.3413  3.4665e+01  5.3874e+01
6051.5918  3.0486e+00  6.2127e+01
6052.8423  -5.6204e+01  6.0856e+01
6054.0923  -6.0631e+01  5.5751e+01
6055.3428  2.0043e+01  5.1331e+01
6056.5933  -1.6178e+01  5.6484e+01
6057.8433  -1.8989e+01  4.9691e+01
6059.0938  5.9459e+01  6.2998e+01
6060.3442  -1.0515e+01  6.1978e+01
6061.5942  -6.6948e+01  5.4383e+01
6062.8447  2.1001e+01  5.0689e+01
6064.0952  5.6352e+01  6.0583e+01
6065.3457  3.5040e+01  6.5230e+01
6066.5957  -2.2367e+01  5.3402e+01
6067.8462  1.2915e+01  6.4276e+01
6069.0967  3.3835e+01  5.4461e+01
6070.3467  -2.2068e+01  6.6934e+01
6071.5972  -4.9897e+01  4.8836e+01
6072.8477  -5.5732e+01  5.2348e+01
6074.0977  -5.7655e+01  4.9453e+01
6075.3481  5.7286e+01  5.3376e+01
6076.5986  4.2177e-01  6.1845e+01
6077.8486  -6.5518e+01  5.1432e+01
6079.0991  1.8473e+01  5.4272e+01
6080.3496  2.1091e+00  4.8267e+01
6081.5996  2.9538e+01  4.7588e+01
6082.8501  7.1528e+01  5.1870e+01
6084.1006  -3.6727e+01  5.6023e+01
6085.3506  1.3092e+02  4.6288e+01
6086.6011  -2.6817e+01  4.7463e+01
6087.8516  1.5474e+00  5.9861e+01
6089.1021  -3.8272e+01  6.6020e+01
6090.3521  -3.3815e+01  5.0884e+01
6091.6025  -3.3080e+01  6.0200e+01
6092.8530  2.1365e+01  5.5281e+01
6094.1030  -5.6880e+01  6.0174e+01
6095.3535  4.3986e+01  6.9552e+01
6096.6040  5.3528e+00  5.6924e+01
6097.8540  -3.0959e+01  5.2043e+01
6099.1045  2.3237e+02  5.5364e+01
6100.3550  2.1972e+02  5.3293e+01
6101.6050  1.2386e+02  5.0203e+01
6102.8555  2.1786e+01  5.3437e+01
6104.1060  -6.3922e+01  5.4733e+01
6105.3560  8.6241e+01  5.2951e+01
6106.6064  3.6662e+01  5.5448e+01
6107.8569  5.8592e-01  4.8612e+01
6109.1074  4.8926e+01  5.5161e+01
6110.3574  1.2639e+02  4.6414e+01
6111.6079  1.1143e+02  4.6241e+01
6112.8584  3.2162e+02  4.6310e+01
6114.1084  4.2491e+02  5.4233e+01
6115.3589  2.9520e+02  6.3930e+01
6116.6094  2.4762e+02  5.1076e+01
6117.8594  1.5296e+02  5.1420e+01
6119.1099  1.5818e+02  6.1036e+01
6120.3604  1.9116e+02  5.7044e+01
6121.6104  8.4414e+01  5.2615e+01
6122.8608  4.6338e-01  5.0582e+01
6124.1113  1.4708e+01  4.6480e+01
6125.3613  -2.2671e+01  4.9958e+01
6126.6118  8.4669e+00  4.6595e+01
6127.8623  1.5638e+01  6.3767e+01
6129.1128  1.1573e+02  5.8730e+01
6130.3628  -3.7801e+01  4.6792e+01
6131.6133  4.1708e+01  4.8277e+01
6132.8638  -1.1682e+01  4.6527e+01
6134.1138  -1.3998e+01  5.6755e+01
6135.3643  1.3960e+01  5.0213e+01
6136.6147  7.9115e+01  5.4298e+01
6137.8647  -5.0121e+01  5.1027e+01
6139.1152  -6.8439e+01  5.3388e+01
6140.3657  -1.4885e+01  6.3195e+01
6141.6157  -3.5976e+01  5.3631e+01
6142.8662  -1.1662e+01  5.9634e+01
6144.1167  3.2107e+00  6.0698e+01
6145.3667  -1.1968e+01  5.5890e+01
6146.6172  -4.4635e+01  6.5404e+01
6147.8677  -1.3551e+01  4.9180e+01
6149.1182  4.0613e+01  4.7595e+01
6150.3682  -6.2195e+01  4.8993e+01
6151.6187  3.3405e+00  5.5736e+01
6152.8691  6.7516e+00  5.5514e+01
6154.1191  -4.3047e+01  4.9807e+01
6155.3696  4.5981e+01  5.6823e+01
6156.6201  2.4507e+01  5.2854e+01
6157.8701  -1.3459e+01  7.3137e+01
6159.1206  -3.2515e+00  6.0797e+01
6160.3711  -5.7643e+01  5.6134e+01
6161.6211  -1.2552e+02  4.9590e+01
6162.8716  3.9395e+01  4.9524e+01
6164.1221  -9.9567e+01  4.9939e+01
6165.3721  -2.5267e+01  4.8077e+01
6166.6226  -1.8478e+01  5.7812e+01
6167.8730  1.1611e+02  5.5948e+01
6169.1230  1.8572e+01  5.1307e+01
6170.3735  2.0108e+01  5.4212e+01
6171.6240  7.1185e+01  6.0604e+01
6172.8745  4.6663e+01  5.9742e+01
6174.1245  6.3994e+01  5.1438e+01
6175.3750  3.7934e+01  4.7805e+01
6176.6255  -1.1403e+00  5.8859e+01
6177.8755  5.3289e+01  5.4907e+01
6179.1260  2.8123e+00  5.6795e+01
6180.3765  5.8312e+01  4.9101e+01
6181.6265  -2.8270e+01  5.3971e+01
6182.8770  3.7306e+01  5.8416e+01
6184.1274  -3.8835e+01  4.7750e+01
6185.3774  2.5414e+01  5.2163e+01
6186.6279  -6.9405e+01  5.2748e+01
6187.8784  -1.3079e+01  4.7035e+01
6189.1284  7.6699e+00  6.2063e+01
6190.3789  -2.7714e+00  4.7902e+01
6191.6294  2.2425e+01  4.6578e+01
6192.8799  -6.0419e+01  4.7496e+01
6194.1299  -5.4623e+01  4.9899e+01
6195.3804  2.7888e+00  5.8298e+01
6196.6309  -2.4290e+01  4.6915e+01
6197.8809  6.4647e+01  5.2591e+01
6199.1313  -1.1633e+01  5.8285e+01
6200.3818  -2.1756e+01  4.7932e+01
6201.6318  1.2498e+01  5.1449e+01
6202.8823  -1.0459e+01  5.2321e+01
6204.1328  -2.5584e+01  6.4740e+01
6205.3828  4.2825e+01  5.6891e+01
6206.6333  6.3299e+01  5.4514e+01
6207.8838  -2.3968e+01  4.9313e+01
6209.1338  -3.5452e+01  4.8811e+01
6210.3843  5.3290e+01  4.6377e+01
6211.6348  -1.6642e+01  5.3132e+01
6212.8853  -1.1753e+02  4.7162e+01
6214.1353  1.2389e+01  6.5290e+01
6215.3857  1.2057e+02  5.3934e+01
