# SNR 14.4713
# Quality c
# flux_factor = 1.e-20
6028.0376  -7.8157e+00  1.3808e+02
6029.2881  1.7549e+02  1.4038e+02
6030.5381  7.5180e+01  1.4079e+02
6031.7886  -4.5921e+01  1.3842e+02
6033.0391  -7.4395e+01  1.3741e+02
6034.2891  1.1660e+02  1.3849e+02
6035.5396  4.0729e+01  1.4495e+02
6036.7900  -1.9206e+01  1.4318e+02
6038.0405  1.3561e+02  1.3778e+02
6039.2905  7.2026e+01  1.3659e+02
6040.5410  -7.8489e+01  1.3602e+02
6041.7915  -9.4315e+01  1.3604e+02
6043.0415  -5.6898e+01  1.3575e+02
6044.2920  3.0051e+01  1.3543e+02
6045.5425  -1.9580e+01  1.3434e+02
6046.7925  -3.4068e+01  1.3374e+02
6048.0430  2.2411e+02  1.3536e+02
6049.2935  -6.4326e+01  1.3542e+02
6050.5435  1.7467e+01  1.3426e+02
6051.7939  4.3382e+01  1.3442e+02
6053.0444  -1.2110e+02  1.3518e+02
6054.2944  2.0554e+02  1.3391e+02
6055.5449  8.9220e+01  1.3349e+02
6056.7954  4.9292e+01  1.3540e+02
6058.0454  2.3215e+02  1.3369e+02
6059.2959  -8.7243e+00  1.3402e+02
6060.5464  -1.2527e+02  1.3353e+02
6061.7969  -4.9866e+01  1.3370e+02
6063.0469  9.7928e+01  1.3518e+02
6064.2974  -4.2243e+01  1.3663e+02
6065.5479  -1.3111e+01  1.3542e+02
6066.7979  -3.2741e+01  1.3314e+02
6068.0483  -3.5335e+01  1.3461e+02
6069.2988  1.3409e+01  1.3670e+02
6070.5488  -3.7333e+01  1.3533e+02
6071.7993  -6.0334e+01  1.3287e+02
6073.0498  3.2932e+01  1.3165e+02
6074.2998  1.5867e+00  1.3127e+02
6075.5503  2.8513e+00  1.3160e+02
6076.8008  3.0024e+00  1.3172e+02
6078.0508  1.0593e+02  1.3095e+02
6079.3013  1.1127e+02  1.3196e+02
6080.5518  7.7607e+01  1.3105e+02
6081.8022  7.1567e+01  1.3105e+02
6083.0522  -2.6118e+00  1.2895e+02
6084.3027  -1.4811e+02  1.3077e+02
6085.5532  -1.0514e+02  1.2993e+02
6086.8032  -7.9194e+01  1.2940e+02
6088.0537  1.5421e+02  1.3077e+02
6089.3042  1.4293e+01  1.3160e+02
6090.5542  4.8250e+01  1.3051e+02
6091.8047  -1.0990e+02  1.3045e+02
6093.0552  -1.0405e+02  1.2875e+02
6094.3052  1.3108e+01  1.2974e+02
6095.5557  -2.1033e+01  1.3001e+02
6096.8062  -1.6434e+02  1.3218e+02
6098.0562  -8.4297e+01  1.3284e+02
6099.3066  -6.2836e+01  1.3166e+02
6100.5571  -5.8863e+01  1.3155e+02
6101.8076  4.2124e+01  1.3256e+02
6103.0576  4.1114e+01  1.3057e+02
6104.3081  5.7082e+01  1.3050e+02
6105.5586  1.4663e+02  1.3202e+02
6106.8086  9.4412e+01  1.3327e+02
6108.0591  -1.0903e+01  1.3196e+02
6109.3096  -1.7641e+02  1.3085e+02
6110.5596  -6.8361e+01  1.2926e+02
6111.8101  -1.5192e+02  1.2963e+02
6113.0605  1.3047e+02  1.2867e+02
6114.3105  3.8352e+01  1.3041e+02
6115.5610  9.4744e+01  1.2877e+02
6116.8115  1.6338e+01  1.2745e+02
6118.0615  1.1034e+02  1.2717e+02
6119.3120  1.2569e+02  1.2680e+02
6120.5625  2.7498e+02  1.2781e+02
6121.8130  1.3818e+02  1.2735e+02
6123.0630  -1.4473e+02  1.2662e+02
6124.3135  2.7531e+01  1.2457e+02
6125.5640  3.5020e+02  1.2607e+02
6126.8140  4.7700e+02  1.2566e+02
6128.0645  8.0087e+02  1.2704e+02
6129.3149  1.1067e+03  1.2558e+02
6130.5649  8.9740e+02  1.2666e+02
6131.8154  5.7424e+02  1.2507e+02
6133.0659  6.0317e+02  1.2462e+02
6134.3159  3.7490e+02  1.2464e+02
6135.5664  2.3418e+02  1.2515e+02
6136.8169  1.6901e+02  1.2672e+02
6138.0669  -3.8047e+01  1.3117e+02
6139.3174  1.7078e+02  1.3121e+02
6140.5679  4.6344e+01  1.3356e+02
6141.8179  3.9092e+01  1.3579e+02
6143.0684  -5.9857e+01  1.2854e+02
6144.3188  2.2693e+01  1.2810e+02
6145.5693  6.7178e+01  1.3559e+02
6146.8193  3.5113e+01  1.3713e+02
6148.0698  -5.5441e+01  1.2969e+02
6149.3203  1.1906e+02  1.2444e+02
6150.5703  1.0520e+02  1.2404e+02
6151.8208  4.2838e+01  1.2438e+02
6153.0713  1.3852e+01  1.2688e+02
6154.3213  -1.4257e+02  1.2597e+02
6155.5718  -3.1200e+01  1.2396e+02
6156.8223  -5.4751e+01  1.2370e+02
6158.0723  -8.4242e+01  1.2364e+02
6159.3228  -7.0914e+01  1.2281e+02
6160.5732  1.9150e+02  1.2277e+02
6161.8232  5.0190e+01  1.2459e+02
6163.0737  1.0895e+02  1.2274e+02
6164.3242  7.5204e+01  1.2168e+02
6165.5747  7.3153e+01  1.2073e+02
6166.8247  7.1882e+01  1.2180e+02
6168.0752  2.1842e+02  1.2300e+02
6169.3257  1.6596e+02  1.2324e+02
6170.5757  2.2104e+02  1.2615e+02
6171.8262  -4.2496e+01  1.4050e+02
6173.0767  -5.4051e+01  1.4324e+02
6174.3267  -2.5433e+00  1.2972e+02
6175.5771  1.4293e+02  1.2326e+02
6176.8276  1.4470e+02  1.2628e+02
6178.0776  1.1899e+02  1.3005e+02
6179.3281  -4.9314e+01  1.2778e+02
6180.5786  7.9841e+01  1.2184e+02
6181.8286  -8.2498e+01  1.2207e+02
6183.0791  8.8433e+01  1.2146e+02
6184.3296  -1.8607e+01  1.2196e+02
6185.5801  4.6623e+01  1.2550e+02
6186.8301  1.9895e+02  1.2369e+02
6188.0806  7.4319e+01  1.2201e+02
6189.3311  -1.9820e+01  1.2175e+02
6190.5811  6.3877e+01  1.2303e+02
6191.8315  -1.0638e+02  1.2107e+02
6193.0820  -9.0747e+00  1.2151e+02
6194.3320  -7.6281e+01  1.2431e+02
6195.5825  1.0022e+02  1.2528e+02
6196.8330  7.5514e+01  1.2279e+02
6198.0830  5.3081e+01  1.2068e+02
6199.3335  3.1505e+01  1.1941e+02
6200.5840  5.3221e+01  1.2032e+02
6201.8340  6.9782e+01  1.2028e+02
6203.0845  -3.9053e+01  1.2557e+02
6204.3350  -8.5761e+01  1.3649e+02
6205.5854  -1.6678e+02  1.3521e+02
6206.8354  -3.1036e+01  1.2236e+02
6208.0859  1.9678e+01  1.1985e+02
6209.3364  4.1081e+01  1.2062e+02
6210.5864  8.0872e+01  1.2059e+02
6211.8369  5.9525e+01  1.2044e+02
6213.0874  1.1017e+02  1.2205e+02
6214.3374  5.4069e+00  1.2704e+02
6215.5879  3.8708e+02  1.2618e+02
6216.8384  1.2294e+02  1.2118e+02
6218.0884  2.2590e+01  1.2051e+02
6219.3389  -1.8583e+01  1.2076e+02
6220.5894  -1.5576e+02  1.2021e+02
6221.8394  -3.9058e+01  1.2341e+02
6223.0898  -4.3083e+01  1.3961e+02
6224.3403  -1.1652e+02  1.3925e+02
6225.5908  1.5964e+02  1.2634e+02
6226.8408  1.5423e+02  1.2092e+02
6228.0913  4.3692e+01  1.2046e+02
6229.3418  -1.4871e+01  1.1908e+02
6230.5918  5.2399e+01  1.1880e+02
