# SNR 23.6926
# Quality c
# flux_factor = 1.e-20
4786.0781  5.0973e+01  9.1802e+01
4787.3281  2.3948e+02  9.5872e+01
4788.5786  1.5985e+02  1.1003e+02
4789.8291  1.5652e+01  9.9523e+01
4791.0791  8.4456e+01  9.0811e+01
4792.3296  2.9838e+01  1.0746e+02
4793.5801  5.6568e+01  7.6708e+01
4794.8301  1.8631e+02  8.7637e+01
4796.0806  5.6699e+01  9.3220e+01
4797.3311  2.6439e+02  8.5650e+01
4798.5811  1.9115e+01  9.6636e+01
4799.8315  6.4873e+01  8.3655e+01
4801.0820  2.3538e+02  1.0555e+02
4802.3320  -1.4742e+01  7.3943e+01
4803.5825  1.6454e+02  1.0335e+02
4804.8330  -1.3714e+02  1.0149e+02
4806.0830  -9.0810e+01  8.5425e+01
4807.3335  1.0738e+02  1.2190e+02
4808.5840  5.5678e+01  9.4253e+01
4809.8345  9.4854e+01  8.7699e+01
4811.0845  8.7302e+01  1.0123e+02
4812.3350  2.7836e+01  9.6343e+01
4813.5854  9.0957e+01  8.6847e+01
4814.8354  1.7267e+02  8.2987e+01
4816.0859  4.8168e+01  1.0477e+02
4817.3364  2.0933e+02  8.1926e+01
4818.5864  8.6343e+01  8.9454e+01
4819.8369  1.7862e+02  1.0300e+02
4821.0874  1.0431e+02  8.5169e+01
4822.3374  2.7423e+02  9.5068e+01
4823.5879  7.1570e+01  1.2653e+02
4824.8384  -2.3492e+01  1.0396e+02
4826.0884  3.1554e+01  9.6293e+01
4827.3389  3.2963e+02  8.1556e+01
4828.5894  1.0033e+02  8.2505e+01
4829.8394  9.3081e+01  8.9173e+01
4831.0898  1.9348e+02  1.1090e+02
4832.3403  1.3199e+00  9.1013e+01
4833.5903  1.9052e+01  1.0737e+02
4834.8408  2.9920e+02  9.4143e+01
4836.0913  2.7022e+01  9.9907e+01
4837.3413  -4.5724e+00  8.5978e+01
4838.5918  1.0198e+01  8.8509e+01
4839.8423  -2.3256e+01  8.7323e+01
4841.0923  6.8188e+01  9.0274e+01
4842.3428  7.9669e+00  1.0193e+02
4843.5933  -1.9864e+01  9.9416e+01
4844.8438  -6.1001e+01  9.3791e+01
4846.0938  6.4051e+01  1.0261e+02
4847.3442  4.9446e+00  8.2618e+01
4848.5947  4.0781e+00  8.6660e+01
4849.8447  1.6018e+02  9.7325e+01
4851.0952  1.2295e+02  8.9128e+01
4852.3457  1.4998e+02  9.8262e+01
4853.5957  1.5817e+02  9.3256e+01
4854.8462  2.7637e+02  1.0375e+02
4856.0967  1.6033e+02  8.2798e+01
4857.3467  1.3851e+02  8.6058e+01
4858.5972  2.3587e+02  9.1085e+01
4859.8477  4.3352e+01  8.9961e+01
4861.0977  1.1118e+02  1.1073e+02
4862.3481  2.7842e+02  9.4812e+01
4863.5986  6.8267e+02  9.6146e+01
4864.8486  1.2553e+03  8.5880e+01
4866.0991  1.3995e+03  8.5148e+01
4867.3496  1.3442e+03  8.4870e+01
4868.5996  9.2295e+02  8.0911e+01
4869.8501  5.5294e+02  8.6153e+01
4871.1006  3.1328e+02  1.2313e+02
4872.3506  2.7114e+02  8.6282e+01
4873.6011  2.9742e+02  9.1738e+01
4874.8516  1.0833e+02  7.3929e+01
4876.1021  2.0321e+02  1.1079e+02
4877.3521  2.5215e+02  8.1176e+01
4878.6025  2.6696e+00  7.3897e+01
4879.8530  -5.0415e+01  7.8388e+01
4881.1030  -2.7042e+01  8.4764e+01
4882.3535  7.7065e+01  9.2991e+01
4883.6040  5.7695e+01  8.2565e+01
4884.8540  7.2837e+01  9.3984e+01
4886.1045  2.6346e+02  7.6323e+01
4887.3550  6.6378e+01  9.3497e+01
4888.6050  -4.8335e+01  8.6391e+01
4889.8555  -2.9752e+01  8.8295e+01
4891.1060  -6.7608e+01  7.0943e+01
4892.3560  6.7032e+01  9.1994e+01
4893.6064  -4.2021e+01  9.2522e+01
4894.8569  -1.4226e+01  1.0109e+02
4896.1069  -7.0636e+01  8.7662e+01
4897.3574  -1.5660e+02  7.7823e+01
4898.6079  -3.0102e+01  8.1375e+01
4899.8579  8.8487e+01  9.1237e+01
4901.1084  -2.8077e+01  9.1561e+01
4902.3589  -4.5335e+01  7.8365e+01
4903.6089  -7.5572e+01  1.0225e+02
4904.8594  -1.9126e+01  8.2369e+01
4906.1099  5.5109e+01  8.1133e+01
4907.3604  1.5176e+02  8.6098e+01
4908.6104  3.0364e+01  7.4366e+01
4909.8608  8.3101e+01  7.5851e+01
4911.1113  9.3272e+01  7.4213e+01
4912.3613  6.7065e+01  8.9425e+01
4913.6118  1.3098e+02  1.0255e+02
4914.8623  5.9287e+01  8.5292e+01
4916.1123  -3.2840e+01  8.7493e+01
4917.3628  1.6919e+02  6.6304e+01
4918.6133  2.9542e+02  1.0488e+02
4919.8633  1.2498e+02  6.8400e+01
4921.1138  1.6945e+02  7.6627e+01
4922.3643  5.8175e+01  8.6663e+01
4923.6143  -5.8743e+01  9.6393e+01
4924.8647  3.6998e+01  8.9537e+01
4926.1152  1.6223e+02  7.8479e+01
4927.3652  1.7520e+02  9.3322e+01
4928.6157  1.0959e+02  7.0835e+01
4929.8662  -1.7063e+01  6.7815e+01
4931.1162  6.3488e+01  1.0599e+02
4932.3667  9.9268e+01  9.1534e+01
4933.6172  3.5752e+01  8.0387e+01
4934.8672  -1.9804e+00  9.2965e+01
4936.1177  1.0394e+02  1.0633e+02
4937.3682  1.2198e+02  7.5092e+01
4938.6182  -2.3755e+01  6.7459e+01
4939.8687  -5.9088e+01  7.2775e+01
4941.1191  3.1270e+01  7.9221e+01
4942.3696  -6.7575e+01  7.0937e+01
4943.6196  -4.1905e+01  9.6829e+01
4944.8701  -3.7768e+01  8.5254e+01
4946.1206  -1.6691e+01  7.6660e+01
