# SNR 10.4761
# Quality c
# flux_factor = 1.e-20
6494.4023  -8.8238e+01  2.7573e+02
6495.6528  -4.8458e+01  2.7912e+02
6496.9033  -1.4568e+02  2.7781e+02
6498.1533  -6.6925e+02  2.9985e+02
6499.4038  -1.3747e+02  4.9238e+02
6500.6543  7.3841e+01  6.6164e+02
6501.9043  -2.4965e+02  5.5518e+02
6503.1548  3.6522e+02  3.0520e+02
6504.4053  2.3055e+02  2.8933e+02
6505.6558  9.9989e+01  3.3109e+02
6506.9058  5.4971e+02  3.8074e+02
6508.1562  2.9359e+01  3.4939e+02
6509.4067  1.0893e+02  2.8705e+02
6510.6567  4.9892e+01  2.7655e+02
6511.9072  2.5484e+02  2.7553e+02
6513.1577  -2.9874e+02  2.7704e+02
6514.4077  2.8329e+02  2.8332e+02
6515.6582  -2.1578e+02  3.0473e+02
6516.9087  -2.1964e+02  2.9970e+02
6518.1587  2.1040e+02  2.7845e+02
6519.4092  4.5904e+02  2.6861e+02
6520.6597  3.4309e+01  2.7273e+02
6521.9097  -2.2121e+02  2.7615e+02
6523.1602  2.7552e+02  3.1053e+02
6524.4106  -8.8612e+01  3.5558e+02
6525.6611  -2.5708e+02  3.3099e+02
6526.9111  1.1183e+02  2.8572e+02
6528.1616  -2.5039e+02  2.8114e+02
6529.4121  -6.3616e+01  2.7804e+02
6530.6621  3.3780e+02  2.7362e+02
6531.9126  -9.0548e+01  2.7559e+02
6533.1631  -5.1187e+01  3.1305e+02
6534.4131  1.3181e+02  5.4863e+02
6535.6636  -5.8464e+01  5.8002e+02
6536.9141  -3.1589e+01  3.3258e+02
6538.1641  -3.6183e+02  2.7473e+02
6539.4146  -7.5130e+01  2.7041e+02
6540.6650  1.2885e+02  2.7351e+02
6541.9150  5.7084e+01  2.8090e+02
6543.1655  1.1324e+02  2.8423e+02
6544.4160  3.9137e+02  3.0892e+02
6545.6665  -5.4754e+01  3.7161e+02
6546.9165  -2.7872e+01  3.6446e+02
6548.1670  4.4831e+02  2.9576e+02
6549.4175  -4.6320e+02  2.7563e+02
6550.6675  -7.2710e+01  2.7664e+02
6551.9180  3.5957e+01  2.7413e+02
6553.1685  -1.0921e+02  2.8968e+02
6554.4185  1.0951e+02  4.7479e+02
6555.6689  -8.4791e+01  6.2727e+02
6556.9194  4.0802e+01  5.0972e+02
6558.1694  1.5299e+02  2.8954e+02
6559.4199  8.9590e+01  2.6937e+02
6560.6704  1.7992e+02  2.7053e+02
6561.9209  -8.5752e+01  2.7112e+02
6563.1709  -2.7399e+02  3.0227e+02
6564.4214  -1.5707e+02  3.7842e+02
6565.6719  -1.5454e+02  3.7363e+02
6566.9219  -1.6658e+02  2.8990e+02
6568.1724  5.8532e+00  2.6853e+02
6569.4229  8.6476e+01  3.0260e+02
6570.6729  1.8751e+02  3.5666e+02
6571.9233  -2.2550e+02  3.3523e+02
6573.1738  -1.4613e+02  2.8345e+02
6574.4238  1.9909e+02  2.7456e+02
6575.6743  -1.4682e+02  2.7291e+02
6576.9248  -4.8742e+01  2.8387e+02
6578.1748  1.2844e+02  4.3383e+02
6579.4253  3.2307e+01  5.4994e+02
6580.6758  8.6219e+01  4.4791e+02
6581.9263  -1.4109e+02  2.8473e+02
6583.1763  3.4840e+02  2.6802e+02
6584.4268  5.0036e+02  2.7347e+02
6585.6772  2.8283e+02  2.8143e+02
6586.9272  -4.3184e+01  2.7609e+02
6588.1777  4.1568e+02  2.6759e+02
6589.4282  3.8122e+02  2.6604e+02
6590.6782  3.7985e+02  2.6589e+02
6591.9287  1.0631e+02  2.6874e+02
6593.1792  2.6716e+02  2.7462e+02
6594.4292  2.2886e+02  2.7007e+02
6595.6797  -2.8276e+02  2.6488e+02
6596.9302  1.8119e+02  2.8012e+02
6598.1802  8.0393e+01  3.1968e+02
6599.4307  3.2673e+02  3.1683e+02
6600.6812  5.4001e+02  2.7610e+02
6601.9316  9.6007e+02  2.6435e+02
6603.1816  1.3087e+03  2.6638e+02
6604.4321  1.4219e+03  2.9460e+02
6605.6826  1.3815e+03  3.5237e+02
6606.9326  1.4129e+03  3.4920e+02
6608.1831  6.8172e+02  2.9294e+02
6609.4336  4.3124e+02  2.6435e+02
6610.6836  5.0936e+02  2.6536e+02
6611.9341  6.7694e+02  2.6636e+02
6613.1846  3.0090e+02  2.6342e+02
6614.4346  6.2454e+02  2.6224e+02
6615.6851  3.8074e+02  2.6286e+02
6616.9355  4.8803e+02  2.6300e+02
6618.1855  -5.6317e+01  2.6220e+02
6619.4360  -1.5253e+02  2.6328e+02
6620.6865  8.2429e+01  2.6234e+02
6621.9370  -3.3795e+02  2.6330e+02
6623.1870  2.2606e+02  2.6346e+02
6624.4375  5.8019e+01  2.6175e+02
6625.6880  -1.8577e+01  2.6204e+02
6626.9380  -3.6033e+02  2.6149e+02
6628.1885  -2.4949e+01  2.7139e+02
6629.4390  2.2085e+02  2.9162e+02
6630.6890  1.0287e+02  2.8238e+02
6631.9395  -2.1424e+02  2.6497e+02
6633.1899  4.3230e+01  2.6102e+02
6634.4399  7.1078e+01  2.7251e+02
6635.6904  4.0597e+02  3.0928e+02
6636.9409  2.3223e+02  3.1118e+02
6638.1909  -3.0296e+01  2.7464e+02
6639.4414  -1.4943e+02  2.6190e+02
6640.6919  -5.2945e+01  2.6571e+02
6641.9424  3.3183e+02  2.6338e+02
6643.1924  -1.4706e+01  2.6421e+02
6644.4429  3.0267e+02  2.5938e+02
6645.6934  1.6125e+01  2.5937e+02
6646.9434  -2.0829e+02  2.6050e+02
6648.1938  -2.1192e+02  2.5802e+02
6649.4443  -1.5164e+02  2.5884e+02
6650.6943  -1.5283e+02  2.5956e+02
6651.9448  2.3905e+02  2.6380e+02
6653.1953  9.7610e+01  2.6526e+02
6654.4453  1.6076e+02  2.6004e+02
6655.6958  2.3816e+02  2.6100e+02
6656.9463  -1.9991e+02  2.5700e+02
6658.1968  1.0730e+02  2.6087e+02
6659.4468  2.1607e+02  2.6230e+02
6660.6973  -1.0367e+02  2.5879e+02
6661.9478  7.8992e+01  2.6108e+02
6663.1978  9.7107e+01  2.7125e+02
6664.4482  3.0086e+02  2.6937e+02
6665.6987  2.5059e+02  2.6166e+02
6666.9487  -1.7866e+02  2.5963e+02
6668.1992  8.1790e+01  2.6770e+02
6669.4497  7.7087e+01  2.8310e+02
6670.6997  -7.2058e+01  2.7703e+02
6671.9502  -7.9113e+01  2.6166e+02
6673.2007  -3.7864e+02  2.5664e+02
6674.4507  8.5798e+00  2.5759e+02
6675.7012  1.8779e+02  2.5756e+02
6676.9517  1.2537e+02  2.5855e+02
6678.2021  -1.6641e+02  2.5613e+02
6679.4521  1.1347e+02  2.5635e+02
6680.7026  -5.5389e+01  2.5758e+02
6681.9531  1.4146e+02  2.5667e+02
6683.2031  1.0608e+02  2.5747e+02
6684.4536  1.7221e+02  2.5517e+02
6685.7041  -2.1152e+01  2.5765e+02
6686.9541  2.0471e+02  2.5611e+02
6688.2046  2.2741e+02  2.6040e+02
6689.4551  3.8333e+02  2.5779e+02
6690.7051  1.2122e+02  2.5895e+02
6691.9556  1.9351e+02  2.5480e+02
6693.2061  2.7117e+02  2.5556e+02
6694.4561  -8.4396e+01  2.5557e+02
6695.7065  2.4917e+02  2.5240e+02
6696.9570  -1.4760e+01  2.5375e+02
6698.2075  -1.0798e+02  2.5454e+02
6699.4575  2.3619e+02  2.5742e+02
6700.7080  1.8550e+02  2.6758e+02
6701.9585  2.8289e+02  2.7050e+02
6703.2085  -1.1169e+01  2.6214e+02
6704.4590  1.5927e+02  2.5967e+02
6705.7095  3.2784e+02  2.6488e+02
6706.9595  2.0843e+02  2.6694e+02
6708.2100  2.2479e+01  2.6168e+02
6709.4604  -2.2899e+02  2.5778e+02
6710.7104  1.3832e+02  2.5919e+02
6711.9609  -2.6632e-01  2.5682e+02
6713.2114  -1.8882e+02  2.5439e+02
