# SNR 12.2901
# Quality c
# flux_factor = 1.e-20
6602.0791  1.0089e+02  1.1171e+02
6603.3291  -4.4801e+01  1.1273e+02
6604.5796  -6.2457e+00  1.1642e+02
6605.8301  2.0274e+01  1.3728e+02
6607.0801  -1.4973e+01  1.4037e+02
6608.3306  1.1500e+02  1.2356e+02
6609.5811  6.9723e+01  1.1126e+02
6610.8311  5.8787e+01  1.1036e+02
6612.0815  8.6014e+01  1.1116e+02
6613.3320  6.0693e+01  1.1090e+02
6614.5820  1.8745e+02  1.1073e+02
6615.8325  2.8235e+01  1.1120e+02
6617.0830  2.8953e+01  1.1061e+02
6618.3335  1.3314e+02  1.1094e+02
6619.5835  4.9757e+01  1.1023e+02
6620.8340  4.1749e+01  1.1040e+02
6622.0845  9.2911e+00  1.1167e+02
6623.3345  1.0937e+02  1.1140e+02
6624.5850  -2.3517e+01  1.1084e+02
6625.8354  9.2405e+01  1.0924e+02
6627.0854  1.0385e+02  1.1014e+02
6628.3359  4.0943e+00  1.1223e+02
6629.5864  -2.5539e+01  1.1889e+02
6630.8364  3.5133e+00  1.1820e+02
6632.0869  1.3201e+00  1.1202e+02
6633.3374  7.3142e+01  1.1104e+02
6634.5879  4.8743e+01  1.1194e+02
6635.8379  4.7595e+01  1.2237e+02
6637.0884  5.8814e+01  1.2704e+02
6638.3389  -3.4367e+01  1.1544e+02
6639.5889  4.5771e+00  1.1073e+02
6640.8394  1.4685e+01  1.1025e+02
6642.0898  6.0605e+01  1.1035e+02
6643.3398  -9.3036e+01  1.1009e+02
6644.5903  -5.8326e+01  1.0963e+02
6645.8408  -4.3247e+00  1.0916e+02
6647.0908  7.0451e+01  1.0858e+02
6648.3413  1.9863e+02  1.0874e+02
6649.5918  6.6991e+01  1.0955e+02
6650.8418  3.9886e+01  1.0946e+02
6652.0923  1.8308e+02  1.1050e+02
6653.3428  1.6382e+02  1.0990e+02
6654.5933  1.7984e+02  1.0973e+02
6655.8433  1.1608e+02  1.0935e+02
6657.0938  -6.3304e+01  1.0867e+02
6658.3442  4.9942e+01  1.0834e+02
6659.5942  9.2094e+01  1.0951e+02
6660.8447  5.5166e+01  1.0834e+02
6662.0952  1.7140e+01  1.1005e+02
6663.3452  3.7566e+01  1.1171e+02
6664.5957  -2.8351e+01  1.1259e+02
6665.8462  -1.4866e+01  1.0977e+02
6667.0962  4.5760e+01  1.0948e+02
6668.3467  -3.8406e+01  1.1065e+02
6669.5972  2.9826e+01  1.1491e+02
6670.8472  -4.2713e+01  1.1549e+02
6672.0977  9.3214e+01  1.1057e+02
6673.3481  1.1469e+02  1.0815e+02
6674.5986  1.8605e+02  1.0782e+02
6675.8486  -5.5694e+01  1.0792e+02
6677.0991  1.8245e+01  1.0766e+02
6678.3496  6.7350e+00  1.0694e+02
6679.5996  5.5317e+01  1.0713e+02
6680.8501  -9.2489e+01  1.0705e+02
6682.1006  -3.7340e+00  1.0797e+02
6683.3506  7.0497e+01  1.0662e+02
6684.6011  7.7882e+00  1.0741e+02
6685.8516  3.5697e+01  1.0810e+02
6687.1016  3.0419e+01  1.0885e+02
6688.3521  -1.3888e+01  1.0868e+02
6689.6025  5.0262e+01  1.0784e+02
6690.8525  1.6245e+02  1.0800e+02
6692.1030  2.6022e-01  1.0719e+02
6693.3535  5.6908e+01  1.0698e+02
6694.6040  1.0475e+01  1.0613e+02
6695.8540  -6.0552e+01  1.0669e+02
6697.1045  -2.8626e+01  1.0598e+02
6698.3550  -8.1746e+01  1.0589e+02
6699.6050  2.5862e+01  1.0712e+02
6700.8555  1.0121e+02  1.1113e+02
6702.1060  7.3322e+01  1.1245e+02
6703.3560  1.9336e+02  1.0933e+02
6704.6064  9.7629e+01  1.0741e+02
6705.8569  -3.3868e+01  1.0926e+02
6707.1069  -1.7491e+02  1.1081e+02
6708.3574  -6.2876e+01  1.0963e+02
6709.6079  -1.0585e+02  1.0775e+02
6710.8584  1.0710e+02  1.0827e+02
6712.1084  7.0032e+02  1.0689e+02
6713.3589  8.2603e+02  1.0719e+02
6714.6094  5.0757e+02  1.0670e+02
6715.8594  4.4772e+02  1.0698e+02
6717.1099  2.8843e+02  1.0863e+02
6718.3604  1.3976e+02  1.1184e+02
6719.6104  1.2623e+02  1.1227e+02
6720.8608  -3.1475e+01  1.0787e+02
6722.1113  1.3329e+01  1.0590e+02
6723.3613  3.1346e+01  1.0482e+02
6724.6118  4.8835e+00  1.0549e+02
6725.8623  -4.8841e+01  1.0585e+02
6727.1123  7.8793e+01  1.0627e+02
6728.3628  8.6852e+01  1.0551e+02
6729.6133  6.9734e+01  1.0527e+02
6730.8638  -6.3197e+00  1.0557e+02
6732.1138  6.4516e+01  1.0850e+02
6733.3643  1.1570e+02  1.1159e+02
6734.6147  8.1051e+01  1.0870e+02
6735.8647  -4.2789e+01  1.0509e+02
6737.1152  -7.6055e+01  1.0473e+02
6738.3657  -1.2483e+00  1.0449e+02
6739.6157  -7.3464e+00  1.0360e+02
6740.8662  -1.5630e+02  1.0521e+02
6742.1167  -3.7942e+01  1.0689e+02
6743.3667  1.7110e+02  1.0578e+02
6744.6172  7.0165e+01  1.0566e+02
6745.8677  1.9060e+00  1.0705e+02
6747.1177  -1.9450e+01  1.0675e+02
6748.3682  -1.9527e+02  1.0677e+02
6749.6187  -1.0384e+02  1.0475e+02
6750.8691  5.4524e+01  1.0408e+02
6752.1191  7.2140e+00  1.0405e+02
6753.3696  1.7505e+01  1.0352e+02
6754.6201  -9.7809e+01  1.0354e+02
6755.8701  1.1245e+02  1.0350e+02
6757.1206  8.2816e+01  1.0371e+02
6758.3711  6.5095e+01  1.0325e+02
6759.6211  -4.8149e+01  1.0249e+02
6760.8716  -7.5874e+01  1.0254e+02
6762.1221  1.6568e+01  1.0266e+02
6763.3721  -5.4364e+01  1.0386e+02
6764.6226  6.9902e+01  1.0369e+02
6765.8730  2.8770e+01  1.0236e+02
6767.1235  1.0137e+02  1.0269e+02
6768.3735  -2.4031e+01  1.0126e+02
6769.6240  -1.3493e+02  1.0182e+02
6770.8745  -5.6911e+01  1.0261e+02
6772.1245  -2.6002e+01  1.0243e+02
6773.3750  -8.1958e+01  1.0238e+02
6774.6255  -1.4334e+01  1.0198e+02
6775.8755  9.7257e-01  1.0225e+02
6777.1260  2.9705e+00  1.0227e+02
6778.3765  4.9016e+01  1.0274e+02
6779.6265  2.9374e+01  1.0215e+02
6780.8770  -3.1711e+01  1.0165e+02
6782.1274  3.7603e+01  1.0090e+02
6783.3774  3.0113e+01  1.0097e+02
6784.6279  -4.2993e+01  1.0163e+02
6785.8784  -8.9970e-01  1.0326e+02
6787.1289  8.2044e+01  1.0340e+02
6788.3789  -6.4253e+01  1.0182e+02
6789.6294  -4.9027e+01  1.0281e+02
6790.8799  -4.9912e+01  1.0370e+02
6792.1299  -6.0871e+01  1.0259e+02
6793.3804  1.1189e+01  1.0083e+02
6794.6309  5.0378e+01  1.0059e+02
6795.8809  1.2548e+02  1.0054e+02
6797.1313  9.4882e+01  1.0092e+02
6798.3818  7.8884e+00  1.0070e+02
6799.6318  5.8019e+01  1.0057e+02
6800.8823  7.4112e+01  1.0093e+02
6802.1328  -2.8515e+01  1.0079e+02
6803.3828  -1.2752e+02  1.0073e+02
6804.6333  4.6531e+01  1.0154e+02
6805.8838  1.0826e+01  1.0110e+02
6807.1343  4.3280e+01  1.0063e+02
6808.3843  2.5332e+01  9.9694e+01
6809.6348  8.6508e+01  1.0064e+02
6810.8853  4.1536e+01  1.0117e+02
6812.1353  4.0360e+01  1.0077e+02
6813.3857  1.0111e+01  1.0006e+02
6814.6362  -8.1103e+00  1.0105e+02
6815.8862  -1.8958e+02  9.9694e+01
6817.1367  2.3764e+01  9.9233e+01
6818.3872  -4.9749e+01  1.0074e+02
6819.6372  1.2542e+02  1.0013e+02
6820.8877  -9.1208e+01  1.0111e+02
6822.1382  1.5467e+02  1.0128e+02
6823.3887  1.7442e+02  1.0026e+02
6824.6387  1.8874e+01  9.9921e+01
