# SNR 8.8420
# Quality c
# flux_factor = 1.e-20
5607.5356  6.4856e+01  5.4422e+01
5608.7856  9.6327e-01  4.9720e+01
5610.0361  9.1670e+01  4.8254e+01
5611.2866  1.7726e+01  4.9508e+01
5612.5366  8.4265e+01  5.1997e+01
5613.7871  1.4444e+01  4.9434e+01
5615.0376  8.6228e+01  4.7275e+01
5616.2876  -4.0923e+01  5.9748e+01
5617.5381  2.5721e+01  5.1590e+01
5618.7886  -6.9377e+01  5.7317e+01
5620.0386  -3.8863e+01  4.8894e+01
5621.2891  4.5545e+01  4.8473e+01
5622.5396  2.2939e+01  5.0690e+01
5623.7896  -1.7926e+01  5.8674e+01
5625.0400  -3.4209e+00  7.1418e+01
5626.2905  -1.1487e+01  5.8092e+01
5627.5405  4.2483e+01  4.6267e+01
5628.7910  1.7190e+01  4.6986e+01
5630.0415  1.1196e+02  6.4237e+01
5631.2920  2.1774e+01  6.5643e+01
5632.5420  5.0375e+01  5.2980e+01
5633.7925  -3.5103e+01  6.2779e+01
5635.0430  -3.5834e+01  5.6080e+01
5636.2930  -5.8839e+01  5.7868e+01
5637.5435  -1.3505e+01  5.4052e+01
5638.7939  1.0985e+02  4.8116e+01
5640.0439  -4.5553e+01  5.0842e+01
5641.2944  6.3591e+01  5.3725e+01
5642.5449  3.7660e+01  5.5221e+01
5643.7949  1.4441e+01  5.7250e+01
5645.0454  -1.2098e+00  5.8922e+01
5646.2959  -6.9841e+01  6.3228e+01
5647.5459  -8.7591e+01  4.7711e+01
5648.7964  -8.5779e+00  5.0105e+01
5650.0469  5.6244e+01  6.0041e+01
5651.2969  -1.0674e+01  5.2891e+01
5652.5474  -4.3135e+00  5.2333e+01
5653.7979  -6.9630e+01  4.5652e+01
5655.0483  2.8982e+01  5.5876e+01
5656.2983  2.5684e+00  5.0437e+01
5657.5488  -1.2743e+02  5.3287e+01
5658.7993  -6.0835e+01  5.1680e+01
5660.0493  -1.1670e+01  5.1145e+01
5661.2998  1.1219e+01  4.9729e+01
5662.5503  -2.8561e+01  5.7883e+01
5663.8003  -2.2856e+01  5.2840e+01
5665.0508  -1.5346e+01  5.1886e+01
5666.3013  -5.8580e+01  5.8497e+01
5667.5513  -8.5672e+01  4.9710e+01
5668.8018  -6.8707e+00  6.1074e+01
5670.0522  -6.4125e+01  5.1044e+01
5671.3022  4.9817e+01  5.5009e+01
5672.5527  4.2312e-01  5.9689e+01
5673.8032  -1.3387e+02  5.2629e+01
5675.0532  -8.9198e+01  5.5325e+01
5676.3037  -6.0058e+01  5.9556e+01
5677.5542  -8.7355e+01  4.5487e+01
5678.8047  1.9957e+00  4.4403e+01
5680.0547  -2.0911e+01  5.1670e+01
5681.3052  -1.1430e+02  4.7880e+01
5682.5557  1.5961e+01  5.7862e+01
5683.8057  -4.3131e+00  5.4568e+01
5685.0562  -1.3404e+02  4.8988e+01
5686.3066  2.2065e+01  4.7563e+01
5687.5566  -3.3559e+01  4.4519e+01
5688.8071  -3.0660e+01  4.7147e+01
5690.0576  -5.2277e+01  5.7405e+01
5691.3076  2.5173e+01  6.0723e+01
5692.5581  7.1325e+01  5.8689e+01
5693.8086  6.3684e+01  4.8481e+01
5695.0586  1.0625e+02  5.1879e+01
5696.3091  1.3090e+02  5.3643e+01
5697.5596  1.4810e+02  5.2514e+01
5698.8096  1.0214e+02  5.5148e+01
5700.0601  9.8066e+01  5.7395e+01
5701.3105  1.7132e+02  4.8573e+01
5702.5610  2.5614e+02  4.6797e+01
5703.8110  3.3312e+02  6.3336e+01
5705.0615  3.1660e+02  5.1710e+01
5706.3120  2.1898e+02  6.1002e+01
5707.5620  1.3586e+02  6.2733e+01
5708.8125  1.7610e+02  6.0284e+01
5710.0630  6.6268e+01  5.7409e+01
5711.3130  1.4193e+02  5.1232e+01
5712.5635  2.2198e+02  5.1320e+01
5713.8140  1.8260e+02  4.9240e+01
5715.0640  1.6864e+02  6.2164e+01
5716.3145  8.5971e+01  5.8156e+01
5717.5649  9.2250e+01  5.9966e+01
5718.8149  2.8272e+01  5.7393e+01
5720.0654  1.4170e+02  5.5202e+01
5721.3159  9.3492e+01  5.8578e+01
5722.5664  6.5763e+01  5.5902e+01
5723.8164  3.3783e+01  4.9151e+01
5725.0669  6.9991e+01  6.3782e+01
5726.3174  3.7646e+01  5.5739e+01
5727.5674  -9.4867e+01  5.6309e+01
5728.8179  1.5401e+01  5.5902e+01
5730.0684  -6.0273e+01  5.4082e+01
5731.3184  -4.3948e+01  4.8170e+01
5732.5688  -2.9741e+01  5.1871e+01
5733.8193  7.4140e+00  4.9319e+01
5735.0693  4.0320e+00  5.7176e+01
5736.3198  6.2252e+01  5.5747e+01
5737.5703  2.6388e+00  4.9155e+01
5738.8203  8.6359e+01  4.8145e+01
5740.0708  -2.9757e+01  4.8464e+01
5741.3213  -3.5184e+01  4.7469e+01
5742.5713  8.0779e+01  5.8744e+01
5743.8218  9.5908e+01  5.6702e+01
5745.0723  1.1180e+02  5.8259e+01
5746.3228  6.2879e+01  6.2139e+01
5747.5728  8.0626e+00  4.9428e+01
5748.8232  -1.4473e+01  5.2694e+01
5750.0737  -1.0830e+02  4.8640e+01
5751.3237  -3.6277e+01  5.7044e+01
5752.5742  1.3896e+02  5.2630e+01
5753.8247  -5.3440e+01  4.9999e+01
5755.0747  5.8145e+01  4.5468e+01
5756.3252  1.3924e+01  5.4800e+01
5757.5757  -4.8966e+01  4.8699e+01
5758.8257  -3.7245e+01  4.5117e+01
5760.0762  -3.3786e+01  5.3767e+01
5761.3267  3.3749e+01  4.9720e+01
5762.5767  7.8027e+01  5.1793e+01
5763.8271  1.1499e+01  5.5327e+01
5765.0776  4.9204e+01  5.1520e+01
5766.3276  4.5477e+01  4.4981e+01
5767.5781  1.1939e+02  6.1603e+01
5768.8286  4.4247e+01  5.7825e+01
5770.0791  -9.1670e+01  5.2925e+01
5771.3291  -2.1146e+01  4.9039e+01
5772.5796  -3.9441e+01  4.5089e+01
5773.8301  7.9895e+00  5.3629e+01
5775.0801  -6.3502e+00  5.2957e+01
5776.3306  -9.8967e+01  5.6307e+01
5777.5811  -7.3899e+00  4.3096e+01
5778.8311  4.6581e+00  5.9588e+01
5780.0815  9.7669e+01  5.1387e+01
5781.3320  2.8033e+01  4.8555e+01
5782.5820  9.9154e+01  5.1457e+01
5783.8325  -2.5432e+00  4.1580e+01
5785.0830  5.4302e+01  4.9624e+01
5786.3330  8.8107e+01  4.4646e+01
5787.5835  -3.5728e+01  5.2395e+01
5788.8340  8.0007e+01  4.9906e+01
5790.0845  -1.1180e+02  4.7462e+01
5791.3345  -2.9395e+01  5.4282e+01
5792.5850  4.7869e+01  5.1103e+01
5793.8354  2.5589e+01  4.8051e+01
5795.0854  -3.7134e+01  4.2376e+01
5796.3359  -1.0018e+02  4.9350e+01
