# SNR 17.4215
# Quality b
# flux_factor = 1.e-20
6958.2656  4.3001e-01  6.0848e+01
6959.5161  -1.2060e+02  6.0350e+01
6960.7661  -8.7382e+01  5.9674e+01
6962.0166  -1.0823e+00  5.8522e+01
6963.2671  6.1943e+01  5.8147e+01
6964.5171  3.3963e+00  5.8131e+01
6965.7676  8.7784e+01  5.7400e+01
6967.0181  -1.8057e+01  5.8255e+01
6968.2681  5.0665e+01  5.9313e+01
6969.5186  2.4535e+01  5.8641e+01
6970.7690  5.4915e+01  6.5353e+01
6972.0190  1.3893e+02  8.5538e+01
6973.2695  5.9631e+01  6.8717e+01
6974.5200  7.3194e+00  5.8048e+01
6975.7705  8.0329e+00  5.6644e+01
6977.0205  -3.2558e+01  5.7410e+01
6978.2710  -1.1369e+01  6.0805e+01
6979.5215  6.6258e+01  9.2558e+01
6980.7715  7.9297e+00  1.1087e+02
6982.0220  -3.5018e+01  8.6194e+01
6983.2725  -8.0769e+01  5.8467e+01
6984.5225  -8.4405e+01  5.7701e+01
6985.7729  -1.9059e+01  5.8036e+01
6987.0234  8.7834e+01  5.8274e+01
6988.2734  -1.1762e+02  5.8510e+01
6989.5239  -3.6220e+01  5.8440e+01
6990.7744  3.7543e+00  5.7581e+01
6992.0244  2.0455e+01  5.7017e+01
6993.2749  -1.3324e+01  5.7471e+01
6994.5254  -1.1270e+01  5.6831e+01
6995.7759  3.6292e+01  5.6482e+01
6997.0259  -3.0117e+01  5.6773e+01
6998.2764  -3.4188e-01  5.8548e+01
6999.5269  -2.9491e+01  5.8258e+01
7000.7769  -1.1275e+01  5.7876e+01
7002.0273  -4.7822e+01  5.7929e+01
7003.2778  -9.2546e+01  5.9102e+01
7004.5278  -4.0128e+00  6.2428e+01
7005.7783  -8.7763e+01  6.8190e+01
7007.0288  -4.1032e+00  6.4755e+01
7008.2788  3.3777e+01  5.6572e+01
7009.5293  2.2396e+01  5.5230e+01
7010.7798  -1.4965e+01  5.6013e+01
7012.0298  -4.0069e+01  6.2768e+01
7013.2803  -7.2647e+01  8.5077e+01
7014.5308  -5.3158e+01  7.1575e+01
7015.7812  -1.4002e+01  5.8443e+01
7017.0312  5.4974e+00  5.4702e+01
7018.2817  1.1397e+01  5.4656e+01
7019.5322  1.9716e+00  5.4563e+01
7020.7822  8.4357e-01  5.5165e+01
7022.0327  6.1711e+01  5.5315e+01
7023.2832  -4.7322e+01  5.5372e+01
7024.5332  -2.2726e+01  5.5158e+01
7025.7837  2.4909e+01  5.5035e+01
7027.0342  -1.4053e+01  5.5185e+01
7028.2842  8.2829e+01  5.5564e+01
7029.5347  3.3236e+01  5.5938e+01
7030.7852  1.8820e+01  5.6248e+01
7032.0356  -1.8831e+01  5.6953e+01
7033.2856  -5.1987e+01  5.6393e+01
7034.5361  1.7589e+01  5.5691e+01
7035.7866  -5.6421e+01  5.5087e+01
7037.0366  4.6262e+01  5.5248e+01
7038.2871  6.0469e+01  5.5114e+01
7039.5376  -2.2061e+01  5.5383e+01
7040.7876  -3.8497e+01  5.5238e+01
7042.0381  2.2397e+01  5.7390e+01
7043.2886  3.5494e+00  6.1563e+01
7044.5386  -2.4374e+01  5.9630e+01
7045.7891  6.9335e+01  5.6132e+01
7047.0396  6.5041e+01  5.8766e+01
7048.2896  5.6803e+01  6.3621e+01
7049.5400  1.5808e+02  7.9707e+01
7050.7905  3.4707e+01  8.2214e+01
7052.0410  2.3273e+01  6.7537e+01
7053.2910  4.5539e+00  6.3770e+01
7054.5415  -5.7942e+01  6.2402e+01
7055.7920  -1.4092e+02  6.0722e+01
7057.0420  -7.2465e+01  5.9242e+01
7058.2925  4.1981e+00  5.7562e+01
7059.5430  -3.3106e+01  5.6413e+01
7060.7930  4.3035e+01  5.5776e+01
7062.0435  -7.6468e+01  5.7797e+01
7063.2939  2.5780e-01  5.8165e+01
7064.5439  4.0313e+01  5.9334e+01
7065.7944  -6.7100e+01  6.0250e+01
7067.0449  -2.1111e+01  5.9622e+01
7068.2954  -2.4225e+01  6.1148e+01
7069.5454  -5.0752e+00  6.0653e+01
7070.7959  4.9016e+00  5.8737e+01
7072.0464  2.8555e+01  6.1089e+01
7073.2964  8.9589e+01  6.0117e+01
7074.5469  5.1842e+02  5.8022e+01
7075.7974  6.5036e+02  6.1173e+01
7077.0474  4.0383e+02  5.9730e+01
7078.2979  2.1315e+02  5.7167e+01
7079.5483  6.1601e+01  5.8941e+01
7080.7983  7.4520e+01  6.0814e+01
7082.0488  2.4518e+01  5.8154e+01
7083.2993  -1.3299e+01  5.9207e+01
7084.5493  1.9437e+01  6.3699e+01
7085.7998  -3.3044e+01  6.1170e+01
7087.0503  5.0582e+01  5.6117e+01
7088.3008  -1.3460e-02  5.7314e+01
7089.5508  8.6430e+01  6.1717e+01
7090.8013  2.6390e+01  6.5931e+01
7092.0518  -2.7534e+01  6.3330e+01
7093.3018  7.6871e+01  5.9373e+01
7094.5522  -5.5881e+01  5.8228e+01
7095.8027  -4.9687e+00  5.6750e+01
7097.0527  3.8454e+01  5.5154e+01
7098.3032  3.2568e+01  5.5726e+01
7099.5537  1.5568e+00  5.6016e+01
7100.8037  -1.2162e+01  5.5907e+01
7102.0542  -4.2286e+00  5.5842e+01
7103.3047  2.7768e+01  5.5556e+01
7104.5552  8.4953e+00  5.5565e+01
7105.8052  2.8635e+01  5.5923e+01
7107.0557  4.0036e+01  5.6196e+01
7108.3062  -2.8679e+01  5.5207e+01
7109.5562  -3.4197e+01  5.5932e+01
7110.8066  -1.0065e+02  5.6639e+01
7112.0571  -7.2300e+01  5.6006e+01
7113.3071  -1.8296e+01  5.6297e+01
7114.5576  -5.9324e+01  5.6105e+01
7115.8081  -5.5267e+00  5.5261e+01
7117.0581  4.0888e+01  5.5023e+01
7118.3086  3.0813e+01  5.5628e+01
7119.5591  -4.7466e+01  5.6079e+01
7120.8091  -2.8022e+00  5.5330e+01
7122.0596  -2.7230e+01  5.4369e+01
7123.3101  -4.6181e+01  5.4666e+01
7124.5605  -7.4967e+01  5.5031e+01
7125.8105  -3.3922e+01  5.5020e+01
7127.0610  1.2915e+01  5.5371e+01
7128.3115  2.4941e+01  5.7467e+01
7129.5615  3.0581e+01  6.0300e+01
7130.8120  -6.7979e+01  5.9065e+01
7132.0625  -1.4397e+01  5.6535e+01
7133.3125  3.2985e+01  5.6153e+01
7134.5630  9.0444e+00  5.9803e+01
7135.8135  4.5112e+01  5.9192e+01
7137.0635  3.3871e+00  5.6133e+01
7138.3140  1.1406e+02  5.5202e+01
7139.5645  1.5289e+01  5.5020e+01
7140.8149  -2.5888e+01  5.4278e+01
7142.0649  -3.5001e+01  5.5152e+01
7143.3154  -3.0378e+01  5.9136e+01
7144.5659  1.5392e+01  6.3064e+01
7145.8159  -5.6851e+00  6.5064e+01
7147.0664  1.1799e+02  6.4696e+01
7148.3169  -1.5284e+01  6.3564e+01
7149.5669  6.1169e+01  6.1896e+01
7150.8174  8.3627e+01  6.0287e+01
7152.0679  1.4167e+00  5.9055e+01
7153.3179  1.8879e+01  5.7598e+01
7154.5684  4.8010e+01  5.6075e+01
7155.8188  1.0031e+01  5.5363e+01
7157.0693  2.0536e+01  5.6034e+01
7158.3193  1.0183e+02  5.6700e+01
7159.5698  6.5513e+01  5.7156e+01
7160.8203  2.9086e+01  5.8509e+01
7162.0703  5.0839e+01  5.8551e+01
7163.3208  -1.2166e+02  5.9069e+01
7164.5713  5.3388e+01  6.0294e+01
7165.8213  5.5220e+01  5.7799e+01
7167.0718  3.2222e+01  5.8581e+01
7168.3223  4.4832e+01  6.0810e+01
7169.5723  3.1777e+01  5.8502e+01
7170.8228  3.5905e+01  5.8589e+01
7172.0732  -8.0513e+01  6.1284e+01
7173.3232  2.0555e+01  5.9214e+01
7174.5737  -9.7575e+00  5.8593e+01
7175.8242  2.4755e+01  6.1153e+01
7177.0747  4.7641e+01  6.2772e+01
7178.3247  7.6266e+01  6.2037e+01
7179.5752  6.9888e+01  6.1774e+01
7180.8257  -5.0724e+01  6.0181e+01
7182.0757  -2.7974e+01  5.9936e+01
7183.3262  -4.1812e+01  6.1199e+01
7184.5767  7.2108e+01  6.0747e+01
7185.8267  -3.2825e+01  6.1149e+01
7187.0771  -3.4574e+01  6.1092e+01
7188.3276  -3.2400e+01  6.0804e+01
7189.5776  -6.5197e+00  5.9660e+01
7190.8281  -4.1642e+00  5.8080e+01
7192.0786  3.0270e+01  5.7369e+01
