# SNR 16.4492
# Quality c
# flux_factor = 1.e-20
6913.2534  1.3684e+01  7.4935e+01
6914.5039  1.6818e+01  1.1251e+02
6915.7539  -9.9988e+01  1.0441e+02
6917.0044  -2.9130e+01  6.6927e+01
6918.2549  8.6912e+01  6.1097e+01
6919.5049  2.0463e+01  6.2133e+01
6920.7554  1.0080e+01  6.2648e+01
6922.0059  1.0016e+02  6.2394e+01
6923.2563  5.5372e+01  6.8420e+01
6924.5063  8.8988e+00  1.2595e+02
6925.7568  7.2492e+01  1.4358e+02
6927.0073  -6.5112e+01  9.6863e+01
6928.2573  -5.0449e+01  6.3081e+01
6929.5078  2.4986e+01  6.2807e+01
6930.7583  -1.2750e+00  6.3162e+01
6932.0083  2.6366e+00  6.2309e+01
6933.2588  1.1834e+01  6.1056e+01
6934.5093  -7.9862e+01  6.0357e+01
6935.7593  8.5968e+00  6.0876e+01
6937.0098  -2.7310e+00  6.1306e+01
6938.2603  -1.1517e+02  6.1508e+01
6939.5107  -3.6804e+01  6.5595e+01
6940.7607  1.2612e+01  9.5423e+01
6942.0112  -4.4831e-01  1.0745e+02
6943.2617  4.5779e+01  7.5175e+01
6944.5117  7.6819e+01  6.3644e+01
6945.7622  4.8853e+01  6.1042e+01
6947.0127  6.7849e+01  5.9639e+01
6948.2627  -3.1309e+00  6.1570e+01
6949.5132  7.7741e+01  8.8153e+01
6950.7637  6.0213e+01  1.4132e+02
6952.0137  -5.8768e+01  1.3517e+02
6953.2642  -6.1050e+01  7.3125e+01
6954.5146  -4.3613e+01  6.2706e+01
6955.7646  2.0949e+01  6.1459e+01
6957.0151  3.7990e+01  6.2546e+01
6958.2656  5.4117e+01  6.4839e+01
6959.5161  4.0382e+01  6.4309e+01
6960.7661  -1.0775e+01  6.3588e+01
6962.0166  7.2534e+00  6.2360e+01
6963.2671  7.1655e+01  6.1961e+01
6964.5171  -1.2296e+00  6.1944e+01
6965.7676  2.6789e+01  6.1164e+01
6967.0181  5.4658e+01  6.2076e+01
6968.2681  -7.8336e+01  6.3203e+01
6969.5186  6.1927e+01  6.2487e+01
6970.7690  -7.8831e+01  6.9640e+01
6972.0190  -5.2749e+00  9.1149e+01
6973.2695  3.6092e+01  7.3224e+01
6974.5200  -1.9475e-01  6.1856e+01
6975.7705  -2.4152e+01  6.0359e+01
6977.0205  -3.4731e+01  6.1176e+01
6978.2710  1.5348e+01  6.4793e+01
6979.5215  -9.5222e+00  9.8629e+01
6980.7715  2.5095e+01  1.1814e+02
6982.0220  -2.9267e+01  9.1847e+01
6983.2725  -5.2716e+00  6.2302e+01
6984.5225  4.0288e-01  6.1486e+01
6985.7729  -2.2659e+00  6.1843e+01
6987.0234  -3.3988e+01  6.2096e+01
6988.2734  -3.5005e+01  6.2348e+01
6989.5239  5.6477e+01  6.2273e+01
6990.7744  1.7845e+01  6.1358e+01
6992.0244  -4.3838e+01  6.0757e+01
6993.2749  2.1930e+01  6.1241e+01
6994.5254  -2.8634e+00  6.0559e+01
6995.7759  -4.2227e+01  6.0186e+01
6997.0259  -3.4815e+01  6.0496e+01
6998.2764  -4.0410e+01  6.2388e+01
6999.5269  -9.3196e+00  6.2079e+01
7000.7769  -5.1180e+00  6.1672e+01
7002.0273  1.2882e+01  6.1729e+01
7003.2778  -6.0040e+00  6.2978e+01
7004.5278  4.8151e+01  6.6522e+01
7005.7783  -8.2485e+00  7.2662e+01
7007.0288  3.7858e+01  6.9002e+01
7008.2788  1.4007e+01  6.0282e+01
7009.5293  3.4811e+00  5.8853e+01
7010.7798  -5.2673e+00  5.9687e+01
7012.0298  7.7379e+01  6.6884e+01
7013.2803  -9.3530e+01  9.0657e+01
7014.5308  -6.4223e+01  7.6269e+01
7015.7812  -3.2098e+01  6.2277e+01
7017.0312  -4.3352e+01  5.8289e+01
7018.2817  1.7758e+01  5.8240e+01
7019.5322  2.2403e+01  5.8141e+01
7020.7822  3.2644e+01  5.8783e+01
7022.0327  2.9185e+01  5.8943e+01
7023.2832  7.4597e+01  5.9004e+01
7024.5332  9.6933e+00  5.8776e+01
7025.7837  1.5962e+01  5.8645e+01
7027.0342  1.8783e+02  5.8805e+01
7028.2842  4.6163e+02  5.9208e+01
7029.5347  5.1960e+02  5.9607e+01
7030.7852  4.8464e+02  5.9937e+01
7032.0356  2.9199e+02  6.0689e+01
7033.2856  1.2090e+02  6.0092e+01
7034.5361  1.3170e+02  5.9344e+01
7035.7866  3.4945e+01  5.8701e+01
7037.0366  9.4662e+01  5.8872e+01
7038.2871  9.0825e+01  5.8729e+01
7039.5376  3.0453e+01  5.9016e+01
7040.7876  4.9461e+01  5.8861e+01
7042.0381  3.7735e+01  6.1154e+01
7043.2886  5.2008e+00  6.5600e+01
7044.5386  -6.7755e+01  6.3542e+01
7045.7891  2.7454e+01  5.9814e+01
7047.0396  4.3045e+01  6.2621e+01
7048.2896  -2.6528e+01  6.7794e+01
7049.5400  3.5598e+01  8.4935e+01
7050.7905  4.8910e+01  8.7606e+01
7052.0410  1.9617e+01  7.1966e+01
7053.2910  -2.7746e+01  6.7952e+01
7054.5415  4.1050e+01  6.6495e+01
7055.7920  1.8709e+01  6.4705e+01
7057.0420  5.5745e+01  6.3128e+01
7058.2925  2.1884e+01  6.1337e+01
7059.5430  2.7986e+01  6.0113e+01
7060.7930  -3.4628e+00  5.9435e+01
7062.0435  -5.3701e+01  6.1588e+01
7063.2939  3.9294e+01  6.1980e+01
7064.5439  4.4048e+01  6.3226e+01
7065.7944  -2.1942e+01  6.4202e+01
7067.0449  -5.6312e+01  6.3533e+01
7068.2954  -1.1606e+01  6.5159e+01
7069.5454  5.0259e+01  6.4632e+01
7070.7959  -1.5908e+01  6.2590e+01
7072.0464  -5.7645e+01  6.5009e+01
7073.2964  3.4758e+01  6.4060e+01
7074.5469  2.1581e+01  6.1827e+01
7075.7974  8.0193e+01  6.5185e+01
7077.0474  9.0269e+01  6.3647e+01
7078.2979  7.8277e+01  6.0916e+01
7079.5483  7.3760e+00  6.2807e+01
7080.7983  4.8391e+01  6.4803e+01
7082.0488  5.0274e+01  6.1886e+01
7083.2993  1.1580e+02  6.3091e+01
7084.5493  4.2443e+01  6.7877e+01
7085.7998  6.3039e+00  6.5182e+01
7087.0503  -1.5963e-02  5.9798e+01
7088.3008  6.6206e+01  6.1073e+01
7089.5508  -2.5115e+01  6.5765e+01
7090.8013  -1.5595e+02  7.0255e+01
7092.0518  3.0894e+01  6.7484e+01
7093.3018  8.5710e+01  6.3268e+01
7094.5522  -3.2518e+01  6.2047e+01
7095.8027  1.0660e+01  6.0472e+01
7097.0527  5.7488e+01  5.8771e+01
7098.3032  2.0092e+01  5.9381e+01
7099.5537  5.5347e+01  5.9690e+01
7100.8037  2.6648e+01  5.9574e+01
7102.0542  5.7348e+01  5.9505e+01
7103.3047  1.0728e+01  5.9200e+01
7104.5552  -2.9724e+01  5.9209e+01
7105.8052  4.2433e+00  5.9591e+01
7107.0557  3.5011e+00  5.9882e+01
7108.3062  1.6939e+01  5.8828e+01
7109.5562  4.7900e+01  5.9601e+01
7110.8066  1.2704e+01  6.0354e+01
7112.0571  1.4183e+01  5.9679e+01
7113.3071  -3.3261e+01  5.9990e+01
7114.5576  4.5186e+01  5.9785e+01
7115.8081  -2.1982e+01  5.8886e+01
7117.0581  2.1281e+01  5.8632e+01
7118.3086  3.2151e+00  5.9276e+01
7119.5591  -4.4026e+01  5.9757e+01
7120.8091  1.8964e+01  5.8959e+01
7122.0596  3.5697e+01  5.7935e+01
7123.3101  4.2458e+01  5.8251e+01
7124.5605  1.3630e+01  5.8640e+01
7125.8105  -1.6998e+01  5.8628e+01
7127.0610  1.3719e+01  5.9003e+01
7128.3115  5.9523e+01  6.1236e+01
7129.5615  5.0324e+01  6.4255e+01
7130.8120  -1.0476e+01  6.2939e+01
7132.0625  -1.9365e+01  6.0243e+01
7133.3125  3.3795e+01  5.9836e+01
7134.5630  4.6378e+01  6.3725e+01
7135.8135  -2.5693e+01  6.3074e+01
7137.0635  -3.0859e+01  5.9815e+01
7138.3140  1.7791e+01  5.8822e+01
7139.5645  2.2598e+00  5.8628e+01
7140.8149  4.6723e+01  5.7838e+01
7142.0649  -5.0884e+00  5.8770e+01
7143.3154  6.9574e+01  6.3015e+01
7144.5659  5.1883e+01  6.7200e+01
7145.8159  4.2141e+01  6.9332e+01
