# SNR 11.0064
# Quality c
# flux_factor = 1.e-20
5929.0547  -1.1280e+02  7.3237e+01
5930.3047  -8.6594e+01  6.3876e+01
5931.5552  -8.0675e+01  7.0486e+01
5932.8057  1.3485e+02  8.7588e+01
5934.0557  5.4454e+01  9.6669e+01
5935.3062  7.7375e+01  8.8240e+01
5936.5566  9.3791e+01  8.9057e+01
5937.8071  6.8794e+01  6.3910e+01
5939.0571  1.6988e+02  7.2159e+01
5940.3076  -2.0054e+01  6.7055e+01
5941.5581  -7.6567e+01  6.6020e+01
5942.8081  5.8722e+01  6.1856e+01
5944.0586  -6.6570e+01  6.1228e+01
5945.3091  -5.7728e+01  7.4467e+01
5946.5591  7.5395e+00  7.1028e+01
5947.8096  8.3282e+00  7.5439e+01
5949.0601  8.4578e+01  7.2494e+01
5950.3101  1.2044e+01  7.0271e+01
5951.5605  6.1560e+00  7.2849e+01
5952.8110  -1.1094e+01  9.2282e+01
5954.0610  1.6582e+02  8.3665e+01
5955.3115  -6.5963e+01  8.7490e+01
5956.5620  -7.1118e+01  7.5230e+01
5957.8120  -2.5767e+01  6.6162e+01
5959.0625  1.2964e+00  6.2093e+01
5960.3130  9.3235e+01  6.8813e+01
5961.5635  2.0470e+01  6.7629e+01
5962.8135  -1.8445e+01  7.0393e+01
5964.0640  -4.6954e+01  7.9835e+01
5965.3145  -7.5932e+01  6.3604e+01
5966.5645  3.9626e+01  7.0668e+01
5967.8149  1.1111e+02  7.5506e+01
5969.0654  9.7252e+01  7.3206e+01
5970.3154  -6.5145e+01  8.8592e+01
5971.5659  -9.5556e+01  7.0195e+01
5972.8164  1.2275e+02  7.1873e+01
5974.0664  1.4982e+01  6.1525e+01
5975.3169  4.0611e+00  6.7599e+01
5976.5674  4.4615e+01  6.5217e+01
5977.8174  8.3509e+01  7.8718e+01
5979.0679  -6.8377e+01  8.6769e+01
5980.3184  -8.9978e-01  6.7159e+01
5981.5688  -2.6704e+01  7.2533e+01
5982.8188  -1.9078e+01  8.4992e+01
5984.0693  6.5180e+01  7.2275e+01
5985.3198  3.4873e+01  7.2618e+01
5986.5698  1.0264e+01  7.4818e+01
5987.8203  -2.4709e+01  6.9139e+01
5989.0708  2.1800e+01  6.0439e+01
5990.3208  -6.1227e+01  6.1519e+01
5991.5713  1.2114e+00  7.7288e+01
5992.8218  4.2415e+01  5.9794e+01
5994.0718  2.0576e+01  6.1621e+01
5995.3223  -2.1660e+01  6.0709e+01
5996.5728  8.7379e+01  7.0999e+01
5997.8228  3.2535e+01  7.4974e+01
5999.0732  -7.8103e+01  6.5381e+01
6000.3237  -3.7454e+01  7.2938e+01
6001.5737  3.2418e+01  6.3492e+01
6002.8242  9.9171e+01  6.1724e+01
6004.0747  1.0647e+02  6.4944e+01
6005.3252  1.0439e+02  7.0620e+01
6006.5752  -5.7688e+01  6.8164e+01
6007.8257  -7.8035e-02  7.0544e+01
6009.0762  2.3778e+01  6.1108e+01
6010.3262  7.0272e+01  6.2670e+01
6011.5767  5.6505e+01  7.0835e+01
6012.8271  8.6388e+01  6.0616e+01
6014.0771  2.9291e+01  6.6925e+01
6015.3276  9.7837e+01  6.6213e+01
6016.5781  1.2323e+02  6.1380e+01
6017.8281  6.4931e+01  6.8227e+01
6019.0786  2.2789e+01  6.7835e+01
6020.3291  2.6022e+01  6.0087e+01
6021.5791  7.7750e+01  6.0483e+01
6022.8296  2.4399e+01  5.8367e+01
6024.0801  -1.1412e+02  5.8928e+01
6025.3306  4.3521e+01  5.8554e+01
6026.5806  2.6064e+02  7.1611e+01
6027.8311  5.8311e+02  6.0333e+01
6029.0815  5.0116e+02  6.5738e+01
6030.3315  4.0388e+02  6.4198e+01
6031.5820  2.7426e+02  7.1534e+01
6032.8325  1.3875e+02  6.8084e+01
6034.0825  2.0154e+02  6.4145e+01
6035.3330  1.3847e+02  6.4622e+01
6036.5835  -2.7165e+01  6.3586e+01
6037.8335  -1.1242e+01  5.9476e+01
6039.0840  3.0779e+01  6.6311e+01
6040.3345  -4.8597e+01  6.3430e+01
6041.5845  6.6559e+01  6.4596e+01
6042.8350  3.9714e+00  6.0320e+01
6044.0854  -1.0742e+01  5.8796e+01
6045.3359  -3.0975e+01  7.5774e+01
6046.5859  -5.4768e+01  5.8060e+01
6047.8364  -5.0777e+01  6.5496e+01
6049.0869  -7.2575e+01  5.8787e+01
6050.3369  6.3518e+01  6.7754e+01
6051.5874  1.3080e+02  7.2316e+01
6052.8379  1.6011e+02  7.4930e+01
6054.0879  6.4956e+01  6.1609e+01
6055.3384  5.6901e+00  7.0896e+01
6056.5889  -5.1542e+01  5.7269e+01
6057.8389  -6.1396e+01  5.8600e+01
6059.0894  4.4142e+01  5.6712e+01
6060.3398  5.2620e+01  6.8767e+01
6061.5898  8.7285e+01  5.7706e+01
6062.8403  -8.2644e+01  7.2737e+01
6064.0908  1.6938e+02  6.3501e+01
6065.3413  -1.2563e+01  8.2275e+01
6066.5913  5.0841e+01  7.1140e+01
6067.8418  4.6251e+00  5.8973e+01
6069.0923  -5.3167e+00  6.6589e+01
6070.3423  4.9963e+01  6.1263e+01
6071.5928  -8.4833e+01  5.9650e+01
6072.8433  6.1519e+01  6.7050e+01
6074.0933  8.1589e+01  7.2053e+01
6075.3438  4.6780e+01  6.2124e+01
6076.5942  -2.5599e+01  6.7149e+01
6077.8442  -9.1335e+01  7.2515e+01
6079.0947  -4.2403e+01  7.0912e+01
6080.3452  8.1975e+01  6.6027e+01
6081.5952  7.4902e+01  6.0876e+01
6082.8457  6.5572e+01  5.5852e+01
6084.0962  -5.1638e+01  5.5362e+01
6085.3462  -1.5873e+01  5.6202e+01
6086.5967  1.2740e+02  5.6704e+01
6087.8472  6.1311e+00  5.5537e+01
6089.0977  4.0481e+01  7.1667e+01
6090.3477  -2.5740e+01  5.5220e+01
6091.5981  -6.0070e+01  6.0400e+01
6092.8486  -4.5841e+01  6.2757e+01
6094.0986  1.3410e+01  5.6531e+01
6095.3491  -2.7381e+01  7.2037e+01
6096.5996  -1.9802e+01  6.2660e+01
6097.8496  -7.6735e+00  6.2519e+01
6099.1001  5.9438e+01  5.5608e+01
6100.3506  2.9470e+01  5.6071e+01
6101.6006  -5.5147e+01  6.3519e+01
6102.8511  -2.5517e+00  6.2843e+01
6104.1016  7.4764e+01  6.7939e+01
6105.3516  4.3570e+01  6.4438e+01
6106.6021  -5.3516e+01  7.4390e+01
6107.8525  -4.7271e+01  7.2225e+01
6109.1030  1.9602e+01  6.4338e+01
6110.3530  9.5810e+01  5.4945e+01
6111.6035  -8.1048e+01  6.0827e+01
6112.8540  -5.6946e+01  5.5666e+01
6114.1040  -5.1999e+01  6.6130e+01
6115.3545  1.8080e+01  5.8035e+01
6116.6050  9.7024e+01  6.2619e+01
6117.8550  7.0807e+00  5.9562e+01
6119.1055  1.1257e+02  7.3876e+01
6120.3560  2.0514e+01  5.4027e+01
6121.6060  4.5750e+01  5.4143e+01
6122.8564  2.7316e+01  6.4440e+01
6124.1069  -5.7655e+01  5.4756e+01
6125.3569  3.4598e+01  5.6727e+01
6126.6074  5.6687e+01  6.6085e+01
6127.8579  3.8652e+01  6.5705e+01
