# SNR 18.7658
# Quality c
# flux_factor = 1.e-20
5027.5532  8.9608e+01  9.6117e+01
5028.8037  1.5972e+02  1.1549e+02
5030.0537  4.7254e+00  1.1394e+02
5031.3042  -6.1206e+01  1.0238e+02
5032.5547  -7.9767e+01  1.1851e+02
5033.8047  6.8227e+01  1.0774e+02
5035.0552  1.8580e+02  9.8027e+01
5036.3057  4.5662e+01  9.9530e+01
5037.5557  -4.1569e+00  1.1378e+02
5038.8062  1.0859e+02  9.1019e+01
5040.0566  2.7087e+02  8.9659e+01
5041.3066  -1.8625e+01  1.1735e+02
5042.5571  -2.5517e+01  1.1075e+02
5043.8076  1.5408e+02  1.0898e+02
5045.0576  -1.0982e+02  9.3657e+01
5046.3081  -8.8181e+01  1.0694e+02
5047.5586  9.5748e+01  1.2619e+02
5048.8086  -1.1500e+02  1.1425e+02
5050.0591  -4.6547e+00  1.0018e+02
5051.3096  -2.1956e+02  9.1758e+01
5052.5601  2.4492e+01  1.2363e+02
5053.8101  8.8583e+01  1.0962e+02
5055.0605  -1.1985e+02  1.1552e+02
5056.3110  -3.9763e+01  1.2258e+02
5057.5610  1.1152e+02  1.3634e+02
5058.8115  1.8438e+02  1.1124e+02
5060.0620  -1.1123e+02  1.1001e+02
5061.3120  4.2566e+01  1.1255e+02
5062.5625  3.0149e+01  1.0865e+02
5063.8130  -9.9746e+01  1.1766e+02
5065.0630  -1.4757e+02  1.2049e+02
5066.3135  -7.7261e+01  1.1736e+02
5067.5640  -1.5288e+02  1.2349e+02
5068.8140  -6.0413e+01  1.1483e+02
5070.0645  -1.2768e+02  1.1742e+02
5071.3149  -7.5315e+01  1.2599e+02
5072.5649  -5.5512e+01  1.3189e+02
5073.8154  -4.2614e+00  9.7503e+01
5075.0659  -1.0775e+02  1.2320e+02
5076.3159  -4.9683e+01  1.1918e+02
5077.5664  -1.2693e+01  1.0447e+02
5078.8169  -1.6362e+02  1.2609e+02
5080.0669  5.9442e+01  1.0572e+02
5081.3174  -3.2338e+01  1.2228e+02
5082.5679  1.7645e+02  1.0829e+02
5083.8184  1.0610e+02  1.2728e+02
5085.0684  2.3854e+01  9.0467e+01
5086.3188  -6.5633e+01  1.0382e+02
5087.5693  1.3631e+01  1.0786e+02
5088.8193  -3.7179e+01  9.9887e+01
5090.0698  2.1890e+02  1.1092e+02
5091.3203  1.1760e+02  9.2680e+01
5092.5703  1.8076e+02  1.2658e+02
5093.8208  1.0142e+02  1.3113e+02
5095.0713  1.4614e+02  1.2176e+02
5096.3213  5.7562e+01  1.0195e+02
5097.5718  1.3446e+02  1.3470e+02
5098.8223  2.6625e+01  1.3239e+02
5100.0723  1.4036e+02  9.5839e+01
5101.3228  2.5013e+02  1.1205e+02
5102.5732  2.6474e+01  1.0425e+02
5103.8232  1.7585e+02  9.0872e+01
5105.0737  1.0095e+02  1.0937e+02
5106.3242  5.7008e+01  1.0833e+02
5107.5742  1.1503e+02  9.9323e+01
5108.8247  5.0401e+02  1.0977e+02
5110.0752  9.5381e+02  9.5999e+01
5111.3257  1.4927e+03  9.6808e+01
5112.5757  1.4474e+03  9.8507e+01
5113.8262  1.2141e+03  1.2391e+02
5115.0767  9.3491e+02  9.5672e+01
5116.3267  8.2910e+02  9.8132e+01
5117.5771  5.4243e+02  9.5326e+01
5118.8276  3.7745e+02  1.1999e+02
5120.0776  4.1448e+02  9.3767e+01
5121.3281  3.1800e+02  9.6098e+01
5122.5786  2.2952e+02  1.0890e+02
5123.8286  1.1020e+02  1.0005e+02
5125.0791  -9.9186e-01  1.1232e+02
5126.3296  -1.8932e+01  1.2517e+02
5127.5796  1.3888e+02  1.0006e+02
5128.8301  5.2888e+01  1.1654e+02
5130.0806  8.5549e+01  1.0531e+02
5131.3306  -1.7150e+01  9.7048e+01
5132.5811  -1.1208e+01  1.1268e+02
5133.8315  3.3654e+01  1.0075e+02
5135.0815  -6.8135e+00  1.0356e+02
5136.3320  1.2235e+02  1.2793e+02
5137.5825  -2.1630e+02  1.1040e+02
5138.8330  -1.0160e+02  1.1312e+02
5140.0830  -1.6458e+02  1.1687e+02
5141.3335  -1.3922e+01  1.1461e+02
5142.5840  3.1600e+01  9.7717e+01
5143.8340  4.6798e+01  1.0928e+02
5145.0845  -2.9987e+01  1.1740e+02
5146.3350  -4.9279e+01  1.0861e+02
5147.5850  9.6241e+01  1.0409e+02
5148.8354  1.3441e+02  1.1285e+02
5150.0859  1.1302e+02  9.1809e+01
5151.3359  -8.3474e+01  9.8415e+01
5152.5864  7.3455e+01  1.0558e+02
5153.8369  7.7042e+01  1.1437e+02
5155.0869  -9.9154e+01  1.0194e+02
5156.3374  6.7616e+01  9.7058e+01
5157.5879  1.7900e+01  1.2195e+02
5158.8379  7.7678e+01  1.0823e+02
5160.0884  4.6196e+00  1.0168e+02
5161.3389  -1.7493e+01  1.0126e+02
5162.5889  -7.2530e+01  1.0681e+02
5163.8394  -6.2151e+01  1.1267e+02
5165.0898  3.1992e+01  1.1810e+02
5166.3398  1.0681e+02  1.0066e+02
5167.5903  3.2502e+01  8.6628e+01
5168.8408  6.4272e+01  1.1711e+02
5170.0913  1.6583e+02  8.6168e+01
5171.3413  -1.5972e+02  1.0809e+02
5172.5918  -7.2439e+01  8.6905e+01
5173.8423  3.3998e+01  1.0118e+02
5175.0923  -1.2497e+01  9.4049e+01
5176.3428  1.8538e+01  8.8536e+01
5177.5933  -8.1496e+00  1.0750e+02
5178.8433  8.3852e+00  1.2132e+02
5180.0938  3.5008e+00  1.0939e+02
5181.3442  3.6892e+01  1.1190e+02
5182.5942  1.1202e+02  1.0120e+02
5183.8447  1.5174e+02  1.0546e+02
5185.0952  1.1008e+02  8.9677e+01
5186.3452  1.8972e+01  1.0218e+02
5187.5957  1.7339e+00  1.0299e+02
5188.8462  4.5558e+01  1.1027e+02
5190.0962  2.7088e+02  1.1520e+02
5191.3467  2.5917e+02  1.0993e+02
5192.5972  1.1950e+02  1.0999e+02
5193.8472  1.1960e+02  9.5726e+01
5195.0977  1.3995e+02  9.9214e+01
5196.3481  4.4279e+01  1.0268e+02
