# SNR 13.5359
# Quality c
# flux_factor = 1.e-20
6944.3169  4.6188e+01  4.6120e+01
6945.5674  2.8712e+01  4.0628e+01
6946.8179  -5.4727e+01  5.4832e+01
6948.0679  -1.4111e+01  6.3186e+01
6949.3184  1.7368e+02  1.0116e+02
6950.5688  9.7089e+00  1.2199e+02
6951.8188  -1.4662e+02  1.1314e+02
6953.0693  9.5699e+01  7.0191e+01
6954.3198  7.7906e+01  4.7412e+01
6955.5698  6.5623e+01  4.7589e+01
6956.8203  -3.1119e+01  5.0223e+01
6958.0708  4.8837e+01  5.7802e+01
6959.3208  3.7353e+01  5.5165e+01
6960.5713  -2.1811e+01  5.1630e+01
6961.8218  -4.6371e+01  5.2338e+01
6963.0723  -7.6810e+01  5.6723e+01
6964.3223  -3.5859e+01  4.1979e+01
6965.5728  -3.5039e+01  4.3322e+01
6966.8232  6.8301e+01  5.3021e+01
6968.0732  4.7284e+01  5.4589e+01
6969.3237  2.6738e+01  4.4742e+01
6970.5742  -1.3427e+01  6.8842e+01
6971.8242  1.4450e+01  7.7179e+01
6973.0747  5.3515e+01  6.0012e+01
6974.3252  7.1545e+00  4.5315e+01
6975.5752  9.9995e+00  4.1845e+01
6976.8257  -3.9047e+00  4.8407e+01
6978.0762  2.4663e+01  5.3693e+01
6979.3262  5.3073e+01  8.8649e+01
6980.5767  1.1391e+02  9.2192e+01
6981.8271  3.8501e+01  6.7702e+01
6983.0776  3.3519e+01  5.9656e+01
6984.3276  3.6053e+01  5.1471e+01
6985.5781  1.0682e+02  4.7690e+01
6986.8286  1.0895e+01  4.8460e+01
6988.0786  5.9417e+00  4.3376e+01
6989.3291  2.3317e+01  4.5539e+01
6990.5796  9.7490e+00  4.2568e+01
6991.8296  -6.2181e+01  5.0897e+01
6993.0801  -7.2079e+01  4.1939e+01
6994.3306  -6.4529e+01  5.2511e+01
6995.5806  2.1225e+01  5.0047e+01
6996.8311  9.4637e+01  4.8917e+01
6998.0815  -4.9021e+01  4.5404e+01
6999.3315  -1.8634e+01  4.5268e+01
7000.5820  5.8775e+01  4.1693e+01
7001.8325  1.5003e+01  4.6489e+01
7003.0830  -5.0068e+01  5.1089e+01
7004.3330  -8.6641e+00  5.8420e+01
7005.5835  2.6421e+01  6.4672e+01
7006.8340  -1.1276e+01  4.9461e+01
7008.0840  2.2439e+01  4.0478e+01
7009.3345  2.0424e+01  4.4979e+01
7010.5850  -6.7399e+00  4.6182e+01
7011.8350  -6.8393e+00  5.8880e+01
7013.0854  5.7481e+01  7.3850e+01
7014.3359  1.0449e+02  6.3179e+01
7015.5859  1.3123e+01  4.0655e+01
7016.8364  5.4294e+00  4.5068e+01
7018.0869  -4.0929e+01  4.3163e+01
7019.3374  -3.7280e+01  5.2139e+01
7020.5874  -7.1074e+00  4.0885e+01
7021.8379  -3.5438e+01  4.5141e+01
7023.0884  -6.8803e+01  3.9173e+01
7024.3384  1.8833e+01  4.4914e+01
7025.5889  -2.9521e+01  3.9922e+01
7026.8394  -3.1198e+00  4.5617e+01
7028.0894  3.7344e+01  4.2491e+01
7029.3398  7.7891e+00  5.0948e+01
7030.5903  3.8488e+01  5.2007e+01
7031.8403  -5.4569e+01  5.2969e+01
7033.0908  -7.0735e+01  4.6780e+01
7034.3413  2.3805e+01  4.8023e+01
7035.5913  4.3578e+01  4.6589e+01
7036.8418  3.5969e+01  4.2248e+01
7038.0923  -3.0736e+00  4.5643e+01
7039.3428  -4.9460e+01  3.8749e+01
7040.5928  5.4859e+00  4.3387e+01
7041.8433  -6.1499e+01  4.8965e+01
7043.0938  -5.4419e+01  4.9360e+01
7044.3438  -2.8330e+00  5.1932e+01
7045.5942  -3.3355e+01  4.3598e+01
7046.8447  5.2470e-01  5.2361e+01
7048.0947  -6.3711e+01  5.8509e+01
7049.3452  -1.3260e+01  6.2752e+01
7050.5957  7.2528e+01  6.9032e+01
7051.8457  1.3285e+01  5.7687e+01
7053.0962  -1.1164e+01  4.8241e+01
7054.3467  -5.8394e+01  4.9212e+01
7055.5972  -1.6010e+01  5.2343e+01
7056.8472  -6.5421e+01  4.6692e+01
7058.0977  -7.7307e+00  4.4138e+01
7059.3481  1.6011e+02  5.1113e+01
7060.5981  2.8546e+02  4.3934e+01
7061.8486  4.2230e+02  4.5177e+01
7063.0991  3.1005e+02  4.3084e+01
7064.3491  2.4985e+02  4.5886e+01
7065.5996  9.5460e+01  4.7428e+01
7066.8501  1.5749e+02  4.4875e+01
7068.1001  1.1325e+02  5.6694e+01
7069.3506  2.8231e+01  5.2035e+01
7070.6011  -2.7693e+01  4.4060e+01
7071.8511  5.4086e+01  6.0820e+01
7073.1016  1.2562e+01  5.4516e+01
7074.3521  4.8628e+01  4.3770e+01
7075.6025  3.6576e+01  4.5681e+01
7076.8525  -4.7903e+01  5.9026e+01
7078.1030  1.4279e+01  4.8938e+01
7079.3535  3.2040e+01  4.9038e+01
7080.6035  -2.5247e+01  4.6849e+01
7081.8540  -7.4512e+01  4.9810e+01
7083.1045  -2.0237e+01  4.7587e+01
7084.3545  -3.2301e+01  4.9965e+01
7085.6050  5.7008e+01  4.8802e+01
7086.8555  4.1428e+01  3.9608e+01
7088.1055  -2.4650e+01  4.2816e+01
7089.3560  -1.0080e+01  5.1516e+01
7090.6064  -2.7972e+01  5.2077e+01
7091.8569  -4.2554e+01  4.7207e+01
7093.1069  5.2526e+01  4.6542e+01
7094.3574  6.5620e+01  4.7179e+01
7095.6079  -3.5891e+01  5.1684e+01
7096.8579  -2.9427e+01  5.1404e+01
7098.1084  4.9848e+01  3.9534e+01
7099.3589  2.3760e+01  4.7221e+01
7100.6089  -1.5837e+01  5.1714e+01
7101.8594  -6.1847e+01  4.7906e+01
7103.1099  -4.2010e+01  3.9202e+01
7104.3599  -1.1740e+02  4.4006e+01
7105.6104  -1.9058e+01  4.8348e+01
7106.8608  4.8092e+01  4.2962e+01
7108.1108  -1.0209e+01  3.9421e+01
7109.3613  -4.5675e+01  5.2854e+01
7110.6118  -7.3620e+01  5.2178e+01
7111.8623  -2.0846e+01  4.6332e+01
7113.1123  3.5962e+01  4.8737e+01
7114.3628  -1.9476e+01  4.2803e+01
7115.6133  2.6943e+01  4.3744e+01
7116.8633  -1.1360e+01  4.2748e+01
7118.1138  -3.1348e+01  5.0468e+01
7119.3643  1.4479e+01  5.1840e+01
7120.6143  1.6884e+01  3.9857e+01
7121.8647  2.0408e+01  4.6775e+01
7123.1152  -1.9409e+01  4.8776e+01
7124.3652  -7.1640e+01  4.5518e+01
7125.6157  -3.3464e+01  4.1590e+01
7126.8662  3.8969e+01  4.6881e+01
7128.1167  -4.5237e+01  5.7494e+01
7129.3667  -5.5434e+01  5.5042e+01
7130.6172  -6.4978e+01  4.7925e+01
7131.8677  5.2690e+01  4.7167e+01
7133.1177  2.1121e+01  4.5472e+01
7134.3682  4.6361e+01  5.5599e+01
7135.6187  -2.9322e+01  4.7301e+01
7136.8687  -3.1632e+01  5.0657e+01
7138.1191  -6.0614e+01  4.5042e+01
7139.3696  -2.2721e+01  4.5655e+01
7140.6196  -2.2710e+00  4.2390e+01
7141.8701  9.4858e+00  4.4557e+01
7143.1206  -4.8696e+01  4.5488e+01
7144.3706  -8.4603e+01  5.7075e+01
7145.6211  -1.1936e+02  5.3784e+01
7146.8716  4.5827e+01  5.2806e+01
7148.1221  -1.3706e+01  5.7665e+01
7149.3721  -2.6907e+01  4.9027e+01
7150.6226  -1.1235e+01  5.9520e+01
7151.8730  1.6173e+01  4.3125e+01
7153.1230  4.1880e+01  4.8698e+01
7154.3735  -5.7660e+01  4.6044e+01
7155.6240  -4.0165e+01  4.1548e+01
7156.8740  -3.0839e+01  4.4785e+01
7158.1245  -5.5046e+01  4.2362e+01
7159.3750  2.6417e+00  5.5075e+01
7160.6250  -2.3849e+01  5.3941e+01
7161.8755  1.5974e+00  5.0796e+01
7163.1260  -6.6336e+01  4.8711e+01
7164.3765  -3.3677e+01  5.2170e+01
7165.6265  -3.7434e+01  4.7739e+01
7166.8770  -2.1044e+01  5.7628e+01
7168.1274  9.0384e+01  4.6073e+01
7169.3774  -3.7035e+00  4.5332e+01
7170.6279  2.9348e+00  5.3988e+01
7171.8784  2.0395e+01  5.7660e+01
7173.1284  -1.6991e+01  4.5982e+01
7174.3789  2.3288e+01  4.4410e+01
7175.6294  2.4204e+01  4.7754e+01
7176.8794  4.4743e+00  5.1034e+01
7178.1299  -5.5570e+00  5.5611e+01
7179.3804  -2.3683e+01  5.2954e+01
