# SNR 8.3967
# Quality c
# flux_factor = 1.e-20
5216.3672  -7.5788e+01  1.1018e+02
5217.6172  5.3860e+01  8.5873e+01
5218.8677  -1.3679e+02  8.5456e+01
5220.1182  5.8575e+01  1.0645e+02
5221.3687  6.1782e+01  9.2195e+01
5222.6187  -2.9141e+01  1.1030e+02
5223.8691  -2.7686e+02  8.5444e+01
5225.1196  -2.7338e+02  1.0478e+02
5226.3696  -1.5344e+02  1.1865e+02
5227.6201  -2.3354e+01  9.4369e+01
5228.8706  -8.2486e+01  1.0361e+02
5230.1206  -1.2647e+01  1.1039e+02
5231.3711  -1.6321e+02  8.5829e+01
5232.6216  1.4813e+02  8.7835e+01
5233.8716  6.2870e+01  8.8581e+01
5235.1221  -1.5409e+02  8.4905e+01
5236.3726  -1.1766e+01  8.4000e+01
5237.6226  -1.5740e+02  1.0836e+02
5238.8730  1.6400e+02  9.9911e+01
5240.1235  1.1065e+02  1.0290e+02
5241.3735  -7.1973e+01  1.1023e+02
5242.6240  -9.0192e-01  9.9787e+01
5243.8745  3.1692e+02  1.0001e+02
5245.1245  3.3854e+02  9.0463e+01
5246.3750  1.1960e+02  1.1168e+02
5247.6255  -8.2808e+00  8.9851e+01
5248.8760  -1.9747e+02  9.7173e+01
5250.1260  -1.8434e+02  8.6642e+01
5251.3765  1.6992e+02  1.0847e+02
5252.6270  4.9317e+00  1.0224e+02
5253.8770  -5.5881e+01  8.9969e+01
5255.1274  -1.8624e+02  1.1763e+02
5256.3779  -2.0685e+02  9.3624e+01
5257.6279  -4.5910e+00  9.5216e+01
5258.8784  -3.2779e+01  1.0947e+02
5260.1289  -9.8599e+01  9.2085e+01
5261.3789  -2.7454e+02  9.8312e+01
5262.6294  9.0277e+00  1.0171e+02
5263.8799  -3.0086e+01  1.0091e+02
5265.1299  2.3556e+00  1.2178e+02
5266.3804  1.6503e+02  1.0231e+02
5267.6309  2.0643e+02  9.6263e+01
5268.8809  1.0067e+02  1.0755e+02
5270.1313  1.0699e+02  8.7756e+01
5271.3818  1.6553e+02  9.2141e+01
5272.6318  2.1263e+02  1.0457e+02
5273.8823  1.7995e+02  9.0280e+01
5275.1328  4.9923e+01  1.0590e+02
5276.3833  -7.0217e+00  8.6224e+01
5277.6333  -1.7382e+01  1.0956e+02
5278.8838  -2.9665e+01  8.2385e+01
5280.1343  1.3851e+02  8.2513e+01
5281.3843  4.3933e+00  1.0376e+02
5282.6348  7.2969e+01  1.1914e+02
5283.8853  7.9633e+01  1.0023e+02
5285.1353  8.8305e+01  8.2589e+01
5286.3857  9.4971e+01  9.2412e+01
5287.6362  -6.0032e+01  9.6380e+01
5288.8862  1.9626e+01  9.8919e+01
5290.1367  -1.7298e+02  1.1100e+02
5291.3872  -3.1350e+01  7.8265e+01
5292.6372  6.2736e+01  8.3968e+01
5293.8877  9.6169e+01  9.1105e+01
5295.1382  3.3697e+02  9.9650e+01
5296.3882  -1.3235e+02  8.9247e+01
5297.6387  1.1499e+00  1.2203e+02
5298.8892  9.8287e+01  9.4301e+01
5300.1392  5.3779e+01  9.9446e+01
5301.3896  3.3940e+02  1.0925e+02
5302.6401  4.3136e+02  9.0807e+01
5303.8906  6.7970e+02  1.0948e+02
5305.1406  4.9412e+02  9.0289e+01
5306.3911  3.4910e+02  9.0640e+01
5307.6416  2.3875e+02  8.4116e+01
5308.8916  2.8722e+02  9.2702e+01
5310.1421  4.9633e+01  8.2864e+01
5311.3926  5.6032e+00  8.3088e+01
5312.6426  2.1747e+01  8.9896e+01
5313.8931  -1.6692e+02  8.5879e+01
5315.1436  -4.0740e+00  9.2538e+01
5316.3936  1.0836e+02  9.4420e+01
5317.6440  8.1275e+01  1.0787e+02
5318.8945  1.3637e+02  9.7557e+01
5320.1445  1.3646e+02  9.0868e+01
5321.3950  5.9393e+01  9.6428e+01
5322.6455  1.4728e+02  1.0302e+02
5323.8955  2.5440e+02  1.0880e+02
5325.1460  9.0219e+01  1.0186e+02
5326.3965  -6.2995e+01  9.4432e+01
5327.6470  8.9225e+00  8.7600e+01
5328.8970  1.2610e+02  1.0029e+02
5330.1475  1.3909e+02  1.0655e+02
5331.3979  7.7086e+01  1.1272e+02
5332.6479  5.4396e+01  1.0225e+02
5333.8984  1.9905e+02  9.8730e+01
5335.1489  -6.5513e+01  9.9055e+01
5336.3989  1.0765e+02  1.0087e+02
5337.6494  1.7630e+02  1.0807e+02
5338.8999  1.4135e+02  9.1769e+01
5340.1499  2.0090e+02  9.6375e+01
5341.4004  1.6181e+02  9.2027e+01
5342.6509  -1.0770e+02  1.1392e+02
5343.9009  9.6134e+01  1.0180e+02
5345.1514  2.1047e+01  1.0851e+02
5346.4019  -4.1289e+01  9.4742e+01
5347.6519  3.9448e+01  8.4755e+01
5348.9023  -6.7795e+01  9.2574e+01
5350.1528  1.9333e+01  8.9489e+01
5351.4028  3.0219e+01  1.0376e+02
5352.6533  3.0926e+01  9.6757e+01
5353.9038  5.4411e+01  8.0436e+01
5355.1543  -2.7364e+01  7.9153e+01
5356.4043  -9.0334e+00  9.0161e+01
5357.6548  -8.4332e+01  9.8244e+01
5358.9053  1.2238e+02  8.1308e+01
5360.1553  -1.0317e+02  9.0421e+01
5361.4058  1.3727e+02  9.0915e+01
5362.6562  2.3770e+02  8.1570e+01
5363.9062  -5.2986e+01  9.4012e+01
5365.1567  5.4824e+01  8.6829e+01
5366.4072  3.3039e+02  9.6796e+01
5367.6572  1.5850e+01  7.7381e+01
5368.9077  -8.3254e+01  9.6716e+01
5370.1582  -1.4592e+02  9.6541e+01
5371.4082  9.4347e+01  1.0171e+02
5372.6587  1.0460e+02  9.2290e+01
5373.9092  7.7635e+01  8.6021e+01
5375.1592  -2.0954e+01  1.1128e+02
5376.4097  -1.6621e+02  1.0254e+02
5377.6602  2.4876e+01  7.9846e+01
5378.9106  1.0464e+02  7.7118e+01
5380.1606  -9.3199e+01  9.9613e+01
5381.4111  -1.2753e+01  1.1095e+02
5382.6616  2.9578e+01  1.0083e+02
5383.9116  3.9448e+01  9.2707e+01
5385.1621  -1.0112e+02  1.0002e+02
5386.4126  -1.1833e+02  8.8648e+01
5387.6626  1.8595e+01  9.1843e+01
5388.9131  1.3250e+02  7.7069e+01
5390.1636  1.0484e+02  7.8512e+01
5391.4136  1.4282e+02  8.0476e+01
