# SNR 8.4983
# Quality c
# flux_factor = 1.e-20
5225.1196  2.2050e+01  1.0478e+02
5226.3696  -9.3882e+01  1.1865e+02
5227.6201  -1.1828e+02  9.4374e+01
5228.8706  3.4741e+00  1.0362e+02
5230.1206  -1.2203e+02  1.1040e+02
5231.3711  1.2280e+02  8.5833e+01
5232.6216  2.2626e+01  8.7840e+01
5233.8716  -2.7157e+01  8.8586e+01
5235.1221  -1.7220e+02  8.4909e+01
5236.3726  5.2349e+00  8.4004e+01
5237.6226  1.6991e+02  1.0836e+02
5238.8730  9.5454e+01  9.9916e+01
5240.1235  -8.7682e+00  1.0290e+02
5241.3735  -1.0372e+01  1.1024e+02
5242.6240  -9.2612e+01  9.9791e+01
5243.8745  -7.8953e+01  1.0002e+02
5245.1245  6.2876e+01  9.0467e+01
5246.3750  2.2437e+01  1.1169e+02
5247.6255  9.7345e+00  8.9855e+01
5248.8760  3.7616e+01  9.7178e+01
5250.1260  6.1957e+00  8.6646e+01
5251.3765  -1.0784e+02  1.0848e+02
5252.6270  3.0228e+01  1.0225e+02
5253.8770  6.1846e+01  8.9974e+01
5255.1274  1.9570e+02  1.1763e+02
5256.3779  -9.6823e+01  9.3629e+01
5257.6279  -1.8917e+02  9.5221e+01
5258.8784  -9.1884e+00  1.0948e+02
5260.1289  8.6805e+00  9.2090e+01
5261.3789  1.4265e+02  9.8316e+01
5262.6294  3.7382e+01  1.0171e+02
5263.8799  6.8179e+01  1.0091e+02
5265.1299  -1.1748e+02  1.2178e+02
5266.3804  -5.2886e+01  1.0232e+02
5267.6309  -1.2784e+02  9.6267e+01
5268.8809  1.4819e+01  1.0756e+02
5270.1313  -5.3258e+01  8.7760e+01
5271.3818  1.5470e+02  9.2146e+01
5272.6318  -8.4095e+01  1.0458e+02
5273.8823  5.1159e+01  9.0285e+01
5275.1328  -1.8665e+00  1.0590e+02
5276.3833  -7.5224e+01  8.6228e+01
5277.6333  1.9117e+02  1.0957e+02
5278.8838  -5.7172e+00  8.2389e+01
5280.1343  9.8251e+00  8.2517e+01
5281.3843  -2.5143e+01  1.0377e+02
5282.6348  -1.4838e+01  1.1914e+02
5283.8853  -1.1721e+02  1.0024e+02
5285.1353  -1.2215e+02  8.2593e+01
5286.3857  -5.5320e+01  9.2417e+01
5287.6362  -5.9358e+01  9.6385e+01
5288.8862  -4.0136e+01  9.8923e+01
5290.1367  1.5012e+02  1.1101e+02
5291.3872  2.5889e+02  7.8269e+01
5292.6372  3.1602e+01  8.3972e+01
5293.8877  -2.4554e+01  9.1109e+01
5295.1382  -6.8837e+01  9.9655e+01
5296.3882  1.7506e+02  8.9251e+01
5297.6387  5.9167e+01  1.2204e+02
5298.8892  2.0988e+01  9.4306e+01
5300.1392  8.7770e+00  9.9451e+01
5301.3896  1.7317e+02  1.0925e+02
5302.6401  -2.9746e+01  9.0812e+01
5303.8906  1.6444e+02  1.0949e+02
5305.1406  2.4738e+02  9.0293e+01
5306.3911  3.1141e+02  9.0645e+01
5307.6416  1.7424e+02  8.4120e+01
5308.8916  7.0336e+01  9.2707e+01
5310.1421  1.4999e+01  8.2868e+01
5311.3926  2.2727e+02  8.3092e+01
5312.6426  4.3795e+02  8.9901e+01
5313.8931  5.2374e+02  8.5883e+01
5315.1436  3.8255e+02  9.2542e+01
5316.3936  2.9314e+02  9.4424e+01
5317.6440  1.9904e+02  1.0788e+02
5318.8945  3.7528e+01  9.7562e+01
5320.1445  1.2988e+02  9.0873e+01
5321.3950  -5.9263e+01  9.6433e+01
5322.6455  2.2038e+02  1.0302e+02
5323.8955  -2.6724e+01  1.0880e+02
5325.1460  -7.0198e+01  1.0187e+02
5326.3965  2.8838e+00  9.4437e+01
5327.6470  9.0706e+00  8.7604e+01
5328.8970  -2.7398e+01  1.0030e+02
5330.1475  4.0876e+01  1.0656e+02
5331.3979  8.2035e+01  1.1273e+02
5332.6479  -6.1148e+01  1.0226e+02
5333.8984  -1.4769e+02  9.8735e+01
5335.1489  1.5011e+02  9.9060e+01
5336.3989  3.9446e+01  1.0088e+02
5337.6494  -1.1982e+02  1.0807e+02
5338.8999  -4.5473e+01  9.1774e+01
5340.1499  1.6416e+01  9.6380e+01
5341.4004  8.8175e+01  9.2031e+01
5342.6509  -3.8831e-01  1.1392e+02
5343.9009  1.1031e+02  1.0181e+02
5345.1514  -7.7234e+01  1.0851e+02
5346.4019  -1.3546e+02  9.4747e+01
5347.6519  1.3536e+02  8.4760e+01
5348.9023  -7.0158e+01  9.2579e+01
5350.1528  -5.1679e+01  8.9494e+01
5351.4028  -2.8828e+01  1.0376e+02
5352.6533  -9.6828e+01  9.6761e+01
5353.9038  -1.3512e+02  8.0440e+01
5355.1543  1.0084e+02  7.9157e+01
5356.4043  3.0300e+00  9.0165e+01
5357.6548  4.6150e+01  9.8249e+01
5358.9053  -2.2416e+02  8.1312e+01
5360.1553  -5.2194e+00  9.0425e+01
5361.4058  -8.5714e+00  9.0919e+01
5362.6562  5.1248e+01  8.1574e+01
5363.9062  1.6290e+02  9.4017e+01
5365.1567  3.2071e+01  8.6833e+01
5366.4072  -4.1543e+00  9.6801e+01
5367.6572  1.2084e+02  7.7384e+01
5368.9077  4.6195e+01  9.6721e+01
5370.1582  5.2505e+01  9.6546e+01
5371.4082  6.4402e+01  1.0171e+02
5372.6587  2.4993e+01  9.2295e+01
5373.9092  2.4941e+01  8.6026e+01
5375.1592  4.6423e+01  1.1129e+02
5376.4097  -6.2218e+01  1.0254e+02
5377.6602  1.0534e+02  7.9850e+01
5378.9106  6.2243e+01  7.7122e+01
5380.1606  -8.6338e+01  9.9618e+01
5381.4111  -1.9880e+01  1.1095e+02
5382.6616  -1.5433e+01  1.0084e+02
5383.9116  3.0220e+01  9.2711e+01
5385.1621  -1.0519e+02  1.0003e+02
5386.4126  -4.9967e+01  8.8652e+01
5387.6626  -1.0197e+02  9.1847e+01
5388.9131  3.7749e+01  7.7073e+01
5390.1636  1.5099e+02  7.8516e+01
5391.4136  -3.8623e+01  8.0480e+01
5392.6641  1.6583e+01  8.5901e+01
5393.9146  -8.5290e+01  1.0149e+02
5395.1646  -6.7524e+01  8.0547e+01
5396.4150  7.0564e+01  8.5563e+01
5397.6655  -6.8780e+01  7.9145e+01
5398.9155  -1.0146e+02  9.6616e+01
5400.1660  1.1875e+02  8.6437e+01
5401.4165  -7.5387e+01  9.0758e+01
