# SNR 13.6612
# Quality c
# flux_factor = 1.e-20
6907.8843  3.5138e+01  3.1343e+01
6909.1348  -2.9419e+01  3.4297e+01
6910.3848  -3.8086e+01  2.9089e+01
6911.6353  1.0196e+02  3.9218e+01
6912.8857  3.4638e+01  5.4809e+01
6914.1362  2.2981e+01  6.0634e+01
6915.3862  -5.7451e+00  4.4996e+01
6916.6367  1.9723e+01  2.8596e+01
6917.8872  -1.0671e+01  3.3217e+01
6919.1372  -8.8797e+00  3.0082e+01
6920.3877  4.5818e+01  2.8187e+01
6921.6382  3.6459e+01  3.4320e+01
6922.8882  5.6858e+01  5.6097e+01
6924.1387  1.4696e+01  7.9502e+01
6925.3892  5.7730e+01  6.4577e+01
6926.6392  -1.4044e+01  3.9736e+01
6927.8896  -4.1753e+01  2.8603e+01
6929.1401  -5.2152e+01  3.2228e+01
6930.3901  -1.1031e+00  3.0641e+01
6931.6406  1.0945e+01  2.7726e+01
6932.8911  2.8718e+01  2.9809e+01
6934.1416  2.4344e+01  2.7139e+01
6935.3916  1.7752e+01  2.7213e+01
6936.6421  3.8795e+01  2.7405e+01
6937.8926  9.3660e+01  3.7706e+01
6939.1426  -3.1922e+01  4.3496e+01
6940.3931  -2.0635e+01  5.7660e+01
6941.6436  5.6560e+00  4.9224e+01
6942.8936  -3.3425e+01  3.3948e+01
6944.1440  1.4330e+01  2.9929e+01
6945.3945  4.2728e+01  2.8346e+01
6946.6445  2.1561e+01  2.7280e+01
6947.8950  -1.4366e-01  3.7695e+01
6949.1455  -4.5763e+00  6.7670e+01
6950.3960  -2.5859e+01  8.1104e+01
6951.6460  2.2532e+01  5.4092e+01
6952.8965  1.1897e+01  3.9645e+01
6954.1470  -2.3675e+01  3.3884e+01
6955.3970  -2.1378e+01  3.6731e+01
6956.6475  3.0261e+01  3.3784e+01
6957.8979  1.1517e+01  3.6693e+01
6959.1479  6.6921e+01  3.2308e+01
6960.3984  3.8851e+01  2.9672e+01
6961.6489  -1.5817e+01  2.9384e+01
6962.8989  2.0909e+01  3.3949e+01
6964.1494  1.0592e+01  3.1486e+01
6965.3999  9.9250e+00  3.0628e+01
6966.6499  1.2153e+01  3.2894e+01
6967.9004  -4.5170e+00  3.4215e+01
6969.1509  -4.0188e+01  3.9098e+01
6970.4014  1.0064e+02  4.9432e+01
6971.6514  8.6711e+01  4.8010e+01
6972.9019  -3.2342e+01  3.5425e+01
6974.1523  1.9117e+00  2.8628e+01
6975.4023  1.4707e+01  2.9193e+01
6976.6528  9.5173e+01  3.3587e+01
6977.9033  3.3175e+01  4.2918e+01
6979.1533  2.0427e+01  6.2903e+01
6980.4038  -7.6916e+01  5.6791e+01
6981.6543  2.8710e+01  4.4978e+01
6982.9043  3.2476e+01  2.8549e+01
6984.1548  -1.0752e+01  3.4737e+01
6985.4053  4.4829e+01  3.3075e+01
6986.6558  2.0785e+01  3.3133e+01
6987.9058  -3.0436e+01  3.8021e+01
6989.1562  -1.4148e+01  3.3990e+01
6990.4067  -1.0774e+01  2.7706e+01
6991.6567  2.0799e+01  3.1452e+01
6992.9072  5.5338e+01  3.1034e+01
6994.1577  -2.7209e+01  3.3211e+01
6995.4077  3.8640e-01  3.3629e+01
6996.6582  1.9285e+01  3.1288e+01
6997.9087  2.6818e+01  2.9758e+01
6999.1587  6.7722e+00  3.0799e+01
7000.4092  2.3927e+01  3.0650e+01
7001.6597  1.0090e+01  2.9610e+01
7002.9097  1.8259e+01  3.4427e+01
7004.1602  5.5629e+01  3.8666e+01
7005.4106  6.1605e+01  3.8479e+01
7006.6611  -4.5286e+00  3.2025e+01
7007.9111  2.5924e+01  2.8391e+01
7009.1616  -1.7444e+00  3.1437e+01
7010.4121  -3.0376e+01  3.2968e+01
7011.6621  7.4003e+01  4.6697e+01
7012.9126  1.6753e+01  5.1279e+01
7014.1631  1.0852e+01  3.8923e+01
7015.4131  -2.3143e+01  2.7059e+01
7016.6636  -3.2309e+01  2.7413e+01
7017.9141  3.0426e+01  3.0147e+01
7019.1641  -5.0904e-01  2.8915e+01
7020.4146  -2.1205e+01  2.8177e+01
7021.6650  3.5001e+01  2.8705e+01
7022.9150  1.3179e+02  3.0718e+01
7024.1655  3.0191e+02  2.9263e+01
7025.4160  2.9404e+02  2.9962e+01
7026.6665  2.5991e+02  2.8442e+01
7027.9165  1.4315e+02  2.7417e+01
7029.1670  1.7786e+02  3.6567e+01
7030.4175  1.5582e+02  3.3071e+01
7031.6675  1.4177e+02  3.2498e+01
7032.9180  1.2973e+02  2.8705e+01
7034.1685  7.1056e+01  2.9089e+01
7035.4185  1.3083e+02  2.7944e+01
7036.6689  3.9599e+01  3.0541e+01
7037.9194  -1.0166e+00  2.6781e+01
7039.1694  1.2816e+02  2.6986e+01
7040.4199  1.0923e+01  3.2449e+01
7041.6704  3.4296e-01  3.7013e+01
7042.9209  3.4256e+01  3.5564e+01
7044.1709  9.7374e+00  2.9813e+01
7045.4214  6.2399e+01  2.8146e+01
7046.6719  -5.6578e+01  3.1944e+01
7047.9219  -2.6057e+00  3.8911e+01
7049.1724  8.6994e+01  4.4937e+01
7050.4229  1.5569e+00  4.3009e+01
7051.6729  3.4000e+01  3.7664e+01
7052.9233  3.9485e+01  3.4788e+01
7054.1738  -1.7031e+01  4.1119e+01
7055.4238  7.0036e+01  3.3478e+01
7056.6743  -1.5790e+01  3.0435e+01
7057.9248  5.4953e+01  3.1860e+01
7059.1748  3.1203e+01  3.3105e+01
7060.4253  9.4517e+00  3.7854e+01
7061.6758  -3.1893e+01  3.4522e+01
7062.9263  1.6557e+01  3.9239e+01
7064.1763  1.2803e+00  3.6797e+01
7065.4268  5.0655e+01  3.3822e+01
7066.6772  -8.0986e+01  3.7991e+01
7067.9272  -1.0727e+01  3.7132e+01
7069.1777  -2.1463e+01  3.1297e+01
7070.4282  8.7894e-02  3.3841e+01
7071.6782  1.2166e+00  3.3159e+01
7072.9287  7.6025e+00  2.9267e+01
7074.1792  5.0840e+01  3.0841e+01
7075.4292  5.8967e+01  3.3268e+01
7076.6797  -4.6947e+00  2.8838e+01
7077.9302  1.2238e+01  3.0355e+01
7079.1807  4.0507e+00  3.6295e+01
7080.4307  2.8016e+01  3.1438e+01
7081.6812  -8.2752e+00  3.0633e+01
7082.9316  -6.1542e+01  3.8515e+01
7084.1816  -1.9494e+01  3.3985e+01
7085.4321  -2.1222e+01  3.2037e+01
7086.6826  5.0930e+00  3.2705e+01
7087.9326  5.4930e+01  3.1263e+01
7089.1831  1.7377e+01  3.5973e+01
7090.4336  3.9786e+01  3.5927e+01
7091.6836  -2.4938e+01  3.1244e+01
7092.9341  2.9558e+00  3.6620e+01
7094.1846  -5.6490e+00  3.4738e+01
7095.4346  7.3738e+00  2.7205e+01
7096.6851  4.7686e+01  3.1882e+01
7097.9355  7.0670e+01  2.9872e+01
7099.1860  1.4464e+01  2.8638e+01
7100.4360  5.2476e+00  3.1927e+01
7101.6865  -1.7379e+01  3.2994e+01
7102.9370  3.9775e+01  3.7778e+01
7104.1870  -9.6968e+00  3.1322e+01
7105.4375  -3.1744e+00  2.8752e+01
7106.6880  -9.8937e+00  2.7986e+01
7107.9380  -1.0369e+01  2.9567e+01
7109.1885  -4.0784e+00  3.0601e+01
7110.4390  -1.6851e+01  2.7582e+01
7111.6890  -3.7126e+00  3.0799e+01
7112.9395  4.0439e+01  2.8954e+01
7114.1899  3.8928e+01  2.9116e+01
7115.4404  1.7789e+01  2.8450e+01
7116.6904  -2.4088e+01  2.8974e+01
7117.9409  -3.8002e+01  3.5646e+01
7119.1914  -5.3831e+01  3.5033e+01
7120.4414  -1.9118e+01  3.0737e+01
7121.6919  -7.0412e+00  3.1495e+01
7122.9424  1.1569e+01  3.5687e+01
7124.1924  -4.7075e+01  2.9062e+01
7125.4429  -6.5732e+01  2.6681e+01
7126.6934  5.2455e+01  2.8884e+01
7127.9434  -9.5114e+00  3.8100e+01
7129.1938  3.9479e+01  3.2099e+01
7130.4443  2.2758e+01  2.8491e+01
7131.6948  -1.6547e+01  2.7402e+01
7132.9448  -2.2306e+01  2.9605e+01
7134.1953  1.3726e+01  3.2147e+01
7135.4458  2.8479e+01  3.0566e+01
7136.6958  2.1310e+01  3.2852e+01
7137.9463  4.2982e+01  3.0182e+01
7139.1968  2.7548e+01  3.3677e+01
7140.4468  -1.8652e+01  3.3350e+01
