# SNR 8.5484
# Quality c
# flux_factor = 1.e-20
5911.4902  -1.2954e+01  7.5724e+01
5912.7407  -6.2933e+01  7.7952e+01
5913.9907  -6.6017e+01  7.9876e+01
5915.2412  -1.0190e+01  1.1178e+02
5916.4917  4.7168e+01  1.0082e+02
5917.7422  1.5452e+02  9.0418e+01
5918.9922  7.1053e+01  7.7991e+01
5920.2427  4.3550e+01  7.9761e+01
5921.4932  -9.3011e+01  6.9133e+01
5922.7432  5.1265e+00  8.0085e+01
5923.9937  5.8716e+01  7.8062e+01
5925.2441  2.1434e+02  8.1182e+01
5926.4941  2.9421e+01  8.8313e+01
5927.7446  -2.0883e+01  8.7361e+01
5928.9951  4.2326e-01  8.9500e+01
5930.2451  -9.3478e+01  7.8429e+01
5931.4956  1.3390e+02  6.9479e+01
5932.7461  1.4829e+02  1.0457e+02
5933.9961  -7.7074e+01  1.0688e+02
5935.2466  -7.7548e+01  1.0211e+02
5936.4971  9.5682e+01  7.2207e+01
5937.7471  9.5363e+01  6.8358e+01
5938.9976  7.1108e+01  7.3950e+01
5940.2480  1.2981e+00  6.7361e+01
5941.4985  -1.1267e+02  7.6402e+01
5942.7485  -5.0979e+01  8.6694e+01
5943.9990  9.2922e+01  9.0591e+01
5945.2495  7.5313e+01  7.5842e+01
5946.4995  1.0831e+02  9.1141e+01
5947.7500  5.5757e+01  8.1158e+01
5949.0005  1.2039e+01  7.6737e+01
5950.2505  -1.4494e+01  6.7741e+01
5951.5010  -4.7778e+01  6.7152e+01
5952.7515  4.9239e+01  7.4323e+01
5954.0015  2.2867e+02  9.5846e+01
5955.2520  6.0901e+01  9.6124e+01
5956.5024  8.2854e+01  7.7002e+01
5957.7524  1.8496e+01  6.6813e+01
5959.0029  1.0570e+01  7.8870e+01
5960.2534  3.7546e+01  7.2831e+01
5961.5039  1.4772e+02  8.3281e+01
5962.7539  6.8143e+01  6.6003e+01
5964.0044  3.0801e+01  7.5356e+01
5965.2549  2.5988e+01  8.6552e+01
5966.5049  -1.1442e+02  7.1200e+01
5967.7554  1.3039e+02  6.4777e+01
5969.0059  -1.7494e+01  6.6365e+01
5970.2559  2.8904e+01  7.4470e+01
5971.5063  1.3720e+02  8.5829e+01
5972.7568  -9.9459e-01  7.1615e+01
5974.0068  4.0197e+00  6.9921e+01
5975.2573  -1.9202e+01  6.4827e+01
5976.5078  2.3458e+01  7.5016e+01
5977.7578  1.4337e+02  8.3689e+01
5979.0083  -1.2637e+02  8.9101e+01
5980.2588  3.7356e+01  7.9492e+01
5981.5088  -2.5509e+01  6.3964e+01
5982.7593  -8.1057e+01  7.6767e+01
5984.0098  1.3484e+02  6.3368e+01
5985.2603  -2.7702e+00  7.9424e+01
5986.5103  -1.3015e+02  6.9133e+01
5987.7607  -8.5807e+00  6.6148e+01
5989.0112  1.0583e+00  7.4318e+01
5990.2612  -1.4332e+02  6.3326e+01
5991.5117  -3.6277e+01  7.2973e+01
5992.7622  -1.4401e+01  6.3377e+01
5994.0122  5.9013e+01  6.2166e+01
5995.2627  5.0589e+01  7.1834e+01
5996.5132  5.9992e+01  6.2417e+01
5997.7632  3.3534e+01  6.5446e+01
5999.0137  9.1394e+01  8.8588e+01
6000.2642  -2.2003e+01  6.5472e+01
6001.5142  -1.3455e+02  6.4222e+01
6002.7646  3.7282e+01  6.8245e+01
6004.0151  5.7049e+01  7.1193e+01
6005.2656  1.3300e+02  8.2974e+01
6006.5156  3.9789e+01  8.0129e+01
6007.7661  8.4254e+01  6.4295e+01
6009.0166  1.9750e+02  6.0565e+01
6010.2666  2.4793e+02  6.1501e+01
6011.5171  3.7339e+02  6.2335e+01
6012.7676  2.5438e+02  6.2340e+01
6014.0176  1.4659e+02  6.1424e+01
6015.2681  1.8057e+02  6.8598e+01
6016.5186  8.3499e+01  6.6835e+01
6017.7686  -7.6043e+00  8.0368e+01
6019.0190  -6.0674e+01  6.6903e+01
6020.2695  3.2394e+01  6.6451e+01
6021.5195  -3.8823e+00  6.8552e+01
6022.7700  -9.3272e+01  6.6804e+01
6024.0205  5.0745e+01  7.2244e+01
6025.2710  9.8316e+01  6.5797e+01
6026.5210  5.2783e+01  7.6581e+01
6027.7715  1.1169e+02  7.6685e+01
6029.0220  5.8834e+01  6.4962e+01
6030.2720  -1.6368e+01  6.4594e+01
6031.5225  -1.2754e+00  7.8276e+01
6032.7729  -2.9623e+01  6.2366e+01
6034.0229  -3.7385e+01  6.6621e+01
6035.2734  -1.3649e+02  6.9323e+01
6036.5239  -1.2995e+02  7.0947e+01
6037.7739  -5.1642e+01  6.8670e+01
6039.0244  -3.6670e+01  6.2516e+01
6040.2749  1.5217e+02  6.2428e+01
6041.5249  1.2898e+02  6.2212e+01
6042.7754  -4.7595e+01  7.8436e+01
6044.0259  7.7361e+01  6.4938e+01
6045.2759  8.0900e+00  6.1469e+01
6046.5264  2.6773e+01  6.8458e+01
6047.7769  7.4429e+01  6.2096e+01
6049.0273  2.8465e+01  6.2554e+01
6050.2773  -3.3199e+01  6.5936e+01
6051.5278  -6.5019e+01  7.4978e+01
6052.7783  -3.5356e+01  7.6043e+01
6054.0283  -1.1215e+02  7.0360e+01
6055.2788  -2.6854e+01  6.9729e+01
6056.5293  -1.6430e+01  6.3513e+01
6057.7793  3.7388e+01  6.1300e+01
6059.0298  1.9395e+01  6.3077e+01
6060.2803  2.9311e+01  6.2488e+01
6061.5303  -1.2210e+02  6.3076e+01
6062.7808  3.9934e+01  7.2865e+01
6064.0312  6.7159e+01  6.4482e+01
6065.2812  -1.5498e+01  6.8329e+01
6066.5317  -4.4909e+01  6.1689e+01
6067.7822  -4.4190e+01  6.4697e+01
6069.0327  -6.7937e+01  7.6614e+01
6070.2827  3.0969e+01  6.4965e+01
6071.5332  6.9488e+01  6.2363e+01
6072.7837  3.1337e+00  6.9997e+01
6074.0337  8.7809e+01  6.2642e+01
6075.2842  -9.1785e+01  6.2083e+01
6076.5347  5.4933e+01  6.6609e+01
6077.7847  5.9118e+01  6.1732e+01
6079.0352  1.3706e+01  6.0988e+01
6080.2856  -1.6010e+01  6.0238e+01
6081.5356  5.5762e+00  7.1616e+01
6082.7861  -5.6485e+01  6.0998e+01
6084.0366  -1.7185e+01  6.7406e+01
6085.2866  -8.0572e+01  6.4338e+01
6086.5371  5.1298e+01  6.3342e+01
6087.7876  -6.0466e+01  7.7117e+01
6089.0381  -5.8539e+01  6.0682e+01
6090.2881  -3.3937e+01  7.2853e+01
6091.5386  -2.5611e-01  7.4032e+01
6092.7891  -1.2733e+01  7.1366e+01
6094.0391  -6.6485e-02  6.9574e+01
6095.2896  -9.7692e+01  7.1996e+01
6096.5400  -1.6386e+01  6.4713e+01
6097.7900  -1.4958e+02  6.0561e+01
6099.0405  -8.8679e+01  6.0521e+01
6100.2910  9.6641e+01  6.7074e+01
6101.5410  -6.1225e+01  6.0134e+01
6102.7915  -4.3070e+01  7.0948e+01
6104.0420  -5.0793e+01  7.1627e+01
6105.2920  -1.7474e+01  6.1126e+01
6106.5425  -4.5992e+01  7.2666e+01
6107.7930  2.9102e+01  6.1225e+01
6109.0430  -2.6985e+01  6.1099e+01
6110.2935  -1.8641e+01  5.8003e+01
6111.5439  -1.3604e+01  6.2036e+01
