# SNR 9.1361
# Quality c
# flux_factor = 1.e-20
4857.4590  1.4156e+02  1.1890e+02
4858.7095  3.5041e+01  9.7057e+01
4859.9600  7.6921e+01  1.2956e+02
4861.2100  7.7979e+01  1.0420e+02
4862.4604  9.3702e+01  1.0819e+02
4863.7109  1.9962e+02  1.0898e+02
4864.9609  1.0241e+02  1.0523e+02
4866.2114  -1.3932e+02  9.8570e+01
4867.4619  -6.1532e+01  1.1349e+02
4868.7119  -2.2434e+01  1.0017e+02
4869.9624  1.1136e+02  1.1937e+02
4871.2129  -9.5636e+00  1.1809e+02
4872.4634  2.7689e+02  9.7781e+01
4873.7134  -5.6509e+01  1.1437e+02
4874.9639  -1.0546e+02  1.0437e+02
4876.2144  1.9028e+02  9.9771e+01
4877.4644  5.2075e+01  1.1268e+02
4878.7148  -1.8176e+02  1.0208e+02
4879.9653  7.2853e+01  1.1202e+02
4881.2153  1.0985e+02  1.4579e+02
4882.4658  2.0600e+02  1.3683e+02
4883.7163  2.2995e+00  1.4578e+02
4884.9663  2.8153e+01  1.1647e+02
4886.2168  5.6428e+01  1.1040e+02
4887.4673  1.1999e+02  1.4085e+02
4888.7173  3.5243e+01  1.0831e+02
4889.9678  -4.9842e+01  1.2794e+02
4891.2183  1.5784e+02  1.3993e+02
4892.4683  1.0635e+02  1.2218e+02
4893.7188  -1.6874e+02  1.2358e+02
4894.9692  4.3901e+01  1.2300e+02
4896.2192  -1.1574e+02  1.1907e+02
4897.4697  -9.6678e+00  1.1597e+02
4898.7202  -2.4355e+01  1.0079e+02
4899.9702  1.4882e+02  9.9481e+01
4901.2207  1.6814e+01  1.3897e+02
4902.4712  7.3315e+01  1.1297e+02
4903.7217  2.3518e+00  1.0276e+02
4904.9717  -4.0984e+01  1.0394e+02
4906.2222  -8.3383e+01  1.3192e+02
4907.4727  -6.7709e+00  1.0037e+02
4908.7227  1.0760e+02  1.1855e+02
4909.9731  1.5873e+02  1.2036e+02
4911.2236  -1.4337e+01  1.0678e+02
4912.4736  7.1897e+01  1.0025e+02
4913.7241  8.8139e+01  1.0603e+02
4914.9746  1.3519e+02  1.0292e+02
4916.2246  1.4369e+02  1.1136e+02
4917.4751  4.6005e+01  9.8183e+01
4918.7256  4.4767e+01  1.0371e+02
4919.9756  1.1432e+02  1.1482e+02
4921.2261  5.6965e+01  1.1896e+02
4922.4766  -1.2770e+02  1.1725e+02
4923.7266  3.9627e+01  9.5649e+01
4924.9771  -5.5888e+01  1.0660e+02
4926.2275  -2.3278e+01  1.1558e+02
4927.4775  -2.1370e+02  1.0810e+02
4928.7280  -5.6893e+01  1.1290e+02
4929.9785  1.5486e+02  1.2555e+02
4931.2285  2.0652e+02  1.1268e+02
4932.4790  1.1491e+02  1.0495e+02
4933.7295  1.1364e+02  9.6270e+01
4934.9800  1.7396e+02  9.9367e+01
4936.2300  -9.0471e+01  1.0784e+02
4937.4805  1.8976e+02  1.1516e+02
4938.7310  6.2858e+02  1.2206e+02
4939.9810  8.4279e+02  1.0344e+02
4941.2314  6.4634e+02  1.1725e+02
4942.4819  3.7542e+02  9.5265e+01
4943.7319  3.0425e+02  1.2702e+02
4944.9824  9.3759e+01  1.1840e+02
4946.2329  3.3213e+01  1.0888e+02
4947.4829  2.7608e+02  1.2009e+02
4948.7334  1.9861e+02  1.2651e+02
4949.9839  2.7264e+02  1.1242e+02
4951.2339  1.1334e+02  1.0685e+02
4952.4844  4.9624e+01  9.4862e+01
4953.7349  -1.1803e+01  1.1951e+02
4954.9849  4.0420e+01  1.0404e+02
4956.2354  -5.2829e+01  1.2517e+02
4957.4858  8.5310e+01  1.1689e+02
4958.7358  1.8164e+01  9.3042e+01
4959.9863  6.5206e+01  9.6475e+01
4961.2368  4.1749e+01  1.1307e+02
4962.4868  1.2040e+02  1.1736e+02
4963.7373  2.0297e+02  1.0783e+02
4964.9878  1.5127e+02  1.1442e+02
4966.2383  3.7862e+02  1.0490e+02
4967.4883  1.2712e+02  1.2053e+02
4968.7388  2.1945e+02  1.2521e+02
4969.9893  -2.1337e+02  1.2063e+02
4971.2393  -1.9435e+01  1.0590e+02
4972.4897  1.3514e+02  9.6780e+01
4973.7402  6.7659e+01  1.0126e+02
4974.9902  -4.0005e+01  1.2502e+02
4976.2407  1.9180e+02  1.1113e+02
4977.4912  5.4641e+01  1.1058e+02
4978.7412  -2.4918e+01  9.9342e+01
4979.9917  7.6944e+01  1.0372e+02
4981.2422  -1.6588e+01  1.0862e+02
4982.4922  1.4653e+02  1.2531e+02
4983.7427  2.0583e+02  1.1461e+02
4984.9932  2.1885e+02  1.1272e+02
4986.2432  1.0960e+02  1.1377e+02
4987.4937  3.1392e+02  1.2389e+02
4988.7441  5.6617e+01  1.0340e+02
4989.9941  -9.5530e+00  1.0969e+02
4991.2446  1.3470e+02  1.0335e+02
4992.4951  5.6865e+01  1.1190e+02
4993.7451  3.9521e+01  9.4454e+01
4994.9956  8.8506e+01  1.1977e+02
4996.2461  1.4646e+02  1.1620e+02
4997.4966  9.6336e+01  1.0729e+02
4998.7466  9.1060e+01  9.2215e+01
4999.9971  -7.4334e+01  1.1297e+02
5001.2476  5.1719e+01  1.1286e+02
5002.4976  3.7572e+00  9.2183e+01
5003.7480  7.5988e+01  1.2128e+02
5004.9985  7.1016e+01  1.0377e+02
5006.2485  9.2300e+01  1.2557e+02
5007.4990  -6.3471e+01  1.1414e+02
5008.7495  9.5286e+01  1.1248e+02
5009.9995  -7.7854e+01  1.0452e+02
5011.2500  -4.1706e+01  9.2157e+01
5012.5005  2.8080e+01  1.1061e+02
5013.7505  3.3289e+01  1.0810e+02
5015.0010  2.2446e+02  1.2599e+02
5016.2515  1.9350e+02  1.1087e+02
5017.5015  -6.3066e+01  1.0466e+02
5018.7520  -6.5815e+01  1.1209e+02
5020.0024  2.9907e+01  1.0242e+02
5021.2524  2.2545e+02  9.2437e+01
