# SNR 9.7168
# Quality c
# flux_factor = 1.e-20
7328.5283  -1.8493e+02  9.8077e+01
7329.7788  -1.1504e+02  1.1713e+02
7331.0293  -9.4521e+01  1.9909e+02
7332.2793  1.0545e+02  2.2916e+02
7333.5298  -1.2659e+02  1.6341e+02
7334.7803  -1.2422e+02  1.0717e+02
7336.0303  3.2035e+01  1.0070e+02
7337.2808  8.3692e+01  9.8609e+01
7338.5312  2.0297e+01  9.8471e+01
7339.7812  4.8992e+01  9.8938e+01
7341.0317  8.8227e+01  1.2355e+02
7342.2822  -8.4477e+00  2.4178e+02
7343.5322  -2.4585e+01  4.4051e+02
7344.7827  1.2264e+01  3.5797e+02
7346.0332  -3.1775e+00  1.4415e+02
7347.2832  9.3044e+01  1.0733e+02
7348.5337  1.6086e+02  1.0675e+02
7349.7842  4.2854e+01  1.0311e+02
7351.0347  -3.0613e+01  1.0332e+02
7352.2847  -8.2841e+01  1.0279e+02
7353.5352  -1.1525e+02  1.0731e+02
7354.7856  -5.4240e+01  1.0810e+02
7356.0356  1.2465e+02  1.0426e+02
7357.2861  2.1342e+01  1.0012e+02
7358.5366  -2.2341e+01  1.0429e+02
7359.7866  -6.4592e+01  1.4246e+02
7361.0371  -2.5762e+02  2.1344e+02
7362.2876  -1.7741e+01  2.0440e+02
7363.5376  -5.1266e+01  1.2483e+02
7364.7881  -2.8815e+01  1.0066e+02
7366.0386  3.3967e+01  1.0216e+02
7367.2891  4.5348e+01  1.0335e+02
7368.5391  5.4014e+01  1.0416e+02
7369.7896  -5.3673e+01  1.3092e+02
7371.0400  -6.9305e+01  2.4973e+02
7372.2900  -3.9662e+01  3.8667e+02
7373.5405  -3.6190e+01  2.3476e+02
7374.7910  7.0306e+01  1.1731e+02
7376.0410  5.5076e+01  1.0804e+02
7377.2915  -7.1348e+01  1.0986e+02
7378.5420  7.4773e+01  1.0115e+02
7379.7920  -3.1304e+01  9.7540e+01
7381.0425  -1.1398e+02  1.0009e+02
7382.2930  -5.4726e+01  9.9757e+01
7383.5435  -5.2853e+01  9.8036e+01
7384.7935  -1.1596e+02  9.8328e+01
7386.0439  9.9295e+00  9.9882e+01
7387.2944  6.9751e+01  9.8690e+01
7388.5444  -5.8112e+01  9.7645e+01
7389.7949  -3.6636e+01  9.8080e+01
7391.0454  1.5517e+01  1.0026e+02
7392.2954  -6.9161e+00  1.0859e+02
7393.5459  -1.3244e+02  1.4415e+02
7394.7964  -4.8960e+01  1.8980e+02
7396.0464  -1.6974e+02  1.6792e+02
7397.2969  8.3369e+01  1.0954e+02
7398.5474  8.9867e+01  9.7559e+01
7399.7974  5.2790e+01  9.7345e+01
7401.0479  -1.5569e+01  9.8071e+01
7402.2983  -6.2317e+01  1.1587e+02
7403.5488  6.6955e+01  2.0566e+02
7404.7988  1.7100e+01  2.5559e+02
7406.0493  -2.7245e+02  1.9555e+02
7407.2998  -5.8052e+01  1.0783e+02
7408.5498  -7.4404e+00  9.7520e+01
7409.8003  -1.4460e+02  9.7006e+01
7411.0508  -7.1750e+01  9.5767e+01
7412.3008  -1.9016e+02  9.5266e+01
7413.5513  -9.8686e+01  9.8980e+01
7414.8018  -3.9214e+01  1.0543e+02
7416.0518  -7.2347e+01  1.0450e+02
7417.3022  -1.1352e+02  9.8864e+01
7418.5527  -1.6732e+01  9.9047e+01
7419.8032  -8.7502e+01  1.0150e+02
7421.0532  1.2813e+02  9.9610e+01
7422.3037  1.3124e+02  9.7049e+01
7423.5542  8.2257e+00  9.5981e+01
7424.8042  -5.8518e+01  9.8975e+01
7426.0547  4.8163e+01  1.0014e+02
7427.3052  1.5684e+02  9.8262e+01
7428.5552  7.0918e+01  9.6370e+01
7429.8057  -3.7817e+01  9.6581e+01
7431.0562  1.5343e+00  1.1946e+02
7432.3062  4.7514e+01  1.5369e+02
7433.5566  -1.3022e+01  1.4248e+02
7434.8071  -6.2270e+01  1.0296e+02
7436.0576  6.1051e+01  9.6590e+01
7437.3076  5.9594e+01  9.6834e+01
7438.5581  -1.6531e+02  1.0096e+02
7439.8086  -5.0243e+01  1.4236e+02
7441.0586  -5.6935e+01  1.9479e+02
7442.3091  9.5724e+01  1.7333e+02
7443.5596  -7.1820e+01  1.1042e+02
7444.8096  -1.9385e+02  9.6510e+01
7446.0601  2.6143e+00  9.6624e+01
7447.3105  1.3192e+02  9.5712e+01
7448.5605  2.3468e+02  9.5206e+01
7449.8110  3.0486e+02  9.5868e+01
7451.0615  5.0864e+02  9.5653e+01
7452.3115  4.6539e+02  9.5494e+01
7453.5620  4.1143e+02  9.6933e+01
7454.8125  2.1305e+02  9.7268e+01
7456.0630  3.0963e+02  9.6308e+01
7457.3130  6.3257e+01  9.5903e+01
7458.5635  2.6460e+02  9.5461e+01
7459.8140  2.8250e+02  9.8418e+01
7461.0640  5.3175e+01  1.0156e+02
7462.3145  1.6162e+02  1.0034e+02
7463.5649  1.5612e+02  1.0582e+02
7464.8149  -1.6023e+02  1.1941e+02
7466.0654  8.9020e+01  1.1859e+02
7467.3159  5.1658e+01  1.1494e+02
7468.5659  -2.7143e+00  1.3385e+02
7469.8164  -1.3360e+02  1.3816e+02
7471.0669  -1.4861e+02  1.1642e+02
7472.3174  3.5321e+01  1.1608e+02
7473.5674  3.9164e+01  1.4357e+02
7474.8179  -2.6058e+02  1.5539e+02
7476.0684  -2.5971e+02  1.7153e+02
7477.3184  -2.2348e+02  1.5980e+02
7478.5688  4.7656e+01  1.1171e+02
7479.8193  -2.1395e+01  1.0456e+02
7481.0693  -6.4123e+01  1.3839e+02
7482.3198  -2.4144e+01  1.7130e+02
7483.5703  -2.3143e+01  1.5437e+02
7484.8203  1.0387e+02  1.4455e+02
7486.0708  1.7442e+02  1.8493e+02
7487.3213  2.5111e+02  1.6668e+02
7488.5718  -1.4142e+01  1.0984e+02
7489.8218  6.9386e+00  1.0159e+02
7491.0723  2.6471e+00  1.0092e+02
7492.3228  -6.6138e+01  9.8374e+01
7493.5728  -3.8938e+01  9.6284e+01
7494.8232  -5.7186e+01  1.0653e+02
7496.0737  -3.3993e+01  1.3227e+02
7497.3237  -9.6144e+00  1.2779e+02
7498.5742  -8.8149e+01  1.0141e+02
7499.8247  2.5409e+01  9.4631e+01
7501.0747  6.3892e+01  9.6583e+01
7502.3252  7.5246e+01  1.0015e+02
7503.5757  8.1365e+01  9.8796e+01
7504.8257  -7.6576e+01  9.8284e+01
7506.0762  8.9858e+01  9.6976e+01
7507.3267  8.9428e+01  9.6088e+01
7508.5771  1.4054e+02  9.5537e+01
7509.8271  -2.8721e+00  9.5405e+01
7511.0776  2.0856e+01  9.6021e+01
7512.3281  3.4917e+01  9.5706e+01
7513.5781  -3.7509e+01  9.5064e+01
7514.8286  1.7323e+01  9.4985e+01
7516.0791  -1.1633e+02  9.5055e+01
7517.3291  -1.6152e+02  9.6284e+01
7518.5796  -1.1964e+02  1.0345e+02
7519.8301  -2.8396e+01  1.1971e+02
7521.0801  -5.9241e+01  1.1537e+02
7522.3306  4.1740e+01  1.0037e+02
7523.5811  -5.5914e+01  1.0647e+02
7524.8315  -3.8097e+02  1.5866e+02
7526.0815  6.8384e+01  2.6642e+02
7527.3320  3.4205e+02  3.4308e+02
7528.5825  1.2807e+02  1.8390e+02
7529.8325  -1.1419e+01  1.0762e+02
7531.0830  9.3305e+01  1.1079e+02
7532.3335  -2.3847e+01  1.4615e+02
7533.5835  -1.6502e+02  1.7656e+02
7534.8340  2.9815e+01  1.4580e+02
7536.0845  -5.0294e+01  1.0043e+02
7537.3345  9.5102e+01  9.6315e+01
7538.5850  1.1959e+01  9.7346e+01
7539.8354  -1.5541e+02  9.9787e+01
7541.0859  -4.5874e+01  1.0119e+02
7542.3359  -1.4086e+02  1.1649e+02
7543.5864  -9.6800e+01  1.2514e+02
7544.8369  1.5232e+02  1.0804e+02
7546.0869  6.6318e+01  9.7652e+01
7547.3374  6.1272e+01  9.5842e+01
7548.5879  -7.2014e+01  9.7496e+01
7549.8379  3.8178e+01  9.8256e+01
7551.0884  5.0980e+01  9.6311e+01
7552.3389  -4.1894e+01  9.6320e+01
7553.5889  -1.6001e+02  9.6991e+01
7554.8394  -8.7366e+01  9.9697e+01
7556.0898  6.3045e+01  1.0310e+02
7557.3398  4.5681e+01  9.9619e+01
7558.5903  -6.5435e+01  1.1187e+02
7559.8408  2.3862e+01  1.5271e+02
7561.0913  -6.8390e+01  1.5181e+02
7562.3413  -3.5778e+01  1.1127e+02
7563.5918  -4.0655e+01  9.8469e+01
7564.8423  -1.6208e+01  9.7900e+01
7566.0923  -5.3829e+00  9.7460e+01
7567.3428  -3.3458e+01  9.6435e+01
7568.5933  -4.6920e+01  9.8557e+01
7569.8433  3.3566e+01  1.1201e+02
7571.0938  3.4646e+02  1.1398e+02
7572.3442  2.4076e+01  1.2170e+02
7573.5942  -2.2649e+01  2.1092e+02
7574.8447  3.8915e+00  2.5229e+02
