# SNR 13.9665
# Quality c
# flux_factor = 1.e-20
7561.9341  -1.1025e+00  4.4284e+01
7563.1846  4.7464e+00  4.4450e+01
7564.4346  -2.1120e+01  4.0432e+01
7565.6851  -5.6615e+01  5.1143e+01
7566.9355  -2.4854e+01  4.8704e+01
7568.1855  -7.0789e+01  5.1949e+01
7569.4360  -7.1390e+01  6.1333e+01
7570.6865  -1.3082e+02  6.7602e+01
7571.9370  -1.6992e+01  1.2189e+02
7573.1870  -7.4142e+01  1.2649e+02
7574.4375  -2.0242e+02  1.4434e+02
7575.6880  -6.0346e+01  7.2984e+01
7576.9380  1.8309e+01  6.2484e+01
7578.1885  4.2695e+01  4.7236e+01
7579.4390  -1.8548e+01  4.2724e+01
7580.6890  -6.3635e+01  4.6940e+01
7581.9395  3.1431e+01  4.0226e+01
7583.1899  -3.7338e+01  4.9102e+01
7584.4399  -6.0709e+01  5.2471e+01
7585.6904  -1.3252e+02  5.9414e+01
7586.9409  5.3571e+01  1.0490e+02
7588.1914  1.2204e+02  9.2781e+01
7589.4414  6.3192e+01  6.0497e+01
7590.6919  -3.2823e+01  4.7194e+01
7591.9424  7.1988e+00  5.5663e+01
7593.1924  5.3853e+00  4.5166e+01
7594.4429  -2.7253e+01  4.7345e+01
7595.6934  5.1188e+00  6.8301e+01
7596.9434  6.0870e+01  5.8307e+01
7598.1938  -5.9930e+00  1.3979e+02
7599.4443  1.5236e+01  1.7983e+02
7600.6943  -5.5692e+01  1.9752e+02
7601.9448  -5.6981e+01  1.2201e+02
7603.1953  -4.2766e+01  9.6492e+01
7604.4458  -1.1486e+02  1.2589e+02
7605.6958  -8.1795e+01  1.1040e+02
7606.9463  -3.0836e+01  1.0970e+02
7608.1968  -8.8751e+01  1.1196e+02
7609.4468  1.2494e+02  9.5081e+01
7610.6973  3.5149e+01  1.1128e+02
7611.9478  -8.6013e+01  9.3375e+01
7613.1978  -2.2329e+01  7.9607e+01
7614.4482  1.7012e+01  8.7277e+01
7615.6987  1.0674e+02  6.8484e+01
7616.9487  -5.5679e+01  6.1018e+01
7618.1992  -1.1967e+02  6.3534e+01
7619.4497  2.0797e+01  8.2423e+01
7620.6997  -5.6912e+01  8.8723e+01
7621.9502  1.2703e+01  5.3903e+01
7623.2007  -2.1397e+00  6.7912e+01
7624.4512  1.0437e+01  7.6660e+01
7625.7012  9.9615e+01  6.4484e+01
7626.9517  -5.2307e+00  6.7914e+01
7628.2021  -1.7438e+02  9.5027e+01
7629.4521  -7.5695e+01  1.3759e+02
7630.7026  -4.9026e+01  1.3527e+02
7631.9531  -6.1210e+01  1.0267e+02
7633.2031  4.4591e+01  7.3000e+01
7634.4536  6.3219e+01  6.0308e+01
7635.7041  -1.9190e+02  6.5697e+01
7636.9541  -4.4621e+01  6.3964e+01
7638.2046  -3.4866e+00  5.4486e+01
7639.4551  1.4090e+01  5.3996e+01
7640.7056  -4.5236e+01  6.7339e+01
7641.9556  1.3788e+02  6.1148e+01
7643.2061  -3.6756e+01  5.2584e+01
7644.4565  -1.7483e+02  6.5889e+01
7645.7065  6.7188e+01  7.1026e+01
7646.9570  9.3056e+01  5.8570e+01
7648.2075  -1.3571e+00  4.8052e+01
7649.4575  1.2546e+00  5.3765e+01
7650.7080  -9.7648e+01  4.9636e+01
7651.9585  -7.5737e+01  4.5272e+01
7653.2085  -1.6036e+02  5.2347e+01
7654.4590  4.0706e+01  8.5888e+01
7655.7095  1.2414e+02  7.6538e+01
7656.9600  -9.5698e+01  5.3909e+01
7658.2100  -6.6253e+01  4.9858e+01
7659.4604  4.6223e+01  4.6307e+01
7660.7109  -6.1842e+01  4.3572e+01
7661.9609  -3.9205e+01  5.8798e+01
7663.2114  1.6437e+01  8.0128e+01
7664.4619  -6.2377e+01  1.0769e+02
7665.7119  -9.8314e+01  6.1774e+01
7666.9624  1.9710e+01  4.2543e+01
7668.2129  -1.9283e+01  3.6663e+01
7669.4629  -1.9251e+01  5.0040e+01
7670.7134  -5.1261e+01  4.6970e+01
7671.9639  -8.4534e+01  3.8612e+01
7673.2144  -4.3537e+01  4.2153e+01
7674.4644  -3.8877e+01  4.3167e+01
7675.7148  -5.3450e+01  3.7581e+01
7676.9653  4.5741e+01  4.5919e+01
7678.2153  6.4869e+01  4.1797e+01
7679.4658  -5.2632e+01  4.2060e+01
7680.7163  8.0918e+00  4.4640e+01
7681.9663  -3.1604e+01  4.1923e+01
7683.2168  7.6373e+01  4.6308e+01
7684.4673  -2.2082e+01  5.5007e+01
7685.7173  5.5315e+01  4.1727e+01
7686.9678  1.4694e+02  4.5080e+01
7688.2183  3.7315e+02  4.6005e+01
7689.4683  3.7540e+02  4.9408e+01
7690.7188  2.8486e+02  5.6151e+01
7691.9692  1.7772e+02  5.2521e+01
7693.2197  2.2013e+02  6.3927e+01
7694.4697  2.0651e+02  5.3360e+01
7695.7202  1.2089e+02  5.0177e+01
7696.9707  3.0256e+00  4.3401e+01
7698.2207  -2.6081e+01  3.9758e+01
7699.4712  1.2645e+01  5.6925e+01
7700.7217  4.7082e+01  6.0934e+01
7701.9717  2.1608e+01  5.8093e+01
7703.2222  -6.1494e+01  4.6664e+01
7704.4727  -2.8351e+01  3.9876e+01
7705.7227  -3.2565e+01  3.8247e+01
7706.9731  -2.4990e+01  4.4705e+01
7708.2236  -1.0232e+01  4.2221e+01
7709.4741  1.2329e+01  4.0189e+01
7710.7241  -1.9424e+01  7.2473e+01
7711.9746  -8.9939e+01  1.1194e+02
7713.2251  -2.0660e+02  1.6505e+02
7714.4751  -4.0270e+01  1.6692e+02
7715.7256  1.1849e+02  1.5960e+02
7716.9761  -3.0714e+00  1.6949e+02
7718.2261  -2.3516e+02  2.0567e+02
7719.4766  -9.2185e+01  1.6597e+02
7720.7271  8.9440e+01  1.1895e+02
7721.9771  5.1680e+01  6.4415e+01
7723.2275  -1.8508e+01  4.5166e+01
7724.4780  -7.9198e+01  7.3226e+01
7725.7285  -1.1426e+02  7.8870e+01
7726.9785  -3.2076e+01  9.7998e+01
7728.2290  1.5678e+01  9.6514e+01
7729.4795  3.2110e+01  7.2076e+01
7730.7295  -5.0362e+00  4.7715e+01
7731.9800  2.0039e+01  4.5541e+01
7733.2305  6.1025e+01  5.3374e+01
7734.4805  6.6378e+01  4.4411e+01
7735.7310  -1.0577e+02  5.8093e+01
7736.9814  3.5352e+01  6.6542e+01
7738.2314  3.0646e+01  5.0772e+01
7739.4819  -3.3578e+01  4.1262e+01
7740.7324  2.3520e+01  4.2855e+01
7741.9829  -4.5620e+01  5.0345e+01
7743.2329  4.8101e+01  5.2523e+01
7744.4834  -1.4875e+01  3.9288e+01
7745.7339  9.0106e+00  4.6250e+01
7746.9839  5.2825e+00  5.4469e+01
7748.2344  6.4095e+01  6.1267e+01
7749.4849  -9.3016e+01  9.6409e+01
7750.7349  -7.2518e+01  1.5034e+02
7751.9854  -4.8411e+01  2.1872e+02
7753.2358  7.9023e+01  1.7784e+02
7754.4858  2.3131e+02  1.1751e+02
7755.7363  4.6439e+00  6.3292e+01
7756.9868  -3.0217e+01  5.0367e+01
7758.2373  -1.0495e+02  5.8640e+01
7759.4873  -7.9100e+01  8.2493e+01
7760.7378  -2.3117e+02  1.3948e+02
7761.9883  -2.9829e+02  1.3278e+02
7763.2383  -9.1267e+01  9.4407e+01
7764.4888  -1.0380e+01  5.0511e+01
7765.7393  -9.9440e+01  5.2878e+01
7766.9893  -1.2651e+02  4.2898e+01
7768.2397  -6.8109e+01  3.8527e+01
7769.4902  2.9082e+01  4.6147e+01
7770.7402  -4.5173e+01  7.5330e+01
7771.9907  1.3812e+01  1.0506e+02
7773.2412  2.5375e+01  1.5349e+02
7774.4912  -1.5696e+02  2.1244e+02
7775.7417  3.7398e+00  1.5536e+02
7776.9922  3.5293e+01  1.2763e+02
7778.2427  -1.3327e+02  7.5385e+01
7779.4927  -1.2478e+01  5.6650e+01
7780.7432  1.8269e+01  8.2723e+01
7781.9937  -1.7934e+02  1.1532e+02
7783.2437  -6.4045e+01  1.0313e+02
7784.4941  3.2925e+01  4.9134e+01
7785.7446  -2.9642e+01  5.2629e+01
7786.9946  -1.1230e+01  6.1920e+01
7788.2451  -1.5542e-01  5.1614e+01
7789.4956  8.4016e+01  4.9181e+01
7790.7456  -4.7377e+00  4.8526e+01
7791.9961  -4.0857e+01  6.6290e+01
7793.2466  -7.1715e+01  1.0305e+02
7794.4971  -7.3942e+01  1.7654e+02
7795.7471  -4.4742e+01  1.9602e+02
7796.9976  3.0779e+02  1.6458e+02
7798.2480  1.0808e+02  1.0143e+02
7799.4980  -1.7198e+01  5.9849e+01
7800.7485  -2.9933e+00  5.1785e+01
7801.9990  -5.6743e+01  4.4417e+01
7803.2490  -3.4999e+01  5.1820e+01
7804.4995  -4.5972e+01  4.1024e+01
7805.7500  -3.4530e+01  4.4150e+01
7807.0000  -5.0518e+01  6.0391e+01
7808.2505  -5.6689e+01  7.1551e+01
7809.5010  -5.9101e-01  1.2382e+02
7810.7515  1.7728e+02  1.2463e+02
7812.0015  4.9428e+01  7.6754e+01
7813.2520  4.0207e+01  6.2970e+01
7814.5024  -4.0500e+01  4.9758e+01
7815.7524  -5.0316e+01  5.2829e+01
7817.0029  -1.1117e+02  5.0996e+01
