# SNR 11.8788
# Quality c
# flux_factor = 1.e-20
7379.2583  -2.0426e+01  3.1548e+01
7380.5088  3.0938e+01  3.2595e+01
7381.7593  2.6584e+01  3.6540e+01
7383.0093  4.3830e+01  3.4004e+01
7384.2598  5.3449e+01  3.7693e+01
7385.5103  1.3490e+01  3.5889e+01
7386.7603  6.2245e+01  3.1673e+01
7388.0107  -1.4926e+01  3.0714e+01
7389.2612  2.1586e+00  2.9365e+01
7390.5112  3.2487e+01  3.4134e+01
7391.7617  5.9445e+01  4.7525e+01
7393.0122  -4.4897e+01  6.5768e+01
7394.2622  -5.6986e+01  7.0578e+01
7395.5127  -5.9173e+01  3.4507e+01
7396.7632  -2.0350e+01  3.8992e+01
7398.0132  5.1021e+00  3.7130e+01
7399.2637  4.2372e+01  2.9907e+01
7400.5142  7.9626e+00  3.3731e+01
7401.7646  2.7560e+00  9.6093e+01
7403.0146  5.7656e+01  9.9318e+01
7404.2651  -2.0996e+01  8.0566e+01
7405.5156  3.2305e+01  4.8084e+01
7406.7656  1.6688e+01  2.9120e+01
7408.0161  -1.3316e+01  3.1806e+01
7409.2666  3.9889e+01  2.8081e+01
7410.5166  1.9107e+01  2.9922e+01
7411.7671  2.3214e+01  3.0564e+01
7413.0176  2.7665e+00  3.3072e+01
7414.2676  -5.8348e+01  3.4097e+01
7415.5181  1.8498e+01  3.6150e+01
7416.7686  4.5921e+01  4.0485e+01
7418.0190  -1.1089e+01  3.1163e+01
7419.2690  -1.9259e+01  3.2995e+01
7420.5195  4.9199e+01  2.7605e+01
7421.7700  -1.4880e+01  3.1878e+01
7423.0200  -3.5129e-01  3.3732e+01
7424.2705  -3.7033e+01  3.2455e+01
7425.5210  -2.6039e+01  3.3204e+01
7426.7710  -7.6047e+01  3.1932e+01
7428.0215  7.3368e+00  3.0217e+01
7429.2720  7.0215e+01  4.1813e+01
7430.5220  -6.7957e+00  5.2281e+01
7431.7725  -8.1966e+01  5.3990e+01
7433.0229  -2.4229e+01  3.4347e+01
7434.2734  -2.1809e+01  3.0681e+01
7435.5234  5.5782e+01  2.9438e+01
7436.7739  7.8696e+00  3.4700e+01
7438.0244  8.7092e+01  5.6359e+01
7439.2744  5.7600e+01  7.7709e+01
7440.5249  -1.5906e+02  8.3333e+01
7441.7754  -6.3797e+01  4.6061e+01
7443.0254  3.8630e+01  3.3837e+01
7444.2759  3.7227e+01  3.4351e+01
7445.5264  4.0091e+01  3.1998e+01
7446.7764  -2.8878e+01  3.5307e+01
7448.0269  -1.1504e+00  2.9413e+01
7449.2773  -1.9160e+01  3.1223e+01
7450.5273  -5.0988e+00  3.1095e+01
7451.7778  5.7631e+01  2.7915e+01
7453.0283  -3.3435e+01  3.2989e+01
7454.2788  5.7045e+01  2.8301e+01
7455.5288  -8.7143e+00  3.2064e+01
7456.7793  8.6183e+00  3.6287e+01
7458.0298  -1.0139e+01  3.1618e+01
7459.2798  1.3854e+01  3.2207e+01
7460.5303  -1.4276e+01  4.3140e+01
7461.7808  -9.5289e+00  3.5721e+01
7463.0308  -1.9645e+01  4.0420e+01
7464.2812  1.3073e+01  4.1371e+01
7465.5317  -2.5876e+01  3.7046e+01
7466.7817  -2.7079e+01  4.9526e+01
7468.0322  -5.1720e+01  4.5395e+01
7469.2827  1.2230e+01  3.5665e+01
7470.5332  -2.4685e+01  3.5665e+01
7471.7832  5.2615e+00  4.8660e+01
7473.0337  -6.0137e+01  5.2302e+01
7474.2842  1.7687e+01  6.3097e+01
7475.5342  -6.0878e+01  5.2377e+01
7476.7847  2.3194e+01  4.0155e+01
7478.0352  4.0078e+01  3.2075e+01
7479.2852  7.3863e-02  5.4070e+01
7480.5356  9.6548e+00  5.9649e+01
7481.7861  -1.1174e+02  6.0678e+01
7483.0361  -2.7367e+01  4.8692e+01
7484.2866  1.6204e+02  7.0464e+01
7485.5371  3.6592e+01  6.1999e+01
7486.7876  -1.6746e+01  3.9445e+01
7488.0376  -7.8153e+00  3.2371e+01
7489.2881  6.1950e+01  3.2191e+01
7490.5386  -2.5436e+01  3.9267e+01
7491.7886  1.5636e+01  3.2108e+01
7493.0391  9.0327e+00  3.4429e+01
7494.2896  1.1193e+01  4.7681e+01
7495.5396  -1.9798e+01  5.1485e+01
7496.7900  -2.2470e-01  3.5164e+01
7498.0405  1.5863e+01  2.8675e+01
7499.2905  8.7410e+00  3.3726e+01
7500.5410  -2.0057e+01  3.3352e+01
7501.7915  4.7232e+01  3.3172e+01
7503.0415  2.1010e+02  2.8093e+01
7504.2920  1.9333e+02  2.7770e+01
7505.5425  1.4741e+02  2.7949e+01
7506.7930  1.3242e+02  3.1722e+01
7508.0430  1.3696e+02  3.4269e+01
7509.2935  3.2731e+01  3.2425e+01
7510.5439  4.8994e+01  3.1652e+01
7511.7939  6.7122e+01  3.6679e+01
7513.0444  3.1959e+01  3.2841e+01
7514.2949  2.9177e+01  2.9269e+01
7515.5449  -1.4402e+01  3.2314e+01
7516.7954  4.1009e+01  3.5903e+01
7518.0459  -1.5906e+00  3.8957e+01
7519.2959  -4.6228e+00  3.9400e+01
7520.5464  -3.1717e+01  3.0955e+01
7521.7969  5.6479e+01  4.1198e+01
7523.0474  -3.8479e+01  5.4326e+01
7524.2974  -2.2943e+01  1.1073e+02
7525.5479  -2.2634e+01  1.0045e+02
7526.7983  -1.4898e+02  8.7328e+01
7528.0483  -1.5761e+01  4.3199e+01
7529.2988  2.8197e+01  3.6861e+01
7530.5493  -1.2579e+01  4.5957e+01
7531.7993  4.4032e+01  5.8309e+01
7533.0498  -5.0713e+01  5.4122e+01
7534.3003  -2.3830e+01  3.3242e+01
7535.5503  -4.4501e-01  2.9743e+01
7536.8008  1.0005e+01  2.9543e+01
7538.0513  2.4277e+01  3.5381e+01
7539.3018  -1.0735e+01  3.4589e+01
7540.5518  -2.5511e+01  3.8660e+01
7541.8022  8.7557e+00  4.4850e+01
7543.0527  -1.0982e+02  4.1231e+01
7544.3027  2.0698e+01  3.4637e+01
7545.5532  2.4100e+01  2.7296e+01
7546.8037  -1.1517e+01  3.2780e+01
7548.0537  -9.8135e+00  3.5008e+01
7549.3042  6.7478e+00  2.9086e+01
7550.5547  -5.3423e+01  3.3901e+01
7551.8047  -5.8567e+01  2.9516e+01
7553.0552  -4.8805e+01  3.2976e+01
7554.3057  -3.9673e+01  4.0189e+01
7555.5562  8.3716e-01  3.8255e+01
7556.8062  -9.8264e+00  3.7287e+01
7558.0566  8.7688e+00  5.2220e+01
7559.3071  8.1132e+01  5.0021e+01
7560.5571  2.1083e+01  4.3450e+01
7561.8076  3.5460e+00  2.8856e+01
7563.0581  -2.1076e+01  3.0618e+01
7564.3081  -2.4826e+00  3.5114e+01
7565.5586  4.1438e+01  3.2997e+01
7566.8091  1.3376e+01  2.8206e+01
7568.0591  2.2146e+01  4.4102e+01
7569.3096  6.9992e+01  4.2311e+01
7570.5601  -3.7046e+01  4.2013e+01
7571.8101  5.4443e+01  8.1957e+01
7573.0605  1.0036e+02  1.0396e+02
7574.3110  -2.0364e+02  8.7794e+01
7575.5615  3.1821e+00  4.9710e+01
7576.8115  2.5204e+01  4.2017e+01
7578.0620  -2.4438e+01  3.1950e+01
7579.3125  1.8704e+01  3.2976e+01
7580.5625  2.5757e+01  3.7966e+01
7581.8130  2.1229e+01  2.9854e+01
7583.0635  7.8763e+01  3.2225e+01
7584.3135  7.1738e+01  3.4592e+01
7585.5640  2.3630e+01  4.0607e+01
7586.8145  9.1688e+01  5.7637e+01
7588.0645  -1.0932e+01  6.0178e+01
7589.3149  -2.3013e+01  3.5125e+01
7590.5654  4.0267e+01  3.2638e+01
7591.8159  8.0410e+00  3.2274e+01
7593.0659  -1.5222e+01  3.8259e+01
7594.3164  4.9694e+01  4.2324e+01
7595.5669  3.3208e+01  5.6134e+01
7596.8169  1.1075e+02  4.8252e+01
7598.0674  -1.0494e+02  9.6005e+01
7599.3179  -1.4667e+02  1.3517e+02
7600.5679  1.3640e+02  1.2988e+02
7601.8184  1.7723e+02  7.9738e+01
7603.0688  5.5716e+00  7.2059e+01
7604.3188  8.0908e+01  8.1088e+01
7605.5693  2.2514e+01  7.7767e+01
7606.8198  1.5322e+02  7.6671e+01
7608.0703  2.3701e+01  7.1024e+01
7609.3203  -2.6084e+01  8.4867e+01
7610.5708  4.5000e+01  7.0096e+01
7611.8213  1.7892e+01  6.8552e+01
7613.0713  6.0221e+01  6.0258e+01
7614.3218  -9.0922e+01  4.6755e+01
7615.5723  -6.7373e+01  4.2801e+01
7616.8223  -6.2775e+01  3.9945e+01
7618.0728  -1.0098e+02  5.1203e+01
7619.3232  7.3826e+01  5.5584e+01
7620.5732  5.8088e+01  4.8297e+01
7621.8237  -2.1248e+01  4.6131e+01
7623.0742  2.1033e+01  5.8246e+01
7624.3242  7.1554e+00  6.0248e+01
7625.5747  -1.1950e+02  4.4575e+01
7626.8252  -8.6608e+01  5.1595e+01
7628.0757  -2.5701e+01  6.8522e+01
