# SNR 9.4967
# Quality c
# flux_factor = 1.e-20
6499.0410  -4.2997e+01  7.2396e+01
6500.2915  -2.5828e+00  7.5757e+01
6501.5415  -7.5559e+01  5.9768e+01
6502.7920  -4.5234e+01  3.9557e+01
6504.0425  -4.9980e+01  3.9733e+01
6505.2925  -1.4397e+02  5.5312e+01
6506.5430  5.4373e+00  5.0953e+01
6507.7935  -9.6088e+01  4.7878e+01
6509.0435  -1.4622e+01  3.8900e+01
6510.2939  -8.1284e+01  4.2932e+01
6511.5444  -2.6730e+01  4.0173e+01
6512.7944  -2.0620e+01  4.9738e+01
6514.0449  9.7378e+01  4.3682e+01
6515.2954  -7.8139e+00  4.0694e+01
6516.5459  3.2908e+01  3.6946e+01
6517.7959  4.2515e+01  4.1127e+01
6519.0464  2.5162e+01  4.8824e+01
6520.2969  -3.5842e+01  3.8540e+01
6521.5469  -9.6506e+01  4.1954e+01
6522.7974  -4.2519e+01  4.7061e+01
6524.0479  -5.1832e+01  4.6563e+01
6525.2979  -9.9197e-01  4.8127e+01
6526.5483  -4.5177e+01  4.7505e+01
6527.7988  -8.1318e+01  4.4119e+01
6529.0488  6.1236e+01  3.5568e+01
6530.2993  -5.2428e+01  3.5985e+01
6531.5498  -5.6008e+01  4.2527e+01
6532.7998  -1.4439e+01  5.3360e+01
6534.0503  -4.5486e+01  6.9352e+01
6535.3008  -1.2662e+01  5.8699e+01
6536.5513  -6.4125e+01  4.0302e+01
6537.8013  -8.7575e+00  4.2167e+01
6539.0518  2.2660e+01  3.8676e+01
6540.3022  -2.6734e+01  4.3881e+01
6541.5522  1.4754e+01  4.0038e+01
6542.8027  -7.7613e+01  4.2879e+01
6544.0532  -8.9463e+01  4.8876e+01
6545.3032  -8.2234e-01  5.7912e+01
6546.5537  -5.9357e+01  4.8556e+01
6547.8042  -5.4156e+01  3.6576e+01
6549.0542  -9.8540e+00  3.8804e+01
6550.3047  -3.9722e+01  3.6778e+01
6551.5552  -4.5304e+01  4.4353e+01
6552.8052  -7.1016e+01  6.5248e+01
6554.0557  1.9021e+00  6.8385e+01
6555.3062  9.3686e+00  6.9675e+01
6556.5566  -1.7264e+02  6.2470e+01
6557.8066  -5.0846e+01  3.9045e+01
6559.0571  -5.7127e+01  4.4138e+01
6560.3076  -2.7598e+00  4.5373e+01
6561.5576  -1.1925e+01  4.8326e+01
6562.8081  1.4174e+01  6.0458e+01
6564.0586  -6.4983e+01  7.5453e+01
6565.3086  5.0299e+00  6.3109e+01
6566.5591  -6.3102e+01  4.0676e+01
6567.8096  -1.2151e+02  4.9360e+01
6569.0596  5.4601e+00  4.4795e+01
6570.3101  7.4962e+01  4.7575e+01
6571.5605  -1.3005e+01  4.3959e+01
6572.8105  5.3019e+01  4.5732e+01
6574.0610  -2.4701e+01  3.8575e+01
6575.3115  -1.2495e+01  3.6967e+01
6576.5620  -3.3117e+01  5.2847e+01
6577.8120  7.3777e+01  6.1679e+01
6579.0625  -8.5281e+01  6.2462e+01
6580.3130  -5.2173e+01  5.0098e+01
6581.5630  -6.0260e+01  4.1397e+01
6582.8135  -8.0602e+01  4.1407e+01
6584.0640  -1.0185e+02  4.2505e+01
6585.3140  -1.1590e+02  4.1684e+01
6586.5645  -4.1375e+01  4.6591e+01
6587.8149  -4.5293e+00  3.9257e+01
6589.0649  7.7471e+00  4.4050e+01
6590.3154  -3.8939e+01  3.5080e+01
6591.5659  -2.5062e+01  4.0775e+01
6592.8164  -3.6652e+01  3.8265e+01
6594.0664  -5.3871e+01  4.5217e+01
6595.3169  -9.5374e+01  3.7270e+01
6596.5674  -6.8568e+01  4.2343e+01
6597.8174  9.4629e+00  5.0735e+01
6599.0679  5.2318e+00  4.1691e+01
6600.3184  -2.1078e+01  3.5372e+01
6601.5684  -8.4798e+01  3.8006e+01
6602.8188  1.8768e+01  4.6508e+01
6604.0693  -5.9390e-01  5.7037e+01
6605.3193  6.9985e+01  5.7712e+01
6606.5698  2.2632e+02  5.0478e+01
6607.8203  1.9170e+02  3.9164e+01
6609.0703  2.0101e+02  4.1135e+01
6610.3208  1.9335e+02  3.5569e+01
6611.5713  1.2997e+02  3.8870e+01
6612.8218  7.7693e+01  4.3090e+01
6614.0718  5.1601e+01  4.4205e+01
6615.3223  1.1973e+01  4.0509e+01
6616.5728  -3.0883e+01  4.3954e+01
6617.8228  -5.9053e+01  3.4599e+01
6619.0732  -2.6597e+01  4.0563e+01
6620.3237  5.2146e+01  3.8822e+01
6621.5737  7.9193e+00  3.4872e+01
6622.8242  -5.0404e+01  4.2271e+01
6624.0747  -7.4463e+01  4.1940e+01
6625.3247  -3.6216e+00  3.5412e+01
6626.5752  -5.6061e+01  5.0342e+01
6627.8257  -1.0255e+01  3.8922e+01
6629.0757  1.0817e+01  4.2847e+01
6630.3262  5.1735e+00  3.7203e+01
6631.5767  -9.6353e+00  4.8923e+01
6632.8271  -1.5021e+00  3.4612e+01
6634.0771  2.0348e+01  3.9249e+01
6635.3276  1.5898e+01  4.7140e+01
6636.5781  6.0428e+01  4.1130e+01
6637.8281  8.2753e+00  3.9310e+01
6639.0786  4.7739e+01  4.7430e+01
6640.3291  -4.4747e+01  3.4621e+01
6641.5791  4.7628e+01  4.0225e+01
6642.8296  -6.2050e+01  4.4778e+01
6644.0801  -8.3976e+01  3.4291e+01
6645.3301  -3.9431e+01  3.7189e+01
6646.5806  5.5352e+01  3.4454e+01
6647.8311  -1.6992e+01  3.4550e+01
6649.0811  -4.3669e+01  3.5088e+01
6650.3315  7.8977e+00  3.7871e+01
6651.5820  2.3503e+01  4.0218e+01
6652.8325  5.0598e+00  3.6216e+01
6654.0825  -1.6635e+01  5.0082e+01
6655.3330  -5.0191e+01  4.0896e+01
6656.5835  -2.5977e+01  4.0530e+01
6657.8335  -7.8193e+00  4.2445e+01
6659.0840  -2.0977e+01  3.5821e+01
6660.3345  -7.4173e+01  4.5675e+01
6661.5845  1.6979e+00  4.5871e+01
6662.8350  -1.5354e+01  3.7304e+01
6664.0854  1.3028e+01  4.1054e+01
6665.3354  -9.0999e+00  3.5190e+01
6666.5859  -6.0384e+01  3.5306e+01
6667.8364  3.1760e+00  4.1712e+01
6669.0869  -1.2294e+01  3.9274e+01
6670.3369  -1.9477e+01  4.1392e+01
6671.5874  -5.8824e+01  3.6618e+01
6672.8379  -5.3079e+01  3.5813e+01
6674.0879  -6.3558e+01  4.5614e+01
6675.3384  -3.1680e+01  3.4400e+01
6676.5889  -5.0024e+01  3.9813e+01
6677.8389  -6.3700e+01  3.4563e+01
6679.0894  -2.6074e+01  3.8176e+01
6680.3398  2.9890e+01  3.4074e+01
6681.5898  2.6748e+01  3.4783e+01
6682.8403  -4.7604e+01  3.6977e+01
6684.0908  -1.1928e+01  4.4507e+01
6685.3408  -1.2762e+01  3.5939e+01
6686.5913  7.6649e+00  4.3827e+01
6687.8418  3.4346e+01  4.1625e+01
6689.0923  -6.8605e+01  3.5355e+01
6690.3423  1.5926e+01  3.5784e+01
6691.5928  2.0755e+01  3.4311e+01
6692.8433  2.0274e+01  3.4141e+01
6694.0933  5.8244e+00  4.2127e+01
6695.3438  -4.1924e+01  3.3963e+01
6696.5942  1.8577e+01  4.0930e+01
6697.8442  -1.2900e+02  3.8317e+01
6699.0947  -8.9429e+00  3.6131e+01
6700.3452  3.0686e+01  4.1109e+01
6701.5952  -2.5742e+00  4.1684e+01
6702.8457  8.6444e-01  3.5361e+01
6704.0962  3.0403e+01  4.0702e+01
6705.3462  -2.2620e+01  3.8917e+01
6706.5967  -7.9029e-01  4.2929e+01
6707.8472  -4.4548e+01  3.5344e+01
6709.0977  8.4080e+00  3.4772e+01
6710.3477  3.7975e+01  3.5061e+01
6711.5981  3.6168e+01  3.4808e+01
6712.8486  1.5160e+01  3.4111e+01
6714.0986  1.6432e+00  4.1863e+01
6715.3491  5.0589e+01  4.4718e+01
6716.5996  -1.1481e+01  3.9445e+01
6717.8496  -5.5877e+01  4.3773e+01
