# SNR 8.4329
# Quality c
# flux_factor = 1.e-20
5429.2651  -4.5263e+01  7.7050e+01
5430.5156  7.0639e+01  7.6359e+01
5431.7656  1.4387e+02  7.6045e+01
5433.0161  3.5302e+01  7.6561e+01
5434.2666  -7.3145e+00  7.7261e+01
5435.5166  5.0675e+01  7.6663e+01
5436.7671  6.0558e+01  7.6714e+01
5438.0176  -3.1561e+01  7.6310e+01
5439.2676  2.8049e+01  7.7219e+01
5440.5181  1.3824e+02  7.7077e+01
5441.7686  6.6965e+01  7.7743e+01
5443.0190  6.6027e+01  7.7534e+01
5444.2690  -1.1728e+02  7.7440e+01
5445.5195  -1.4009e+01  7.6895e+01
5446.7700  -2.2441e-01  7.6460e+01
5448.0200  5.4645e+01  7.5390e+01
5449.2705  -4.0979e+01  7.5464e+01
5450.5210  7.4895e+01  7.7250e+01
5451.7710  1.3043e+02  7.7345e+01
5453.0215  -8.0408e+00  7.7164e+01
5454.2720  -9.8669e+00  7.6869e+01
5455.5220  3.3508e+01  7.6547e+01
5456.7725  -2.3254e+01  7.6447e+01
5458.0229  3.8912e+01  7.6463e+01
5459.2729  1.1684e+02  7.6979e+01
5460.5234  1.9038e+01  7.7242e+01
5461.7739  2.6615e+01  7.9389e+01
5463.0239  7.2307e+01  8.0152e+01
5464.2744  3.7750e+01  7.9033e+01
5465.5249  8.1993e+01  7.6585e+01
5466.7754  -1.6261e+00  7.7063e+01
5468.0254  -8.6780e+01  7.6846e+01
5469.2759  -1.2383e+01  7.6593e+01
5470.5264  1.5553e+01  7.6832e+01
5471.7764  -3.0199e+01  7.6460e+01
5473.0269  -6.2992e+01  7.7209e+01
5474.2773  -7.2727e+01  7.6470e+01
5475.5273  6.1212e+01  7.6745e+01
5476.7778  2.4908e+01  7.6243e+01
5478.0283  1.3069e+01  7.5687e+01
5479.2783  6.7827e+01  7.6081e+01
5480.5288  3.7424e+01  7.6400e+01
5481.7793  6.6758e+00  7.6532e+01
5483.0293  4.3102e+01  7.6484e+01
5484.2798  -3.1280e+01  7.6667e+01
5485.5303  -8.9077e+00  7.6740e+01
5486.7803  -2.5421e+01  7.6995e+01
5488.0308  -1.7604e+01  7.6323e+01
5489.2812  -8.6716e+00  7.6440e+01
5490.5317  1.9535e+01  7.6072e+01
5491.7817  5.5044e+01  7.6081e+01
5493.0322  -3.0924e+01  7.6177e+01
5494.2827  -7.1002e+01  7.6289e+01
5495.5327  6.5828e+01  7.6502e+01
5496.7832  6.1300e+01  7.5577e+01
5498.0337  -6.6066e+01  7.6285e+01
5499.2837  -1.7565e+01  7.6482e+01
5500.5342  7.4621e+00  7.7329e+01
5501.7847  -4.6632e+01  7.7324e+01
5503.0347  2.2124e+01  7.6493e+01
5504.2852  -1.7878e+01  7.6531e+01
5505.5356  -1.3801e+01  7.6186e+01
5506.7856  9.4349e+01  7.6247e+01
5508.0361  1.0286e+01  7.6119e+01
5509.2866  -3.2066e+01  7.6353e+01
5510.5366  -2.0932e+01  7.6434e+01
5511.7871  -3.8414e+01  7.6456e+01
5513.0376  4.5788e+01  7.5980e+01
5514.2881  4.7179e+01  7.5640e+01
5515.5381  1.4796e+01  7.6156e+01
5516.7886  4.4201e+01  7.6194e+01
5518.0391  1.7520e+02  7.6884e+01
5519.2891  3.3706e+02  7.6387e+01
5520.5396  3.1745e+02  7.6687e+01
5521.7900  3.3591e+02  7.6092e+01
5523.0400  2.2694e+02  7.7123e+01
5524.2905  1.8724e+02  7.6336e+01
5525.5410  -2.5498e+01  7.6830e+01
5526.7910  1.1620e+02  7.5881e+01
5528.0415  5.2540e+01  7.5785e+01
5529.2920  1.5410e+02  7.5661e+01
5530.5420  -3.0927e+01  7.4665e+01
5531.7925  7.3355e+01  7.5142e+01
5533.0430  2.7644e+02  7.6105e+01
5534.2930  3.1039e+02  7.6463e+01
5535.5435  3.3892e+02  7.5959e+01
5536.7939  3.4496e+02  7.5584e+01
5538.0444  2.2475e+02  7.5652e+01
5539.2944  1.3639e+02  7.6098e+01
5540.5449  2.6088e+01  7.6017e+01
5541.7954  9.1903e+01  7.6647e+01
5543.0454  1.3795e+01  7.8033e+01
5544.2959  7.8604e+01  7.8923e+01
5545.5464  -6.7308e+01  7.8386e+01
5546.7964  5.4201e+00  7.9261e+01
5548.0469  7.1087e+01  7.7793e+01
5549.2974  6.7635e+01  7.6916e+01
5550.5474  -1.9623e+01  7.7109e+01
5551.7979  -7.7969e+01  7.7532e+01
5553.0483  5.8260e+01  7.6836e+01
5554.2983  5.4377e+00  7.5956e+01
5555.5488  9.6908e+01  7.6463e+01
5556.7993  -5.1366e+00  7.6001e+01
5558.0493  -2.6858e+01  7.6317e+01
5559.2998  -4.0739e+01  7.5856e+01
5560.5503  8.6130e+01  7.5364e+01
5561.8003  -3.5509e+01  7.5899e+01
5563.0508  -2.4738e+01  7.5933e+01
5564.3013  2.7350e+01  7.5592e+01
5565.5518  -2.4108e+01  7.4974e+01
5566.8018  9.1177e+01  7.5383e+01
5568.0522  7.2961e+00  7.5895e+01
5569.3027  -5.7560e+01  7.5229e+01
5570.5527  9.9254e+00  7.7356e+01
5571.8032  -1.2459e+01  7.7425e+01
5573.0537  -1.8638e+01  7.6764e+01
5574.3037  4.2145e+01  7.6623e+01
5575.5542  -2.7045e+01  8.3402e+01
5576.8047  5.0839e+01  1.3836e+02
5578.0547  3.0765e+01  3.7348e+02
5579.3052  3.1449e+01  5.5739e+02
5580.5557  3.4000e+01  4.6303e+02
5581.8057  2.7456e+01  1.9067e+02
5583.0562  8.7382e+01  8.6213e+01
5584.3066  8.9925e+01  7.6237e+01
5585.5566  2.3709e+01  7.5880e+01
5586.8071  -4.6761e+01  7.5799e+01
5588.0576  2.9906e+00  7.4607e+01
5589.3081  7.7713e+01  7.4808e+01
5590.5581  3.9365e+00  7.9057e+01
5591.8086  5.3583e+01  7.9727e+01
5593.0591  1.0781e+02  7.6088e+01
5594.3091  5.5534e+01  7.4259e+01
5595.5596  -8.9140e+01  7.3928e+01
5596.8101  8.0394e+00  7.3630e+01
5598.0601  1.0977e+01  7.5228e+01
5599.3105  -4.8037e+01  7.6550e+01
5600.5610  -1.0278e+02  7.6202e+01
5601.8110  -9.1908e+01  7.5085e+01
5603.0615  -1.5554e+01  7.4080e+01
5604.3120  7.2137e+01  7.3539e+01
5605.5620  5.3005e+01  7.5189e+01
5606.8125  3.5434e+01  7.7178e+01
5608.0630  -6.9193e+01  7.7639e+01
5609.3130  2.2864e+01  7.5190e+01
5610.5635  -1.6878e+01  7.3969e+01
5611.8140  -2.2800e+00  7.4660e+01
