# SNR 11.7423
# Quality c
# flux_factor = 1.e-20
6948.4219  -8.0927e+01  9.9763e+01
6949.6724  -6.6990e+01  1.2769e+02
6950.9229  4.5306e+01  2.4284e+02
6952.1729  4.7424e+01  2.5894e+02
6953.4233  5.2550e+01  1.4669e+02
6954.6738  -2.1449e+02  1.0603e+02
6955.9243  8.5421e+01  1.0114e+02
6957.1743  1.4510e+01  1.0138e+02
6958.4248  -1.7868e+01  1.0424e+02
6959.6753  -6.7504e+01  1.0410e+02
6960.9253  -3.9460e+01  1.0235e+02
6962.1758  -3.3035e+01  1.0175e+02
6963.4263  7.7003e+01  1.0241e+02
6964.6763  1.2041e+02  1.0067e+02
6965.9268  1.2548e+02  1.0009e+02
6967.1772  -4.3797e+00  9.9940e+01
6968.4272  6.9488e+01  1.0231e+02
6969.6777  6.9120e+01  1.0299e+02
6970.9282  -1.7227e+00  1.1265e+02
6972.1787  2.6790e+02  1.3805e+02
6973.4287  7.4371e+01  1.3112e+02
6974.6792  -5.1443e+01  1.0443e+02
6975.9297  -3.6877e+01  9.9130e+01
6977.1797  2.9424e+01  9.8377e+01
6978.4302  5.2072e+00  1.0316e+02
6979.6807  8.3897e+01  1.3875e+02
6980.9307  6.2475e+01  1.7690e+02
6982.1812  -7.8609e+01  1.5326e+02
6983.4316  -1.1456e+02  1.0540e+02
6984.6816  -6.1625e+01  9.9720e+01
6985.9321  -3.1900e+01  1.0071e+02
6987.1826  -1.4979e+00  1.0031e+02
6988.4326  2.8568e+00  1.0112e+02
6989.6831  2.3365e+01  1.0104e+02
6990.9336  -5.8577e+01  9.9246e+01
6992.1841  3.8119e+01  9.8317e+01
6993.4341  1.0306e+02  9.9129e+01
6994.6846  6.5776e+01  9.8419e+01
6995.9351  -1.1717e+02  9.7307e+01
6997.1851  1.4539e+02  9.8393e+01
6998.4355  6.3242e+01  1.0070e+02
6999.6860  2.3857e+02  1.0130e+02
7000.9360  5.6067e+01  1.0050e+02
7002.1865  5.1767e+01  9.9793e+01
7003.4370  -6.1684e+00  1.0115e+02
7004.6870  6.8731e+01  1.0390e+02
7005.9375  1.0126e+02  1.1873e+02
7007.1880  -1.4939e+00  1.1768e+02
7008.4385  -1.0277e+01  1.0080e+02
7009.6885  1.3554e+01  9.6590e+01
7010.9390  -9.6396e+01  9.6698e+01
7012.1895  -9.3364e+01  1.0641e+02
7013.4395  1.3044e+02  1.3526e+02
7014.6899  -2.3042e+01  1.3478e+02
7015.9404  1.2355e+01  1.0668e+02
7017.1904  1.1935e+02  9.6172e+01
7018.4409  1.4744e+02  9.4982e+01
7019.6914  6.1582e+01  9.5070e+01
7020.9414  -8.5864e+01  9.5514e+01
7022.1919  -1.3049e+02  9.5978e+01
7023.4424  -3.3139e+01  9.6468e+01
7024.6924  -1.2288e+01  9.6166e+01
7025.9429  8.2931e+01  9.5463e+01
7027.1934  7.8229e+01  9.6348e+01
7028.4438  7.8002e+01  9.6167e+01
7029.6938  5.6392e+01  9.5717e+01
7030.9443  8.9640e+01  9.7127e+01
7032.1948  1.5208e+02  9.9216e+01
7033.4448  1.1828e+02  9.7563e+01
7034.6953  8.9192e+00  9.5861e+01
7035.9458  -9.2443e+01  9.4695e+01
7037.1958  -5.8131e+01  9.6419e+01
7038.4463  -5.0346e+00  9.5756e+01
7039.6968  -1.2051e+02  9.5832e+01
7040.9468  -2.0515e+01  9.6105e+01
7042.1973  1.0259e+02  9.8628e+01
7043.4478  1.4667e+02  1.0852e+02
7044.6982  1.4538e+02  1.0744e+02
7045.9482  5.2599e+01  9.8861e+01
7047.1987  8.0940e+01  9.9478e+01
7048.4492  3.2854e+01  1.0738e+02
7049.6992  1.3893e+02  1.2352e+02
7050.9497  9.0430e+01  1.3114e+02
7052.2002  1.2557e+02  1.2006e+02
7053.4502  1.7926e+02  1.1056e+02
7054.7007  4.1775e+01  1.0780e+02
7055.9512  2.8025e+01  1.0587e+02
7057.2012  -1.0213e+02  1.0281e+02
7058.4517  -4.6169e+01  1.0023e+02
7059.7021  -7.8168e+01  9.7591e+01
7060.9521  6.9481e+01  9.7246e+01
7062.2026  2.7878e+02  9.8169e+01
7063.4531  5.8531e+02  1.0028e+02
7064.7036  5.7813e+02  1.0320e+02
7065.9536  5.4419e+02  1.0474e+02
7067.2041  5.3363e+02  1.0404e+02
7068.4546  4.1639e+02  1.0506e+02
7069.7046  2.8622e+02  1.0594e+02
7070.9551  3.5915e+02  1.0217e+02
7072.2056  4.8442e+02  1.0466e+02
7073.4556  3.7681e+02  1.0448e+02
7074.7061  1.5185e+02  1.0076e+02
7075.9565  1.6102e+02  1.0338e+02
7077.2065  7.8292e+01  1.0363e+02
7078.4570  1.9409e+01  9.9485e+01
7079.7075  1.2024e+02  1.0106e+02
7080.9580  1.6108e+02  1.0455e+02
7082.2080  7.2211e+01  1.0102e+02
7083.4585  7.3685e+01  1.0075e+02
7084.7090  -1.1454e+02  1.0890e+02
7085.9590  8.9703e+01  1.0698e+02
7087.2095  2.5740e+01  9.7621e+01
7088.4600  6.2936e+01  9.8200e+01
7089.7100  -8.6116e+00  1.0472e+02
7090.9604  -9.2825e+01  1.1332e+02
7092.2109  3.6161e+01  1.1105e+02
7093.4609  -2.5043e+01  1.0246e+02
7094.7114  2.0661e+01  9.9266e+01
7095.9619  -9.1165e+01  9.8213e+01
7097.2119  3.6465e+01  9.5502e+01
7098.4624  2.2497e+01  9.5615e+01
7099.7129  -2.6494e+00  9.6292e+01
7100.9634  -3.5792e+01  9.6479e+01
7102.2134  4.0659e+01  9.5706e+01
7103.4639  -1.0128e+01  9.6177e+01
7104.7144  -3.5207e+00  9.6133e+01
7105.9644  6.2073e+01  9.6823e+01
7107.2148  6.2013e+01  9.6708e+01
7108.4653  1.0866e+02  9.5397e+01
7109.7153  1.1988e+02  9.6235e+01
7110.9658  5.7511e+01  9.6736e+01
7112.2163  1.4917e+02  9.6866e+01
7113.4663  1.0298e+02  9.5880e+01
7114.7168  1.2949e+02  9.6725e+01
7115.9673  -4.2143e+00  9.4970e+01
7117.2178  -3.3108e+01  9.5845e+01
7118.4678  1.4784e+02  9.5503e+01
7119.7183  1.7997e+02  9.5674e+01
7120.9688  1.5026e+02  9.5870e+01
7122.2188  -1.1842e+01  9.4170e+01
7123.4692  1.3205e+01  9.5261e+01
7124.7197  6.6570e+01  9.4902e+01
7125.9697  1.1001e+02  9.5395e+01
7127.2202  2.9713e+00  9.5291e+01
7128.4707  5.2296e+01  9.7708e+01
7129.7207  1.2356e+02  1.0456e+02
7130.9712  7.9826e+00  1.0352e+02
7132.2217  4.0672e+01  9.7178e+01
7133.4717  1.0201e+02  9.6066e+01
7134.7222  3.9245e+01  1.0193e+02
7135.9727  -4.3035e+01  1.0364e+02
7137.2231  1.2331e+02  9.8360e+01
7138.4731  4.2270e+01  9.4815e+01
7139.7236  3.1449e+01  9.4881e+01
7140.9741  -1.0909e+02  9.4206e+01
7142.2241  -3.3233e+01  9.5152e+01
7143.4746  9.7199e+01  9.9873e+01
7144.7251  -1.0047e+02  1.0750e+02
7145.9751  4.6641e+01  1.1149e+02
7147.2256  6.1944e+01  1.1097e+02
7148.4761  -2.7222e+01  1.0988e+02
7149.7261  2.2177e+02  1.0745e+02
7150.9766  -1.4572e+01  1.0469e+02
7152.2271  -3.3488e+00  1.0206e+02
7153.4775  -1.8195e+01  9.9700e+01
7154.7275  -4.3463e+01  9.7719e+01
7155.9780  -1.3834e+02  9.5405e+01
7157.2285  4.6522e+01  9.5282e+01
7158.4785  1.5773e+02  9.6286e+01
7159.7290  1.2876e+02  9.7981e+01
7160.9795  2.2629e+02  1.0068e+02
7162.2295  8.2903e+01  1.0092e+02
7163.4800  -3.1712e+01  1.0073e+02
7164.7305  5.8358e+00  1.0392e+02
7165.9805  -5.4317e+01  1.0068e+02
7167.2310  -7.9275e+01  1.0045e+02
7168.4814  -1.3330e+02  1.0543e+02
7169.7314  -1.1279e+02  1.0288e+02
7170.9819  3.9912e+01  1.0199e+02
7172.2324  7.8484e+00  1.0526e+02
7173.4829  1.6034e+02  1.0458e+02
7174.7329  -6.4688e+01  1.0238e+02
7175.9834  4.6421e+01  1.0635e+02
7177.2339  -1.2447e+02  1.0866e+02
7178.4839  9.7928e+00  1.0860e+02
7179.7344  -1.2462e+01  1.0778e+02
7180.9849  1.0615e+02  1.0606e+02
7182.2349  -9.3162e+01  1.0522e+02
