# SNR 10.0243
# Quality c
# flux_factor = 1.e-20
6471.5327  1.1461e+02  7.1244e+01
6472.7827  -1.1565e+02  6.6358e+01
6474.0332  1.9257e+01  4.9926e+01
6475.2837  -1.0878e+01  4.8401e+01
6476.5342  -2.6641e+01  5.4830e+01
6477.7842  -1.3642e+01  6.2500e+01
6479.0347  -9.3288e+01  5.9843e+01
6480.2852  4.9359e+01  4.8590e+01
6481.5352  -4.6573e+01  5.0172e+01
6482.7856  -5.3219e+01  5.2441e+01
6484.0361  9.9040e+00  4.8520e+01
6485.2861  8.3267e+01  5.0827e+01
6486.5366  4.7848e+01  4.5869e+01
6487.7871  -2.3492e+01  4.3608e+01
6489.0371  2.6601e+01  5.2388e+01
6490.2876  -1.1262e+02  4.3164e+01
6491.5381  9.2892e+01  4.7951e+01
6492.7881  1.1408e+02  5.4967e+01
6494.0386  4.4306e+01  4.4835e+01
6495.2891  4.6148e+01  5.3669e+01
6496.5396  2.5904e+01  5.0358e+01
6497.7896  4.4168e+01  7.9008e+01
6499.0400  1.6585e+02  8.4663e+01
6500.2905  3.0894e+01  9.0544e+01
6501.5405  -4.5988e+01  7.5929e+01
6502.7910  -3.7284e+01  4.8766e+01
6504.0415  -2.0991e+01  4.8509e+01
6505.2915  -1.6434e+01  5.9842e+01
6506.5420  2.9920e+01  6.2584e+01
6507.7925  5.3904e+01  5.8010e+01
6509.0425  5.3457e+01  4.8021e+01
6510.2930  -3.5873e+01  4.5260e+01
6511.5435  -8.6509e+01  4.5087e+01
6512.7935  -6.3067e+01  5.4676e+01
6514.0439  -5.1925e+01  4.8098e+01
6515.2944  5.1614e+01  6.3735e+01
6516.5449  -5.4523e+01  5.3234e+01
6517.7949  -8.5004e+01  4.7341e+01
6519.0454  2.1209e+01  4.5275e+01
6520.2959  -7.3242e+00  4.8128e+01
6521.5459  -5.5555e+00  5.1540e+01
6522.7964  -3.2913e-01  5.6295e+01
6524.0469  -1.0387e+02  5.8746e+01
6525.2969  7.0377e+01  5.8703e+01
6526.5474  1.8261e+01  5.0163e+01
6527.7979  -6.7812e+01  5.4842e+01
6529.0479  -3.2607e+01  5.8217e+01
6530.2983  2.1194e+00  4.5471e+01
6531.5488  4.5601e+01  7.0997e+01
6532.7988  1.2455e+02  6.5607e+01
6534.0493  -3.9573e-01  8.6435e+01
6535.2998  -4.9361e+01  7.2097e+01
6536.5503  -3.2103e+01  5.3876e+01
6537.8003  6.7019e+01  5.0791e+01
6539.0508  2.7040e+01  4.4121e+01
6540.3013  5.3019e+01  5.3536e+01
6541.5513  -2.3584e+01  5.4505e+01
6542.8018  8.2638e+01  5.6560e+01
6544.0522  -5.0352e+01  5.8668e+01
6545.3022  -6.0620e+01  6.5254e+01
6546.5527  -5.3575e+01  5.5224e+01
6547.8032  -6.5470e+01  4.7665e+01
6549.0532  2.2488e+01  4.8587e+01
6550.3037  -4.6294e+01  5.2892e+01
6551.5542  -1.0262e+02  5.6462e+01
6552.8042  6.6689e+01  6.7886e+01
6554.0547  3.8906e+01  8.4618e+01
6555.3052  2.2045e+01  8.6710e+01
6556.5557  1.2047e+02  8.3103e+01
6557.8057  4.1996e+01  4.5256e+01
6559.0562  -2.1489e+01  5.8558e+01
6560.3066  -2.2106e+01  4.4455e+01
6561.5566  5.0678e+01  6.1519e+01
6562.8071  9.5392e+00  9.4251e+01
6564.0576  -1.3789e+01  1.0287e+02
6565.3076  -7.0226e+01  9.4325e+01
6566.5581  -2.5391e+01  6.3130e+01
6567.8086  2.9653e+00  4.8193e+01
6569.0586  3.3609e+01  6.7622e+01
6570.3091  8.2160e+01  6.5726e+01
6571.5596  1.1088e+02  6.6532e+01
6572.8096  8.6478e+01  4.5510e+01
6574.0601  1.7410e+00  4.8454e+01
6575.3105  3.7163e+01  5.6043e+01
6576.5610  9.8191e+01  6.2690e+01
6577.8110  2.3973e+02  8.0130e+01
6579.0615  3.3649e+02  7.6413e+01
6580.3120  3.9939e+02  5.5509e+01
6581.5620  3.5888e+02  4.7631e+01
6582.8125  1.9505e+02  4.7120e+01
6584.0630  1.1855e+02  4.8646e+01
6585.3130  3.4339e+01  5.4768e+01
6586.5635  5.5396e+01  5.3481e+01
6587.8140  2.9853e+01  4.3476e+01
6589.0640  1.1501e+01  5.0244e+01
6590.3145  -4.5112e+01  4.2596e+01
6591.5649  -1.0042e+02  5.0803e+01
6592.8154  1.1079e+01  4.8390e+01
6594.0654  -3.8856e+01  4.5843e+01
6595.3159  9.1036e+00  5.5423e+01
6596.5664  1.1156e+02  6.2178e+01
6597.8164  8.7178e+01  6.4411e+01
6599.0669  6.1988e+01  4.8845e+01
6600.3174  7.9175e+00  4.7265e+01
6601.5674  -4.3830e+01  5.3011e+01
6602.8179  -2.7770e+01  4.5867e+01
6604.0684  2.9041e+00  5.3856e+01
6605.3184  -1.0918e+02  6.1576e+01
6606.5688  -1.1258e+02  5.9088e+01
6607.8193  -3.0620e+01  5.7140e+01
6609.0693  6.9232e+01  4.8084e+01
6610.3198  1.5614e+01  5.7773e+01
6611.5703  -1.7945e+01  5.0660e+01
6612.8208  -5.5083e+01  4.8541e+01
6614.0708  -7.4776e+01  4.2323e+01
6615.3213  -4.0526e+01  4.4842e+01
6616.5718  -1.4660e+01  5.0979e+01
6617.8218  4.9139e+01  4.6969e+01
6619.0723  -7.7032e+01  4.8117e+01
6620.3228  -1.2133e+00  5.3920e+01
6621.5728  1.4260e+02  5.4126e+01
6622.8232  2.0293e+01  4.8725e+01
6624.0737  -1.2011e+01  5.2191e+01
6625.3237  -3.0428e+00  5.2970e+01
6626.5742  3.9185e+01  3.9920e+01
6627.8247  8.0758e+01  4.4886e+01
6629.0747  -4.1709e+01  4.5441e+01
6630.3252  3.1788e+01  5.4137e+01
6631.5757  6.5802e+00  4.2428e+01
6632.8262  1.1715e+01  4.8683e+01
6634.0762  4.0960e+01  5.5033e+01
6635.3267  -2.1556e+01  5.4212e+01
6636.5771  -1.8645e+01  4.4651e+01
6637.8271  -3.4065e+01  4.7211e+01
6639.0776  1.8126e+01  4.8082e+01
6640.3281  -3.0071e+01  5.5690e+01
6641.5781  8.2312e+01  5.5069e+01
6642.8286  5.9974e+01  4.5691e+01
6644.0791  -1.4401e+00  3.9248e+01
6645.3291  2.5471e+01  4.8992e+01
6646.5796  4.9249e+01  4.8905e+01
6647.8301  5.9142e+01  4.4161e+01
6649.0801  2.8216e+01  4.7644e+01
6650.3306  -1.7900e+01  5.4659e+01
6651.5811  3.0498e+01  4.7491e+01
6652.8315  1.3050e+02  4.8191e+01
6654.0815  3.3310e-01  4.7533e+01
6655.3320  1.7787e+01  4.6756e+01
6656.5825  4.2002e+01  6.1056e+01
6657.8325  1.7904e+01  4.6219e+01
6659.0830  -2.5478e+01  3.9689e+01
6660.3335  -3.8458e+01  4.1853e+01
6661.5835  -4.0910e+01  5.8767e+01
6662.8340  1.1236e+02  5.5341e+01
6664.0845  8.5916e+01  4.9222e+01
6665.3345  9.4717e+01  4.7688e+01
6666.5850  -5.3378e+01  4.4939e+01
6667.8354  -8.4897e+00  5.0691e+01
6669.0859  -9.4351e+00  4.7788e+01
6670.3359  -3.7400e+01  4.5265e+01
6671.5864  5.2037e+01  5.0080e+01
6672.8369  -5.5922e+01  5.1832e+01
6674.0869  -3.6245e+01  4.8095e+01
6675.3374  -1.6570e+01  4.6999e+01
6676.5879  -6.0027e+01  4.2284e+01
6677.8379  1.0278e+01  4.8328e+01
6679.0884  2.0469e+01  4.6661e+01
6680.3389  -1.9448e+01  3.8846e+01
6681.5889  -2.8755e+00  4.6953e+01
6682.8394  -6.4796e+01  3.9971e+01
6684.0898  1.5246e+01  4.7535e+01
6685.3398  -5.2362e-02  4.3811e+01
6686.5903  -6.8805e+01  3.9597e+01
6687.8408  -2.6797e+01  4.5612e+01
6689.0913  1.2150e+01  4.4843e+01
