# SNR 9.3186
# Quality c
# flux_factor = 1.e-20
5566.4575  1.0033e+02  8.4612e+01
5567.7080  -9.2069e+01  7.7375e+01
5568.9580  3.5395e+01  6.9819e+01
5570.2085  2.7435e+01  8.6969e+01
5571.4590  1.0780e+01  7.2526e+01
5572.7090  -1.2046e+02  9.6693e+01
5573.9595  8.5619e+01  7.7166e+01
5575.2100  -2.8083e+01  9.8030e+01
5576.4604  -6.2436e+00  2.4121e+02
5577.7104  -1.0916e+01  5.5707e+02
5578.9609  -1.0496e+01  6.6638e+02
5580.2114  -8.9275e+00  4.3743e+02
5581.4614  -2.5041e+01  1.3768e+02
5582.7119  8.9902e+01  1.5894e+02
5583.9624  1.3402e+02  1.0461e+02
5585.2124  1.2682e+02  8.2584e+01
5586.4629  1.0631e+02  7.0376e+01
5587.7134  1.0358e+02  7.3798e+01
5588.9634  -2.6221e+01  8.3499e+01
5590.2139  9.7382e+01  7.9476e+01
5591.4644  -1.0343e+02  8.2881e+01
5592.7144  4.0047e+01  8.1864e+01
5593.9648  -1.0279e+02  8.9918e+01
5595.2153  4.4421e+01  8.9336e+01
5596.4653  -1.0381e+02  7.7435e+01
5597.7158  -9.8931e+01  7.8185e+01
5598.9663  -4.8917e+01  7.9916e+01
5600.2168  1.1691e+00  7.2909e+01
5601.4668  -1.7869e+01  6.8434e+01
5602.7173  -1.3148e+01  7.8309e+01
5603.9678  -2.3571e+01  8.6995e+01
5605.2178  -2.9424e+01  7.8355e+01
5606.4683  -3.2761e+01  9.1823e+01
5607.7188  -7.5188e+01  9.3121e+01
5608.9688  7.6014e+00  8.4703e+01
5610.2192  -1.1783e+02  8.8434e+01
5611.4697  -5.2067e+01  6.8857e+01
5612.7197  -6.7705e+01  6.7249e+01
5613.9702  2.9042e+01  7.1795e+01
5615.2207  1.1899e+01  6.6954e+01
5616.4707  8.9042e+01  7.0659e+01
5617.7212  1.0785e+02  7.6282e+01
5618.9717  -3.6095e+00  7.5840e+01
5620.2217  4.8476e+01  8.4341e+01
5621.4722  3.0377e+01  7.1401e+01
5622.7227  6.1277e+01  6.6251e+01
5623.9731  -6.7157e+01  9.2685e+01
5625.2231  -8.7940e+01  1.0776e+02
5626.4736  2.1441e+01  8.8244e+01
5627.7241  6.9314e+01  7.6637e+01
5628.9741  8.0584e+01  7.2901e+01
5630.2246  2.8805e+01  7.2185e+01
5631.4751  -2.2459e+01  7.7550e+01
5632.7251  -1.0631e+02  8.3453e+01
5633.9756  -8.1314e+01  7.4585e+01
5635.2261  1.1980e+02  7.9607e+01
5636.4761  1.0838e+02  6.9902e+01
5637.7266  -5.3826e+01  8.4117e+01
5638.9771  -4.2157e+01  7.4587e+01
5640.2271  -1.2046e+01  7.4729e+01
5641.4775  -7.1857e+01  7.5516e+01
5642.7280  -6.5653e+01  7.6629e+01
5643.9780  6.1130e+00  6.7706e+01
5645.2285  -1.9323e+01  7.2530e+01
5646.4790  1.2472e+01  8.3551e+01
5647.7295  9.2906e+01  7.4006e+01
5648.9795  6.7160e+01  7.1712e+01
5650.2300  -1.3352e+01  7.9224e+01
5651.4805  -4.3049e+01  7.1475e+01
5652.7305  8.3686e+01  7.0687e+01
5653.9810  -5.4439e+01  7.2516e+01
5655.2314  -1.7635e+02  7.8168e+01
5656.4814  -6.8364e+01  7.7438e+01
5657.7319  1.7422e+02  7.9103e+01
5658.9824  4.2372e+02  7.0939e+01
5660.2324  4.6959e+02  7.3255e+01
5661.4829  2.9388e+02  7.7008e+01
5662.7334  2.4420e+02  7.4770e+01
5663.9834  1.6234e+02  7.7157e+01
5665.2339  2.4451e+01  8.5806e+01
5666.4844  3.3859e+00  6.7485e+01
5667.7344  5.9421e+01  8.1809e+01
5668.9849  -2.8484e+01  7.1615e+01
5670.2354  4.8956e+01  7.3321e+01
5671.4858  2.9788e+01  7.5633e+01
5672.7358  -4.0452e+00  6.9148e+01
5673.9863  2.4874e+00  7.6292e+01
5675.2368  1.2373e+02  7.2496e+01
5676.4868  4.6750e+01  6.7242e+01
5677.7373  -5.7707e+01  7.6346e+01
5678.9878  -5.8503e+01  8.5240e+01
5680.2378  1.1676e+02  7.5754e+01
5681.4883  -9.2122e+01  6.9851e+01
5682.7388  3.3563e+01  1.0634e+02
5683.9888  4.6321e+01  7.8276e+01
5685.2393  3.5207e+01  6.6496e+01
5686.4897  2.1625e+01  8.0981e+01
5687.7397  -9.4604e+01  7.6393e+01
5688.9902  1.1800e+00  7.9975e+01
5690.2407  3.2636e+01  6.7918e+01
5691.4907  -5.6542e+01  7.5111e+01
5692.7412  1.9627e+01  6.8287e+01
5693.9917  -2.4561e+00  7.7241e+01
5695.2422  -6.8067e+01  6.8578e+01
5696.4922  4.8876e+00  6.9762e+01
5697.7427  -6.3499e+00  8.1230e+01
5698.9932  -5.2145e+01  6.9859e+01
5700.2432  7.6292e+01  9.2989e+01
5701.4937  -8.0534e+00  7.2202e+01
5702.7441  -1.0971e+02  7.8777e+01
5703.9941  -7.4055e+01  6.7737e+01
5705.2446  -6.4248e+01  7.2244e+01
5706.4951  -5.7354e+01  7.0220e+01
5707.7451  7.5147e-01  7.2358e+01
5708.9956  -4.3418e+01  6.9185e+01
5710.2461  -1.1501e+02  8.3168e+01
5711.4961  -4.9322e+01  8.8845e+01
5712.7466  -4.7019e+01  7.5854e+01
5713.9971  2.9883e+01  7.6818e+01
5715.2476  -4.6774e+01  7.8957e+01
5716.4976  -1.1045e+02  7.8072e+01
5717.7480  -7.6257e+01  8.1565e+01
5718.9985  -7.3303e+01  7.9158e+01
5720.2485  -1.7102e+01  8.0137e+01
5721.4990  1.9140e+01  7.9966e+01
5722.7495  -3.2649e+01  7.9293e+01
5723.9995  -3.5281e+01  7.4965e+01
5725.2500  -1.2154e+01  9.0285e+01
5726.5005  4.3687e+01  7.5026e+01
5727.7505  -5.0005e+01  7.4553e+01
5729.0010  -1.1926e+02  7.1966e+01
5730.2515  -5.8560e+01  7.0592e+01
5731.5015  -1.1906e+02  7.0299e+01
5732.7520  -3.6763e+01  8.2145e+01
5734.0024  -9.8821e+01  7.0282e+01
5735.2524  -7.3344e+01  7.8875e+01
5736.5029  6.0780e+01  7.9538e+01
5737.7534  -1.7170e+01  7.7654e+01
5739.0039  -4.6553e+01  8.4271e+01
5740.2539  3.7965e+01  7.0410e+01
5741.5044  1.9675e+01  7.9955e+01
5742.7549  1.6866e+01  7.8359e+01
5744.0049  8.5259e+01  7.8032e+01
5745.2554  7.2812e+01  7.2588e+01
5746.5059  -2.2530e+01  7.4442e+01
5747.7559  -3.1699e+01  8.5008e+01
5749.0063  -1.1341e+02  6.4668e+01
5750.2568  3.3011e+01  8.9418e+01
5751.5068  4.0816e+01  6.5395e+01
5752.7573  6.1149e+01  7.2691e+01
5754.0078  -2.1939e+01  6.7495e+01
