# SNR 10.5240
# Quality c
# flux_factor = 1.e-20
6925.3965  2.5917e+01  6.6608e+01
6926.6465  5.3123e+01  4.5577e+01
6927.8970  5.6152e+01  4.2370e+01
6929.1475  6.7766e+01  3.1997e+01
6930.3975  2.2923e+01  3.8738e+01
6931.6479  -2.5712e+01  3.6034e+01
6932.8984  -1.2837e+01  3.7366e+01
6934.1489  2.4025e+01  3.3518e+01
6935.3989  -3.1698e+01  2.9864e+01
6936.6494  1.7898e+01  3.5665e+01
6937.8999  7.3083e+01  4.2544e+01
6939.1499  7.7822e+00  4.4984e+01
6940.4004  -2.0446e+00  6.2219e+01
6941.6509  -4.3255e+01  5.9222e+01
6942.9009  3.9180e+01  4.3565e+01
6944.1514  1.8209e+01  3.5359e+01
6945.4019  4.9808e+01  3.0156e+01
6946.6519  -2.8302e+00  4.3191e+01
6947.9023  3.4776e+01  4.4258e+01
6949.1528  9.7936e+01  6.7501e+01
6950.4033  6.1609e+01  8.1247e+01
6951.6533  -2.6251e+01  6.9272e+01
6952.9038  -1.4514e+01  4.2807e+01
6954.1543  -2.1753e+01  3.9339e+01
6955.4043  -1.4533e+01  3.5515e+01
6956.6548  -3.0846e+01  3.8044e+01
6957.9053  2.3251e+00  3.4829e+01
6959.1553  -6.1607e+00  3.5900e+01
6960.4058  4.7673e+01  3.8230e+01
6961.6562  8.8662e+00  3.9244e+01
6962.9062  3.8265e+01  3.4856e+01
6964.1567  2.8912e+01  3.3605e+01
6965.4072  1.8226e+01  3.1714e+01
6966.6572  2.4533e+00  3.4274e+01
6967.9077  -1.4320e+01  4.3621e+01
6969.1582  5.6051e+00  3.8566e+01
6970.4087  1.0374e+02  5.6507e+01
6971.6587  1.1851e+02  4.7683e+01
6972.9092  5.8737e+01  4.4931e+01
6974.1597  1.5098e+01  3.1118e+01
6975.4097  -1.9144e+01  4.0745e+01
6976.6602  3.1625e+01  3.4437e+01
6977.9106  4.0826e+01  4.5364e+01
6979.1606  -1.0800e+02  6.3482e+01
6980.4111  -7.7991e+01  6.0628e+01
6981.6616  4.7522e+01  4.3174e+01
6982.9116  -2.2235e+01  3.5856e+01
6984.1621  -2.7250e+01  3.3178e+01
6985.4126  -1.1677e+01  3.1616e+01
6986.6631  -3.6216e+01  3.9342e+01
6987.9131  -5.3272e+01  3.6121e+01
6989.1636  9.9009e+00  3.1606e+01
6990.4141  -1.6801e+01  3.1618e+01
6991.6641  9.7570e+00  3.1003e+01
6992.9146  2.0545e+01  3.0908e+01
6994.1650  7.6039e+01  3.3444e+01
6995.4150  8.3895e+00  2.9667e+01
6996.6655  7.7433e-01  3.6907e+01
6997.9160  3.5666e+01  4.0912e+01
6999.1660  2.7286e+01  3.6123e+01
7000.4165  3.7953e+01  3.9578e+01
7001.6670  3.5003e+00  3.2115e+01
7002.9170  -1.2617e+01  4.6088e+01
7004.1675  3.5788e+01  4.2022e+01
7005.4180  1.7191e+01  4.5998e+01
7006.6685  2.0234e+01  3.5630e+01
7007.9185  2.9068e+01  2.9487e+01
7009.1689  4.7958e+01  2.9607e+01
7010.4194  6.1073e+01  3.6217e+01
7011.6694  1.6027e+01  4.4720e+01
7012.9199  -5.0278e+01  5.2451e+01
7014.1704  7.6906e+01  4.4183e+01
7015.4204  1.8807e+01  3.1531e+01
7016.6709  1.2453e+01  2.9410e+01
7017.9214  -2.5586e+01  3.1454e+01
7019.1714  -1.2629e+01  3.3240e+01
7020.4219  -2.7746e+01  3.9715e+01
7021.6724  -2.8968e+01  3.7340e+01
7022.9229  -4.3791e+01  3.3346e+01
7024.1729  -2.1137e+01  3.5145e+01
7025.4233  1.8191e+01  3.5720e+01
7026.6738  6.5414e+00  3.8375e+01
7027.9238  -4.7046e+01  3.2720e+01
7029.1743  -6.0428e+00  2.9594e+01
7030.4248  2.5026e+01  3.0039e+01
7031.6748  -2.3610e+01  3.1066e+01
7032.9253  1.9439e+01  3.3043e+01
7034.1758  4.6378e+01  3.4625e+01
7035.4258  1.7773e+01  4.0371e+01
7036.6763  3.0998e+00  3.3093e+01
7037.9268  -7.9105e+00  3.6189e+01
7039.1768  -1.0997e+01  3.2541e+01
7040.4272  9.2925e+01  3.7972e+01
7041.6777  1.8654e+02  4.4660e+01
7042.9282  3.1106e+02  4.2209e+01
7044.1782  1.7500e+02  3.3187e+01
7045.4287  1.1624e+02  3.2621e+01
7046.6792  4.3186e+00  3.4060e+01
7047.9292  4.5812e+01  4.7128e+01
7049.1797  -2.2724e+01  4.6145e+01
7050.4302  -1.5648e+01  4.3903e+01
7051.6802  3.6039e+01  4.4671e+01
7052.9307  2.9913e+01  3.7840e+01
7054.1812  7.4626e+01  3.7799e+01
7055.4312  4.9238e+01  3.2834e+01
7056.6816  5.9494e+01  3.3811e+01
7057.9321  -1.1536e+01  3.6386e+01
7059.1826  1.2963e+01  3.4600e+01
7060.4326  6.8027e+01  3.7193e+01
7061.6831  -8.7008e+00  4.6097e+01
7062.9336  -1.3664e+01  3.9075e+01
7064.1836  2.5745e+00  3.4087e+01
7065.4341  -7.0712e+01  3.4261e+01
7066.6846  -9.2418e+00  3.3956e+01
7067.9346  -2.8559e+01  4.1174e+01
7069.1851  1.0341e+02  4.0742e+01
7070.4355  -3.2304e+01  3.3391e+01
7071.6855  -1.0532e+01  3.7337e+01
7072.9360  -4.9065e+00  3.4127e+01
7074.1865  5.1369e+01  3.6008e+01
7075.4365  -3.7547e+01  3.4234e+01
7076.6870  1.0101e+01  3.1307e+01
7077.9375  -4.0287e+01  3.8601e+01
7079.1880  5.8908e+01  3.6546e+01
7080.4380  5.6294e+01  3.4776e+01
7081.6885  8.1959e+00  3.1464e+01
7082.9390  1.0086e+01  4.1696e+01
7084.1890  6.3375e+00  3.6252e+01
7085.4395  4.2506e+00  4.0779e+01
7086.6899  -3.4642e+01  3.6535e+01
7087.9399  1.2675e+01  3.5693e+01
7089.1904  -4.4048e+01  3.8557e+01
7090.4409  -2.3547e+01  3.8842e+01
7091.6909  7.9922e+00  3.3787e+01
7092.9414  6.2894e+00  3.7724e+01
7094.1919  2.2717e+00  3.6633e+01
7095.4424  -1.2684e+01  3.4321e+01
7096.6924  -3.2720e+01  3.5517e+01
7097.9429  5.6492e+00  3.8737e+01
7099.1934  -1.3952e+01  2.9307e+01
7100.4434  -1.6346e+01  3.1107e+01
7101.6938  8.4235e+00  3.0553e+01
7102.9443  -3.8776e-01  2.9651e+01
7104.1943  -4.2087e+01  3.3481e+01
7105.4448  2.2843e+01  3.1686e+01
7106.6953  4.3058e+00  3.3947e+01
7107.9453  -6.8693e+00  3.6361e+01
7109.1958  -1.6582e+01  4.8861e+01
7110.4463  -1.6899e+01  3.3148e+01
7111.6963  -8.9320e+01  4.0606e+01
7112.9468  1.6569e+01  2.9797e+01
7114.1973  1.0194e+01  3.7655e+01
7115.4478  2.5362e+00  3.5551e+01
7116.6978  -1.3841e+01  3.6001e+01
7117.9482  -4.6451e+01  3.8680e+01
7119.1987  -5.8141e+01  3.4653e+01
7120.4487  -4.7500e+01  3.9435e+01
7121.6992  -2.7246e+01  3.3509e+01
7122.9497  -1.6554e+01  3.5390e+01
7124.1997  -2.3705e+01  3.9218e+01
7125.4502  -1.3165e+01  2.9716e+01
7126.7007  -7.2654e+01  4.1188e+01
7127.9507  -8.6678e+01  3.8756e+01
7129.2012  2.9350e+01  4.0823e+01
7130.4517  2.2652e+00  3.8423e+01
7131.7021  4.9805e+00  3.6560e+01
7132.9521  6.2020e+01  3.2587e+01
7134.2026  -5.7591e+00  3.4471e+01
7135.4531  -1.5164e+01  3.2250e+01
7136.7031  -1.7043e+00  2.9243e+01
7137.9536  -1.1110e+01  3.2841e+01
7139.2041  2.2702e+01  3.1850e+01
7140.4541  2.0387e+01  3.2398e+01
7141.7046  4.8154e+01  3.1703e+01
7142.9551  -1.2207e+01  4.4275e+01
7144.2051  1.0185e+01  4.1797e+01
7145.4556  5.6874e+01  4.5124e+01
7146.7061  -5.1658e+00  4.2176e+01
7147.9561  -7.9049e+00  3.8897e+01
7149.2065  -1.2590e+01  3.9292e+01
7150.4570  6.3383e+01  4.2460e+01
7151.7075  3.6683e+01  3.4061e+01
7152.9575  9.2982e+00  3.4717e+01
7154.2080  -1.0825e+01  3.5868e+01
7155.4585  5.1160e+01  2.9695e+01
7156.7085  2.7509e+01  3.0154e+01
7157.9590  7.2493e+01  3.7703e+01
7159.2095  2.6782e+01  4.0476e+01
