# SNR 10.1123
# Quality c
# flux_factor = 1.e-20
6038.9194  -1.8809e+02  1.1804e+02
6040.1699  6.5131e+01  1.1832e+02
6041.4199  1.4375e+02  1.1863e+02
6042.6704  1.3603e+02  1.1795e+02
6043.9209  7.0479e+01  1.1755e+02
6045.1709  1.1258e+02  1.1844e+02
6046.4214  -7.3697e+01  1.1868e+02
6047.6719  -4.7182e+01  1.1843e+02
6048.9219  2.1895e+02  1.1853e+02
6050.1724  -7.6396e+01  1.1797e+02
6051.4229  -1.4505e+02  1.1757e+02
6052.6733  3.0442e+01  1.1726e+02
6053.9233  2.0876e-01  1.1711e+02
6055.1738  -4.8247e+01  1.1652e+02
6056.4243  7.6709e+01  1.1619e+02
6057.6743  -2.3745e+00  1.1651e+02
6058.9248  1.0684e+02  1.1681e+02
6060.1753  -2.5897e+01  1.1655e+02
6061.4253  -5.5918e+01  1.1688e+02
6062.6758  1.0491e+02  1.1735e+02
6063.9263  -5.7049e+01  1.1872e+02
6065.1763  -2.1372e+01  1.1589e+02
6066.4268  5.8909e+01  1.1570e+02
6067.6772  -1.0487e+02  1.1761e+02
6068.9272  5.7669e+01  1.1901e+02
6070.1777  5.5059e+00  1.1769e+02
6071.4282  -1.7612e+01  1.1651e+02
6072.6787  -4.8326e+01  1.1557e+02
6073.9287  -1.2401e+02  1.1560e+02
6075.1792  8.6758e+01  1.1652e+02
6076.4297  5.1387e+01  1.1577e+02
6077.6797  6.9347e+01  1.1573e+02
6078.9302  -1.0014e+02  1.1438e+02
6080.1807  1.6993e+02  1.1394e+02
6081.4307  -2.0929e+01  1.1574e+02
6082.6812  4.4350e+01  1.1420e+02
6083.9316  9.6325e+01  1.1482e+02
6085.1816  9.4943e+00  1.1390e+02
6086.4321  2.6619e+01  1.1518e+02
6087.6826  -7.5807e+01  1.1451e+02
6088.9326  6.3391e+01  1.1503e+02
6090.1831  1.3530e+02  1.1406e+02
6091.4336  4.8898e+01  1.1348e+02
6092.6841  1.1948e+02  1.1377e+02
6093.9341  3.2767e+01  1.1375e+02
6095.1846  -1.4046e+02  1.1338e+02
6096.4351  7.1165e+01  1.1473e+02
6097.6851  1.0526e+02  1.1555e+02
6098.9355  3.5647e+01  1.1386e+02
6100.1860  7.0943e+01  1.1473e+02
6101.4360  1.3157e+02  1.1499e+02
6102.6865  -1.1982e+02  1.1088e+02
6103.9370  -3.6346e+01  1.1226e+02
6105.1870  -3.3859e+01  1.1478e+02
6106.4375  -5.1346e+01  1.1486e+02
6107.6880  9.5031e+01  1.1352e+02
6108.9380  1.5179e+02  1.1286e+02
6110.1885  4.4475e+01  1.1328e+02
6111.4390  -1.7622e+00  1.1265e+02
6112.6890  7.5680e+01  1.1383e+02
6113.9395  -1.1119e+01  1.1314e+02
6115.1899  1.0876e+02  1.1271e+02
6116.4404  2.7619e+01  1.1216e+02
6117.6904  -8.7277e+01  1.1127e+02
6118.9409  3.0915e+01  1.1190e+02
6120.1914  2.6918e+01  1.1215e+02
6121.4414  -3.7476e+01  1.1037e+02
6122.6919  1.4157e+02  1.0965e+02
6123.9424  6.7452e+00  1.1022e+02
6125.1924  -1.2883e+02  1.1099e+02
6126.4429  2.1536e+01  1.1210e+02
6127.6934  9.7165e+01  1.1059e+02
6128.9434  2.6650e+01  1.1050e+02
6130.1938  -3.9247e+01  1.1047e+02
6131.4443  -1.9594e+02  1.0976e+02
6132.6943  -4.2983e+01  1.1068e+02
6133.9448  -3.8162e+01  1.1071e+02
6135.1953  -3.8541e+01  1.1101e+02
6136.4458  -1.5550e+02  1.1289e+02
6137.6958  1.1482e+02  1.1328e+02
6138.9463  1.7038e+02  1.1564e+02
6140.1968  5.5802e+02  1.1903e+02
6141.4468  5.8155e+02  1.1697e+02
6142.6973  4.5581e+02  1.1251e+02
6143.9478  3.1973e+02  1.1576e+02
6145.1978  2.6222e+02  1.2370e+02
6146.4482  1.9594e+02  1.1947e+02
6147.6987  9.4010e+01  1.1107e+02
6148.9487  -3.5539e+01  1.0872e+02
6150.1992  7.0738e+01  1.0908e+02
6151.4497  4.1806e+01  1.1154e+02
6152.6997  -4.9971e+01  1.1262e+02
6153.9502  8.3883e+01  1.1125e+02
6155.2007  -4.7769e+01  1.1365e+02
6156.4512  -6.5803e+01  1.2877e+02
6157.7012  -1.7927e+02  1.4520e+02
6158.9517  -1.8850e+02  1.4616e+02
6160.2021  -8.5716e+01  1.2911e+02
6161.4521  8.3178e+01  1.1138e+02
6162.7026  1.5700e+02  1.0574e+02
6163.9531  -1.1361e+02  1.0527e+02
6165.2031  -1.0698e+02  1.0747e+02
6166.4536  1.7159e+01  1.0719e+02
6167.7041  9.8223e+01  1.0777e+02
6168.9541  7.6614e+01  1.0911e+02
6170.2046  -2.2313e+01  1.1861e+02
6171.4551  -1.8274e+01  1.3256e+02
6172.7051  1.3076e+02  1.2511e+02
6173.9556  3.3580e+00  1.1124e+02
6175.2061  -5.3985e+01  1.1015e+02
6176.4565  4.0960e+01  1.1402e+02
6177.7065  4.6518e+01  1.1466e+02
6178.9570  -4.8165e+01  1.1072e+02
6180.2075  4.3568e+01  1.0706e+02
6181.4575  1.3058e+02  1.0807e+02
6182.7080  1.3355e+02  1.0716e+02
6183.9585  -1.6973e+02  1.0989e+02
6185.2085  -1.2022e+02  1.1128e+02
6186.4590  -1.1836e+01  1.1006e+02
6187.7095  9.7959e+01  1.0728e+02
6188.9595  -1.1257e+02  1.0790e+02
6190.2100  -8.6315e+01  1.0784e+02
6191.4604  7.3311e+01  1.0610e+02
6192.7104  -7.6762e+01  1.0902e+02
6193.9609  -3.0549e+01  1.1258e+02
6195.2114  -2.5208e+00  1.0992e+02
6196.4619  -1.3304e+01  1.0787e+02
6197.7119  1.3324e+01  1.0704e+02
6198.9624  -1.3764e+02  1.0722e+02
6200.2129  -1.1707e+02  1.0566e+02
6201.4629  3.4253e+01  1.0853e+02
6202.7134  1.1940e+02  1.2119e+02
6203.9639  -1.0710e+02  1.2878e+02
6205.2139  5.2334e+01  1.1620e+02
6206.4644  9.4504e+01  1.0754e+02
6207.7148  3.9859e-01  1.0747e+02
6208.9648  -1.6039e+01  1.0816e+02
6210.2153  -1.2330e+02  1.0717e+02
6211.4658  1.1851e+01  1.0727e+02
6212.7158  -7.8744e+01  1.0963e+02
6213.9663  7.6708e+01  1.1276e+02
6215.2168  2.1229e+01  1.1057e+02
6216.4673  1.8790e+01  1.0542e+02
6217.7173  -4.4212e+01  1.0631e+02
6218.9678  -1.9837e+01  1.0524e+02
6220.2183  1.4106e+01  1.0713e+02
6221.4683  1.1467e+02  1.1781e+02
6222.7188  -3.8286e+00  1.3051e+02
6223.9692  1.0456e+02  1.2163e+02
6225.2192  1.4029e+02  1.0784e+02
6226.4697  5.8939e+01  1.0564e+02
6227.7202  7.0926e+01  1.0607e+02
6228.9702  6.0248e+01  1.0514e+02
6230.2207  1.2047e+02  1.0468e+02
6231.4712  -2.5117e+01  1.0416e+02
6232.7212  -4.5456e+01  1.0515e+02
6233.9717  -6.0016e+01  1.1957e+02
6235.2222  -1.2515e+00  1.4425e+02
6236.4727  3.0164e+02  1.6220e+02
6237.7227  -1.1673e+01  1.5697e+02
6238.9731  1.0972e+02  1.3109e+02
6240.2236  -5.8021e+00  1.1761e+02
6241.4736  7.4553e+01  1.2250e+02
6242.7241  8.8634e+00  1.2369e+02
