# SNR 15.3937
# Quality c
# flux_factor = 1.e-20
6901.7666  -6.2592e+01  8.8483e+01
6903.0166  3.2534e+01  8.2772e+01
6904.2671  6.2159e+01  6.6426e+01
6905.5176  -7.2611e+01  5.6660e+01
6906.7676  -3.7588e+01  4.9540e+01
6908.0181  4.1155e+01  5.4248e+01
6909.2686  3.5588e+01  4.6528e+01
6910.5190  -5.9503e+01  4.9933e+01
6911.7690  4.4409e+01  5.6560e+01
6913.0195  1.0265e+02  8.6436e+01
6914.2700  -1.9987e+01  1.0371e+02
6915.5200  -4.2088e-01  7.4692e+01
6916.7705  -1.4260e+01  4.7001e+01
6918.0210  -2.9027e-01  4.8143e+01
6919.2710  -1.2792e+01  5.2303e+01
6920.5215  4.0290e+01  4.1464e+01
6921.7720  -5.8744e+01  6.3756e+01
6923.0220  -1.0690e+01  9.7593e+01
6924.2725  1.0755e+02  1.2335e+02
6925.5229  -1.0306e+02  1.1417e+02
6926.7729  4.4792e+01  6.9084e+01
6928.0234  5.6122e+01  4.2694e+01
6929.2739  -4.4764e+01  5.0920e+01
6930.5244  1.4099e+01  4.3419e+01
6931.7744  -2.0205e+01  4.6438e+01
6933.0249  5.7172e+01  4.7553e+01
6934.2754  5.2397e+01  4.4522e+01
6935.5254  5.7096e+00  4.4456e+01
6936.7759  3.3497e+01  4.7237e+01
6938.0264  3.7232e+00  4.2006e+01
6939.2764  5.0298e+00  5.5398e+01
6940.5269  8.4092e+01  9.0814e+01
6941.7773  -2.5025e+01  9.1740e+01
6943.0273  -2.0037e+01  5.5038e+01
6944.2778  -3.3779e+01  4.9213e+01
6945.5283  -9.6964e-01  4.1534e+01
6946.7788  -1.0500e+01  5.4230e+01
6948.0288  -4.5078e+01  5.6817e+01
6949.2793  7.0878e+01  9.8726e+01
6950.5298  7.8315e+01  1.3259e+02
6951.7798  -9.0256e+01  1.0106e+02
6953.0303  -4.4203e+01  6.9868e+01
6954.2808  7.6509e+01  5.2180e+01
6955.5308  6.5276e+01  4.3719e+01
6956.7812  9.6697e+00  4.3795e+01
6958.0317  1.0800e+01  5.4985e+01
6959.2817  -8.7893e+00  4.3880e+01
6960.5322  4.7162e+00  4.3726e+01
6961.7827  -3.9346e+01  4.5269e+01
6963.0327  9.6097e+00  4.7461e+01
6964.2832  3.7456e+01  5.0540e+01
6965.5337  4.1014e+01  4.4877e+01
6966.7842  -2.9490e+01  4.5071e+01
6968.0342  1.6256e+01  5.2400e+01
6969.2847  -9.1631e+00  5.1557e+01
6970.5352  -4.1353e+00  7.6077e+01
6971.7852  -3.0812e+01  7.6721e+01
6973.0356  1.0262e+01  5.4259e+01
6974.2861  -5.5016e+01  4.4374e+01
6975.5361  2.3093e+00  4.1753e+01
6976.7866  -8.1770e+01  4.2421e+01
6978.0371  -1.1520e+00  6.8065e+01
6979.2871  7.4099e+01  9.8888e+01
6980.5376  4.1581e+01  9.9641e+01
6981.7881  9.6883e+00  5.6840e+01
6983.0386  3.7346e+01  4.3697e+01
6984.2886  6.8353e+00  4.2699e+01
6985.5391  -1.2004e+01  4.2950e+01
6986.7896  1.4819e+01  4.7250e+01
6988.0396  -1.2272e+01  6.0934e+01
6989.2900  8.1185e+01  4.4397e+01
6990.5405  -2.1719e+01  4.2333e+01
6991.7905  4.7601e+01  4.0606e+01
6993.0410  3.5932e+01  4.5357e+01
6994.2915  -1.4854e+01  4.0150e+01
6995.5415  5.6768e+00  4.8244e+01
6996.7920  1.5600e+01  4.8892e+01
6998.0425  4.1898e+01  4.4208e+01
6999.2925  6.4974e+01  4.9712e+01
7000.5430  5.0220e+01  5.3541e+01
7001.7935  -4.8192e+01  4.3621e+01
7003.0439  -1.0908e+02  4.5321e+01
7004.2939  -3.1302e+01  5.6920e+01
7005.5444  2.7472e+01  6.3022e+01
7006.7949  8.1879e+01  4.9285e+01
7008.0449  1.3626e+02  3.9730e+01
7009.2954  8.2128e+01  4.0536e+01
7010.5459  5.5994e+01  4.1665e+01
7011.7959  7.7341e+01  6.4704e+01
7013.0464  -5.0070e+01  8.0723e+01
7014.2969  -4.5199e+01  5.7602e+01
7015.5469  1.9006e+02  4.8812e+01
7016.7974  4.0855e+02  4.4778e+01
7018.0479  4.9823e+02  4.2595e+01
7019.2983  3.6979e+02  4.6446e+01
7020.5483  1.8129e+02  4.0824e+01
7021.7988  1.3309e+02  4.0024e+01
7023.0493  4.8645e+00  4.0782e+01
7024.2993  2.4421e+01  4.4859e+01
7025.5498  1.6765e+01  4.5130e+01
7026.8003  2.2508e+01  4.5028e+01
7028.0503  4.7286e+01  4.3931e+01
7029.3008  2.2919e+01  4.1983e+01
7030.5513  7.7949e+00  4.2406e+01
7031.8013  -1.2148e+01  4.5702e+01
7033.0518  -6.5779e+00  4.6284e+01
7034.3022  1.0828e+01  4.2072e+01
7035.5522  -8.3422e+01  4.1395e+01
7036.8027  -3.7449e+01  4.3766e+01
7038.0532  1.8965e+01  5.5252e+01
7039.3037  -1.7708e+01  3.7721e+01
7040.5537  -2.9150e+01  3.8666e+01
7041.8042  2.2200e+01  4.7184e+01
7043.0547  1.4571e+01  5.5411e+01
7044.3047  5.0253e+01  4.6869e+01
7045.5552  -7.4159e+00  4.1981e+01
7046.8057  -4.4372e+01  4.4227e+01
7048.0557  -3.6382e+00  6.4116e+01
7049.3062  -8.1557e+01  7.2476e+01
7050.5566  -9.7218e+01  6.0955e+01
7051.8066  -1.2602e+02  5.1077e+01
7053.0571  -3.9897e+01  5.0100e+01
7054.3076  -8.5947e+01  5.2642e+01
7055.5581  4.6642e+01  4.6452e+01
7056.8081  -9.7782e+00  4.1840e+01
7058.0586  5.5714e+01  4.4446e+01
7059.3091  -9.2795e+00  3.8590e+01
7060.5591  8.6733e+01  4.9620e+01
7061.8096  1.3679e+01  6.2145e+01
7063.0601  -4.7694e+01  4.9004e+01
7064.3101  4.4949e+01  4.6852e+01
7065.5605  5.8737e+01  5.3766e+01
7066.8110  7.4606e+01  4.8886e+01
7068.0610  6.8472e+01  4.6201e+01
7069.3115  9.2361e+01  4.5201e+01
7070.5620  -2.2515e+01  4.3267e+01
7071.8120  4.5411e+01  4.9026e+01
7073.0625  2.3612e+01  4.2536e+01
7074.3130  3.9135e+01  4.7086e+01
7075.5635  5.8294e+01  5.6651e+01
7076.8135  -2.9207e-01  4.4091e+01
7078.0640  2.1905e+01  4.6874e+01
7079.3145  -3.7281e+01  5.3095e+01
7080.5645  -6.2262e+01  4.3742e+01
7081.8149  1.5712e+01  3.9683e+01
7083.0654  6.4651e+01  4.7759e+01
7084.3154  -2.5661e+01  6.2490e+01
7085.5659  -3.6007e+01  4.2178e+01
7086.8164  -7.4915e+01  4.1718e+01
7088.0664  -5.4175e+01  5.4929e+01
7089.3169  -2.8372e+01  5.0426e+01
7090.5674  9.6698e+01  5.1650e+01
7091.8179  1.4896e+00  4.9076e+01
7093.0679  -3.9613e+01  4.9446e+01
7094.3184  -4.6871e+01  4.9620e+01
7095.5688  -8.8049e+01  4.8298e+01
7096.8188  -8.0124e+01  4.0618e+01
7098.0693  -3.2815e+01  3.8175e+01
7099.3198  -3.1445e+01  4.3396e+01
7100.5698  -1.0274e+02  4.4233e+01
7101.8203  -1.1412e+01  4.2601e+01
7103.0708  3.2658e+01  5.4874e+01
7104.3208  -6.6946e+01  4.1769e+01
7105.5713  -1.0875e+02  4.5938e+01
7106.8218  7.4516e+00  4.1574e+01
7108.0718  7.3306e+01  3.8765e+01
7109.3223  2.9898e+01  4.7181e+01
7110.5728  4.0365e+01  4.1933e+01
7111.8232  -2.0865e+01  4.1922e+01
7113.0732  -4.5608e+01  4.1442e+01
7114.3237  5.9623e+01  4.0642e+01
7115.5742  -1.2797e+00  4.0509e+01
7116.8242  -2.7792e+01  3.7689e+01
7118.0747  4.1230e+01  4.0057e+01
7119.3252  -4.7109e+01  4.6420e+01
7120.5752  -5.3640e+01  3.7125e+01
7121.8257  -1.1138e+02  4.9270e+01
7123.0762  -2.9020e+00  3.8192e+01
7124.3262  4.1568e+01  3.6959e+01
7125.5767  -3.4638e+01  3.6850e+01
7126.8271  -5.0997e+00  5.1467e+01
7128.0776  -1.1655e+01  4.7578e+01
7129.3276  -1.4507e+00  4.6829e+01
7130.5781  -4.0570e+01  4.1185e+01
7131.8286  4.5529e+01  4.7070e+01
7133.0786  4.6959e+01  5.1338e+01
7134.3291  -1.4200e+01  5.5791e+01
