# SNR 10.4724
# Quality c
# flux_factor = 1.e-20
4836.2661  2.6227e+01  1.2652e+02
4837.5166  1.1804e+02  1.1194e+02
4838.7666  9.6532e+01  1.1567e+02
4840.0171  2.4762e+02  1.4986e+02
4841.2676  1.0235e+02  1.5290e+02
4842.5176  -1.5984e+02  1.3356e+02
4843.7681  -6.2149e+01  1.1940e+02
4845.0186  -6.3036e+01  1.3810e+02
4846.2686  4.3755e+01  1.6151e+02
4847.5190  -8.4914e+01  1.2733e+02
4848.7695  -1.6394e+02  1.3408e+02
4850.0195  -1.8761e+01  1.0725e+02
4851.2700  -8.5869e+01  1.4605e+02
4852.5205  -6.4766e+01  1.2250e+02
4853.7705  -1.2171e+02  1.3500e+02
4855.0210  -7.6606e+01  1.0730e+02
4856.2715  7.9702e+01  1.2911e+02
4857.5215  -2.3968e+02  1.0481e+02
4858.7720  -5.9731e+01  1.0394e+02
4860.0225  -2.7872e+02  1.2200e+02
4861.2725  -1.0662e+02  1.3674e+02
4862.5229  -2.7355e+01  1.1559e+02
4863.7734  -1.3825e+02  1.2110e+02
4865.0234  -3.3341e+01  1.2375e+02
4866.2739  8.7433e+01  1.2205e+02
4867.5244  3.5764e+01  1.1565e+02
4868.7749  7.3787e+01  1.2444e+02
4870.0249  -1.0474e+02  1.2191e+02
4871.2754  -1.5302e+02  1.1044e+02
4872.5259  -5.0477e+01  1.3097e+02
4873.7759  7.6972e+01  1.1770e+02
4875.0264  1.0186e+02  1.3621e+02
4876.2769  -1.2956e+02  1.0376e+02
4877.5269  -9.6415e+01  1.2712e+02
4878.7773  6.4017e+01  1.0571e+02
4880.0278  9.4810e+00  1.3402e+02
4881.2778  -3.5743e+01  1.0490e+02
4882.5283  6.3095e+01  1.3605e+02
4883.7788  -2.0323e+02  1.0696e+02
4885.0288  -1.7155e+02  1.1864e+02
4886.2793  2.0452e+01  1.0508e+02
4887.5298  -6.9093e+01  1.2656e+02
4888.7798  1.1879e+02  1.2145e+02
4890.0303  5.3300e+00  1.6009e+02
4891.2808  -1.4152e+02  1.2891e+02
4892.5308  -1.1495e+02  1.1689e+02
4893.7812  -2.0852e+02  1.2310e+02
4895.0317  -3.3927e+02  1.4629e+02
4896.2817  -8.0957e+01  1.4613e+02
4897.5322  2.4701e+01  1.0645e+02
4898.7827  1.2257e+02  1.3442e+02
4900.0332  4.4388e-01  9.9893e+01
4901.2832  -4.8148e+01  1.3198e+02
4902.5337  2.8311e+01  1.0638e+02
4903.7842  2.4906e+02  1.0601e+02
4905.0342  2.4190e+01  1.2317e+02
4906.2847  3.0642e+01  1.0663e+02
4907.5352  -1.7605e+01  1.2035e+02
4908.7852  -9.5505e+01  1.0412e+02
4910.0356  -2.3133e+02  1.3142e+02
4911.2861  -1.6953e+02  1.1776e+02
4912.5361  -1.2026e+02  1.2835e+02
4913.7866  2.4505e+01  1.1641e+02
4915.0371  2.8982e+02  1.3101e+02
4916.2871  6.9269e+02  1.1695e+02
4917.5376  8.4271e+02  1.5379e+02
4918.7881  6.1746e+02  1.1991e+02
4920.0381  5.4279e+02  9.6069e+01
4921.2886  4.1848e+02  1.2112e+02
4922.5391  2.7220e+02  1.0793e+02
4923.7891  -1.1321e+02  1.0027e+02
4925.0396  -4.1101e+01  1.1370e+02
4926.2900  4.3278e+01  1.2251e+02
4927.5400  -8.7614e+01  1.1201e+02
4928.7905  1.8920e+01  1.2596e+02
4930.0410  -9.3537e+01  1.5877e+02
4931.2915  5.7024e+01  1.1532e+02
4932.5415  -2.9647e+01  1.1664e+02
4933.7920  -5.9897e+01  1.0298e+02
4935.0425  -9.7130e+01  1.1749e+02
4936.2925  7.8455e+01  1.2136e+02
4937.5430  2.2783e-01  1.2279e+02
4938.7935  -5.6092e+01  1.1205e+02
4940.0435  -6.2075e+01  1.1423e+02
4941.2939  7.5395e+01  1.0154e+02
4942.5444  -1.9868e+01  1.0631e+02
4943.7944  6.9596e+01  1.2031e+02
4945.0449  -9.8988e+01  1.0331e+02
4946.2954  -3.9201e+01  1.3222e+02
4947.5454  -4.3690e+01  1.1940e+02
4948.7959  -9.9718e+01  1.2002e+02
4950.0464  2.2502e+01  9.7796e+01
4951.2964  2.7029e+02  1.1575e+02
4952.5469  -1.3863e+02  1.1312e+02
4953.7974  1.2098e+01  1.1884e+02
4955.0474  -1.4717e+02  1.3154e+02
4956.2979  -9.1245e+00  1.0591e+02
4957.5483  -1.7885e+02  1.2484e+02
4958.7983  -3.8048e+01  1.1290e+02
4960.0488  4.3098e+01  1.3461e+02
4961.2993  -5.3739e+01  1.3443e+02
4962.5498  -5.1556e+01  1.2605e+02
4963.7998  3.1321e+01  1.0329e+02
4965.0503  -1.0096e+02  9.9950e+01
4966.3008  -1.3743e+02  1.0695e+02
4967.5508  -1.7989e+02  1.0810e+02
4968.8013  -8.5993e+01  1.1755e+02
4970.0518  1.3975e+02  1.3565e+02
4971.3018  -2.3361e+01  1.1544e+02
4972.5522  -9.0009e+01  1.0797e+02
4973.8027  -1.6443e+02  1.1320e+02
4975.0527  -8.6299e+01  1.2614e+02
4976.3032  -3.1987e+01  1.5369e+02
4977.5537  -3.9943e+00  1.1825e+02
4978.8037  4.4270e+00  1.2420e+02
4980.0542  -9.2279e+01  1.0561e+02
4981.3047  1.6488e+02  1.2438e+02
4982.5547  -3.1515e+01  1.2267e+02
4983.8052  -1.7259e+02  1.1160e+02
4985.0557  -2.8570e+01  1.1776e+02
4986.3057  3.0943e+01  1.0859e+02
4987.5562  7.1327e+01  9.8654e+01
4988.8066  -1.9285e+02  1.4922e+02
4990.0566  -1.2939e+01  1.1603e+02
4991.3071  4.0211e+01  1.2394e+02
4992.5576  -6.0580e+01  1.3460e+02
4993.8081  -5.9968e+01  1.0832e+02
4995.0581  2.5912e+01  1.0497e+02
4996.3086  -7.6166e+01  9.9022e+01
4997.5591  1.6675e+02  1.2073e+02
4998.8091  3.9053e+00  1.0286e+02
