# SNR 10.7779
# Quality c
# flux_factor = 1.e-20
5460.3857  7.5830e+01  1.2410e+02
5461.6362  2.9361e+01  1.2754e+02
5462.8862  -5.7800e+01  1.2823e+02
5464.1367  -8.5942e+01  1.2540e+02
5465.3872  -1.3883e+02  1.2243e+02
5466.6372  -4.6891e+01  1.2188e+02
5467.8877  -7.2623e+01  1.2258e+02
5469.1382  -1.9137e+02  1.2254e+02
5470.3887  2.8846e+01  1.2095e+02
5471.6387  -5.0459e+01  1.2163e+02
5472.8892  -1.9201e+02  1.2109e+02
5474.1396  -1.0077e+02  1.2111e+02
5475.3896  -2.4479e+01  1.2075e+02
5476.6401  -7.3854e+00  1.2064e+02
5477.8906  6.9590e+01  1.1957e+02
5479.1406  -1.2127e-01  1.1929e+02
5480.3911  -5.9143e+01  1.2060e+02
5481.6416  -1.4475e+02  1.2030e+02
5482.8916  -9.5403e+01  1.2078e+02
5484.1421  -1.7052e+02  1.2144e+02
5485.3926  -9.7396e+01  1.2269e+02
5486.6426  -1.0379e+02  1.2154e+02
5487.8931  6.7579e+01  1.2151e+02
5489.1436  3.5306e+01  1.2090e+02
5490.3936  -1.2040e+02  1.2056e+02
5491.6440  1.1911e+01  1.2073e+02
5492.8945  5.5434e+01  1.2022e+02
5494.1445  1.4529e+02  1.2069e+02
5495.3950  1.9399e+02  1.1942e+02
5496.6455  8.2349e+01  1.2095e+02
5497.8960  -2.5424e+01  1.2085e+02
5499.1460  -4.5567e+01  1.2118e+02
5500.3965  4.4176e+01  1.2317e+02
5501.6470  4.1303e+01  1.2299e+02
5502.8970  -3.0792e+01  1.2204e+02
5504.1475  7.7506e+01  1.2168e+02
5505.3979  -1.7150e+02  1.2083e+02
5506.6479  -4.9817e+01  1.2197e+02
5507.8984  -2.6273e+01  1.2111e+02
5509.1489  8.3946e+01  1.2166e+02
5510.3989  -7.7632e+01  1.2190e+02
5511.6494  -7.9577e+01  1.2126e+02
5512.8999  -1.0429e+02  1.2193e+02
5514.1499  -4.8291e+01  1.1950e+02
5515.4004  1.6062e+02  1.2080e+02
5516.6509  9.4896e+01  1.2227e+02
5517.9009  8.9787e+01  1.1976e+02
5519.1514  -5.5636e+01  1.2068e+02
5520.4019  5.8206e+01  1.2109e+02
5521.6523  -3.7355e+01  1.2201e+02
5522.9023  1.0469e+02  1.2132e+02
5524.1528  -2.5820e+01  1.2087e+02
5525.4033  2.1850e+00  1.2040e+02
5526.6533  -9.3757e+01  1.2011e+02
5527.9038  -2.1868e+01  1.1948e+02
5529.1543  -3.3517e+01  1.1883e+02
5530.4043  -4.2709e+01  1.1852e+02
5531.6548  6.4457e+00  1.1976e+02
5532.9053  -8.0481e+01  1.1965e+02
5534.1553  -4.9738e+01  1.1968e+02
5535.4058  1.1412e+02  1.1940e+02
5536.6562  1.3905e+02  1.1935e+02
5537.9062  1.2293e+01  1.2121e+02
5539.1567  -6.0804e+00  1.1941e+02
5540.4072  8.3936e+01  1.1985e+02
5541.6572  1.5039e+02  1.2024e+02
5542.9077  2.7931e+01  1.2335e+02
5544.1582  -2.0196e+02  1.2546e+02
5545.4087  4.9942e+01  1.2771e+02
5546.6587  -1.4668e+02  1.2697e+02
5547.9092  5.3573e+01  1.2354e+02
5549.1597  -3.9391e+01  1.2111e+02
5550.4097  2.7344e+02  1.2233e+02
5551.6602  7.6676e+02  1.2351e+02
5552.9106  7.2517e+02  1.2092e+02
5554.1606  3.2069e+02  1.2050e+02
5555.4111  2.6958e+02  1.1987e+02
5556.6616  1.8817e+02  1.2113e+02
5557.9116  -1.5105e+02  1.2074e+02
5559.1621  2.4597e+01  1.2081e+02
5560.4126  2.3407e+01  1.2074e+02
5561.6626  5.9516e+01  1.2031e+02
5562.9131  -3.8980e+01  1.2022e+02
5564.1636  -3.1053e+01  1.2466e+02
5565.4136  -4.7598e+01  1.3006e+02
5566.6641  -6.1669e+01  1.2828e+02
5567.9146  -1.1348e+02  1.2259e+02
5569.1650  2.6928e+00  1.2143e+02
5570.4150  -1.7539e+02  1.2255e+02
5571.6655  -1.6870e+02  1.2354e+02
5572.9160  -1.1852e+02  1.2323e+02
5574.1660  -1.7900e+02  1.1768e+02
5575.4165  3.2284e+01  1.4930e+02
5576.6670  -7.8300e-01  3.3144e+02
5577.9170  1.0653e+00  8.8921e+02
5579.1675  -3.4564e+00  1.2097e+03
5580.4180  -6.9298e+00  9.1696e+02
5581.6680  5.2379e+00  3.2801e+02
5582.9185  -1.3803e+02  1.3194e+02
5584.1689  -2.1244e+02  1.1899e+02
5585.4189  -2.6872e+02  1.2018e+02
5586.6694  -2.4688e+02  1.1947e+02
5587.9199  -1.3578e+02  1.1791e+02
5589.1699  -2.1827e+01  1.1976e+02
5590.4204  -8.0985e+01  1.2549e+02
5591.6709  -1.1963e+02  1.2565e+02
5592.9214  -3.7099e+01  1.1837e+02
5594.1714  2.6570e+01  1.1706e+02
5595.4219  9.8899e+01  1.1725e+02
5596.6724  -4.7220e+01  1.1724e+02
5597.9224  9.1562e+01  1.1835e+02
5599.1729  5.0235e+00  1.2029e+02
5600.4233  -1.3565e+02  1.2091e+02
5601.6733  6.9596e+01  1.1800e+02
5602.9238  4.5086e+01  1.1773e+02
5604.1743  -1.1636e+02  1.1739e+02
5605.4243  -6.7724e+01  1.2090e+02
5606.6748  3.2069e+01  1.2872e+02
5607.9253  -3.8575e+01  1.2604e+02
5609.1753  1.5899e+02  1.1936e+02
5610.4258  1.3349e+02  1.1831e+02
5611.6763  -1.8921e+01  1.1770e+02
5612.9263  1.2611e+02  1.1747e+02
5614.1768  3.5216e+01  1.1741e+02
5615.4272  1.2123e+02  1.1845e+02
5616.6777  7.1804e-01  1.1585e+02
5617.9277  -8.0993e+01  1.1686e+02
5619.1782  -4.6427e+01  1.1974e+02
5620.4287  -9.7337e+01  1.1753e+02
5621.6787  -3.8221e+01  1.1604e+02
5622.9292  -2.0567e+02  1.1648e+02
5624.1797  -8.3104e+01  1.1945e+02
5625.4297  2.2071e+02  1.2468e+02
5626.6802  1.1584e+02  1.2139e+02
5627.9307  -1.1688e+02  1.1562e+02
5629.1807  1.3373e+02  1.1471e+02
5630.4312  6.8894e+01  1.1542e+02
5631.6816  7.3725e+01  1.1561e+02
5632.9316  -1.4167e+02  1.1642e+02
5634.1821  -1.1316e+02  1.1684e+02
5635.4326  1.0757e+01  1.1559e+02
5636.6826  -1.4129e+02  1.1495e+02
5637.9331  4.4547e+01  1.1543e+02
5639.1836  -1.0384e+02  1.1559e+02
5640.4341  -6.6562e+01  1.1684e+02
5641.6841  -1.6045e+02  1.1786e+02
5642.9346  -2.8298e+01  1.1587e+02
5644.1851  -6.2728e+01  1.1537e+02
