# SNR 8.5558
# Quality c
# flux_factor = 1.e-20
5296.3882  7.9408e+01  8.9214e+01
5297.6387  2.1212e+01  1.2199e+02
5298.8892  -3.6375e+01  9.4267e+01
5300.1392  -2.6355e+01  9.9409e+01
5301.3896  -1.5498e+02  1.0921e+02
5302.6401  -3.3844e+01  9.0774e+01
5303.8906  1.6884e+02  1.0944e+02
5305.1406  -1.3670e+00  9.0256e+01
5306.3911  -4.4388e+00  9.0607e+01
5307.6416  -6.0197e+01  8.4085e+01
5308.8916  5.7246e+01  9.2668e+01
5310.1421  7.4995e+01  8.2834e+01
5311.3926  -6.1673e+00  8.3058e+01
5312.6426  -9.2705e+01  8.9863e+01
5313.8931  4.8019e+01  8.5847e+01
5315.1436  -6.8337e+01  9.2503e+01
5316.3936  8.0513e+01  9.4385e+01
5317.6440  1.7531e+01  1.0783e+02
5318.8945  1.4574e+02  9.7521e+01
5320.1445  2.6432e+02  9.0835e+01
5321.3950  1.3512e+02  9.6393e+01
5322.6455  1.0059e+02  1.0298e+02
5323.8955  -6.0724e+01  1.0876e+02
5325.1460  3.6329e+01  1.0182e+02
5326.3965  1.2468e+02  9.4397e+01
5327.6470  3.5578e+01  8.7567e+01
5328.8970  -9.7167e+01  1.0026e+02
5330.1475  1.9003e+01  1.0651e+02
5331.3979  1.0243e+02  1.1268e+02
5332.6479  -5.0638e+01  1.0221e+02
5333.8984  2.0926e+02  9.8693e+01
5335.1489  2.4705e+02  9.9018e+01
5336.3989  1.6414e+02  1.0084e+02
5337.6494  8.6970e+01  1.0803e+02
5338.8999  4.0415e+01  9.1736e+01
5340.1499  -1.1982e+02  9.6340e+01
5341.4004  4.5382e+01  9.1993e+01
5342.6509  -2.9594e+01  1.1388e+02
5343.9009  -2.2056e+01  1.0177e+02
5345.1514  1.3194e+01  1.0847e+02
5346.4019  -1.1439e+02  9.4707e+01
5347.6519  -4.2093e+01  8.4724e+01
5348.9023  8.9799e+00  9.2540e+01
5350.1528  -3.3213e+01  8.9456e+01
5351.4028  8.4268e+00  1.0372e+02
5352.6533  1.3692e+02  9.6721e+01
5353.9038  1.5117e+02  8.0406e+01
5355.1543  8.4933e+01  7.9123e+01
5356.4043  -6.0818e+01  9.0127e+01
5357.6548  -4.2158e+01  9.8208e+01
5358.9053  4.8002e+01  8.1278e+01
5360.1553  1.1673e+02  9.0387e+01
5361.4058  9.0832e+00  9.0881e+01
5362.6562  1.1355e+02  8.1540e+01
5363.9062  -3.8757e+01  9.3977e+01
5365.1567  8.1161e+01  8.6797e+01
5366.4072  1.4467e+01  9.6760e+01
5367.6572  -3.5889e+01  7.7352e+01
5368.9077  -1.7311e+00  9.6681e+01
5370.1582  8.2137e+01  9.6506e+01
5371.4082  8.3813e+01  1.0167e+02
5372.6587  2.4990e+01  9.2256e+01
5373.9092  2.6990e+01  8.5990e+01
5375.1592  7.7120e+01  1.1124e+02
5376.4097  -8.1566e+01  1.0250e+02
5377.6602  -3.5020e+01  7.9816e+01
5378.9106  7.8641e+01  7.7089e+01
5380.1606  3.8878e+01  9.9576e+01
5381.4111  3.0417e+00  1.1091e+02
5382.6616  3.4513e+02  1.0079e+02
5383.9116  5.0952e+02  9.2672e+01
5385.1621  5.4686e+02  9.9984e+01
5386.4126  5.5591e+02  8.8615e+01
5387.6626  2.7655e+02  9.1809e+01
5388.9131  1.7691e+02  7.7040e+01
5390.1636  1.6883e+02  7.8483e+01
5391.4136  7.5931e+01  8.0447e+01
5392.6641  -3.0438e+01  8.5865e+01
5393.9146  2.9002e+01  1.0145e+02
5395.1646  -1.6144e+02  8.0513e+01
5396.4150  -1.0273e+02  8.5527e+01
5397.6655  7.1488e+01  7.9112e+01
5398.9155  -1.8064e+02  9.6576e+01
5400.1660  8.1873e+01  8.6401e+01
5401.4165  9.0103e+01  9.0720e+01
5402.6665  2.4180e+02  1.0252e+02
5403.9170  4.0824e+01  8.2069e+01
5405.1675  -1.3807e+01  8.2478e+01
5406.4180  2.0423e+02  8.3110e+01
5407.6680  3.7122e+01  9.0716e+01
5408.9185  6.6521e+01  8.6104e+01
5410.1689  -9.6663e+01  9.7046e+01
5411.4189  -1.1558e+02  8.0450e+01
5412.6694  4.0965e+01  7.8971e+01
5413.9199  -6.9722e+01  1.0101e+02
5415.1699  -5.1241e+01  8.2999e+01
5416.4204  8.8360e+01  8.7903e+01
5417.6709  3.3842e+00  9.3223e+01
5418.9209  6.7913e+01  8.0525e+01
5420.1714  7.4716e+01  9.6971e+01
5421.4219  3.7797e+01  9.9038e+01
5422.6719  7.5230e+01  8.0238e+01
5423.9224  -3.9281e+01  9.5971e+01
5425.1729  6.7470e+01  7.7228e+01
5426.4229  -7.5716e+01  7.7923e+01
5427.6733  -1.2661e+02  1.0323e+02
5428.9238  2.3111e+01  8.0247e+01
5430.1743  -5.2578e+01  8.6426e+01
5431.4243  -1.5291e+00  7.7993e+01
5432.6748  2.7954e+01  8.6374e+01
5433.9253  3.6452e+01  7.6509e+01
5435.1753  3.8604e+01  9.1377e+01
5436.4258  8.5712e+01  8.6834e+01
5437.6763  2.1354e+02  8.1155e+01
5438.9263  6.5251e+01  8.2501e+01
5440.1768  7.2436e+01  8.3455e+01
5441.4272  1.2846e+02  8.6120e+01
5442.6772  1.0710e+02  9.1463e+01
5443.9277  1.8481e+02  8.4613e+01
5445.1782  -3.5997e+01  7.5612e+01
5446.4282  -2.7038e+01  8.2227e+01
5447.6787  -4.3055e+01  8.2306e+01
5448.9292  9.8956e+01  9.0990e+01
5450.1792  -2.0354e+01  9.0906e+01
5451.4297  4.2042e+01  7.5919e+01
5452.6802  1.1523e+02  8.0769e+01
5453.9307  1.2547e+02  8.2698e+01
5455.1807  1.4446e+02  8.2092e+01
5456.4312  4.5031e+01  7.6853e+01
5457.6816  5.0047e+01  9.1860e+01
5458.9316  9.0777e+01  1.0806e+02
5460.1821  -5.3444e+01  8.5501e+01
5461.4326  -7.1468e+01  7.9608e+01
5462.6826  1.5254e+02  8.2397e+01
5463.9331  -7.0883e+00  7.7670e+01
5465.1836  2.7636e+01  9.0407e+01
5466.4336  6.2599e+01  7.7119e+01
5467.6841  5.9254e+01  7.6693e+01
5468.9346  -1.7364e+02  8.2943e+01
5470.1846  -1.0393e+02  8.5661e+01
5471.4351  1.9555e+02  7.6349e+01
5472.6855  1.1419e+02  8.7511e+01
5473.9355  8.4830e+00  9.1747e+01
