# SNR 8.5574
# Quality c
# flux_factor = 1.e-20
5490.0039  -5.3415e+01  6.4466e+01
5491.2544  1.4134e+00  5.7842e+01
5492.5049  -1.2131e+02  5.4675e+01
5493.7549  -1.9348e+01  6.5726e+01
5495.0054  -1.2126e+02  5.3416e+01
5496.2559  -4.3392e+01  6.4751e+01
5497.5059  7.3447e-01  5.6241e+01
5498.7563  -1.5168e+02  6.1214e+01
5500.0068  -4.0289e+01  5.4201e+01
5501.2568  2.3739e+01  5.1144e+01
5502.5073  3.1191e+00  5.1709e+01
5503.7578  -6.9432e+01  5.0206e+01
5505.0078  -4.0140e+01  5.2731e+01
5506.2583  -5.5363e+01  5.1830e+01
5507.5088  -3.0949e+01  5.0721e+01
5508.7588  8.9307e+01  5.0356e+01
5510.0093  -8.3568e+01  5.0847e+01
5511.2598  -1.1355e+02  5.9378e+01
5512.5103  -8.8067e+00  6.1380e+01
5513.7603  -1.0129e+02  5.2822e+01
5515.0107  -9.6088e+01  5.0265e+01
5516.2612  -1.3550e+00  6.0728e+01
5517.5112  -6.4139e+01  5.0689e+01
5518.7617  1.7316e+01  4.9008e+01
5520.0122  1.0660e+01  5.5384e+01
5521.2622  -2.4683e+01  6.0297e+01
5522.5127  -7.9453e+01  5.8403e+01
5523.7632  -8.2240e+01  5.8049e+01
5525.0132  -8.2412e+01  5.4932e+01
5526.2637  -8.2903e+01  6.0203e+01
5527.5142  -9.1072e+01  6.6023e+01
5528.7642  2.9330e+01  4.7953e+01
5530.0146  -2.4747e+01  5.6549e+01
5531.2651  -7.7126e+01  5.5833e+01
5532.5151  -3.3550e+01  5.9169e+01
5533.7656  -4.3371e+01  5.1638e+01
5535.0161  -3.7533e+01  5.5498e+01
5536.2666  -5.3385e+01  4.7657e+01
5537.5166  -5.0837e+00  5.4870e+01
5538.7671  -3.9732e+01  5.4635e+01
5540.0176  5.1649e+00  7.6036e+01
5541.2676  1.3876e+01  5.6921e+01
5542.5181  -1.0402e+02  5.1125e+01
5543.7686  -7.7504e+01  7.2579e+01
5545.0186  4.0440e+01  6.5424e+01
5546.2690  -2.8496e+01  6.1479e+01
5547.5195  2.8242e+01  6.3477e+01
5548.7695  2.9791e+01  5.6822e+01
5550.0200  -8.0997e+00  5.6422e+01
5551.2705  -2.6323e+01  5.4711e+01
5552.5205  -3.6628e+01  6.2129e+01
5553.7710  -6.2369e+01  5.4467e+01
5555.0215  -7.2797e+01  5.5323e+01
5556.2715  -9.9556e+01  5.1626e+01
5557.5220  -7.2713e+01  5.4969e+01
5558.7725  9.0225e+00  5.4089e+01
5560.0229  3.5430e+01  4.9377e+01
5561.2729  -5.6205e+01  4.9036e+01
5562.5234  3.2510e+01  6.2587e+01
5563.7739  -8.9438e+01  6.2579e+01
5565.0239  -6.1946e+01  6.1975e+01
5566.2744  -1.3362e+02  5.7151e+01
5567.5249  -8.7597e+01  4.6596e+01
5568.7749  -9.3971e+01  5.6063e+01
5570.0254  3.2441e+01  4.9726e+01
5571.2759  8.3252e+00  5.2127e+01
5572.5259  2.2512e+01  5.7390e+01
5573.7764  1.3285e+02  6.7791e+01
5575.0269  -5.2344e+01  7.0708e+01
5576.2769  -1.4992e+01  2.0345e+02
5577.5273  -2.1885e+01  4.0508e+02
5578.7778  -2.5395e+01  4.3802e+02
5580.0278  -1.6639e+01  2.5767e+02
5581.2783  -8.3652e+01  8.6569e+01
5582.5288  5.4393e+02  7.6319e+01
5583.7793  4.6569e+02  7.0589e+01
5585.0293  2.2328e+02  5.3549e+01
5586.2798  1.3742e+02  5.5605e+01
5587.5303  1.6251e+00  5.4359e+01
5588.7803  8.2418e+01  5.6779e+01
5590.0308  4.8506e+01  6.3768e+01
5591.2812  -9.3657e+01  6.0887e+01
5592.5312  -7.5586e+01  6.5162e+01
5593.7817  -5.5347e+01  6.3166e+01
5595.0322  -5.9907e+01  6.5775e+01
5596.2822  2.1644e+01  5.5040e+01
5597.5327  -4.8351e+01  4.8408e+01
5598.7832  -4.8482e+00  5.8430e+01
5600.0332  -8.0753e+01  5.9067e+01
5601.2837  -4.0698e+01  5.4559e+01
5602.5342  2.3570e+01  5.3142e+01
5603.7842  -7.5973e+01  5.0768e+01
5605.0347  -1.9058e+02  5.4806e+01
5606.2852  2.5384e+01  6.0346e+01
5607.5356  -1.2006e+02  5.3988e+01
5608.7856  -1.4645e+02  4.9487e+01
5610.0361  -3.4705e+01  4.8014e+01
5611.2866  -1.4112e+02  4.9083e+01
5612.5366  -3.3265e+01  5.1533e+01
5613.7871  -6.7361e+01  4.8802e+01
5615.0376  -2.7004e+00  4.6981e+01
5616.2876  -7.1080e+01  5.8867e+01
5617.5381  3.3062e+00  5.1115e+01
5618.7886  4.9352e+01  5.6646e+01
5620.0386  3.6459e+01  4.8807e+01
5621.2891  -2.3136e+01  4.8255e+01
5622.5396  -7.5073e+01  4.9955e+01
5623.7896  1.4305e+01  5.7875e+01
5625.0400  -1.1133e+01  7.0629e+01
5626.2905  7.9140e+01  5.7504e+01
5627.5405  6.3912e+01  4.6214e+01
5628.7910  1.2384e+01  4.6807e+01
5630.0415  -5.2954e+01  6.3063e+01
5631.2920  -9.7094e+01  6.4806e+01
5632.5420  -6.8148e+00  5.2400e+01
5633.7925  -2.0761e+01  6.1868e+01
5635.0430  2.4687e+01  5.5561e+01
5636.2930  -6.5254e+01  5.7077e+01
5637.5435  2.4551e+01  5.3255e+01
5638.7939  4.8832e+01  4.7680e+01
5640.0439  -3.8315e+01  5.0159e+01
5641.2944  4.0728e+01  5.3325e+01
5642.5449  -3.7101e+01  5.4540e+01
5643.7949  -1.6869e+01  5.6616e+01
5645.0454  -5.6679e+01  5.8102e+01
5646.2959  -9.6193e+01  6.2309e+01
5647.5459  -9.5913e+01  4.7587e+01
5648.7964  -5.6115e+01  4.9445e+01
5650.0469  -9.3184e+01  5.9278e+01
5651.2969  -7.7034e+01  5.2234e+01
5652.5474  -6.0077e+01  5.1753e+01
5653.7979  -6.8158e+01  4.5302e+01
5655.0483  -3.8649e+01  5.5009e+01
5656.2983  -3.8216e+01  4.9820e+01
5657.5488  1.2886e+01  5.2777e+01
5658.7993  -7.5075e+01  5.1258e+01
5660.0493  -4.9179e+01  5.0696e+01
5661.2998  -7.3213e+00  4.9100e+01
5662.5503  -3.1649e+01  5.7316e+01
5663.8003  4.9818e+01  5.2443e+01
5665.0508  -9.6465e+00  5.1487e+01
5666.3013  1.0954e+01  5.8077e+01
5667.5513  1.3538e+01  4.9527e+01
5668.8018  1.9396e+00  6.0009e+01
5670.0522  -6.7363e+00  5.0562e+01
5671.3022  6.5370e+01  5.4670e+01
5672.5527  1.8356e+01  5.8992e+01
5673.8032  -3.2820e+01  5.2224e+01
5675.0532  6.4906e+01  5.5022e+01
