# SNR 11.4568
# Quality c
# flux_factor = 1.e-20
6914.0693  1.0747e+02  1.4250e+02
6915.3198  5.3789e+00  8.3128e+01
6916.5703  1.8020e+01  6.1661e+01
6917.8208  -6.9792e+01  6.1719e+01
6919.0708  5.8554e+01  6.1992e+01
6920.3213  6.0486e+01  6.2515e+01
6921.5718  8.3465e+00  6.8764e+01
6922.8218  -7.5513e+01  1.3410e+02
6924.0723  5.4213e+01  1.8596e+02
6925.3228  6.1690e+01  1.4635e+02
6926.5728  -1.5757e+01  7.1298e+01
6927.8232  -1.3337e+01  6.2254e+01
6929.0737  -1.3686e+01  6.3431e+01
6930.3237  -5.5725e+01  6.2114e+01
6931.5742  1.7650e+01  6.0551e+01
6932.8247  6.1825e+01  6.0032e+01
6934.0752  -2.3953e+00  5.9939e+01
6935.3252  -3.8959e+01  5.9849e+01
6936.5757  -3.1232e+01  5.9659e+01
6937.8262  -2.4375e+01  6.3707e+01
6939.0762  -3.0621e+01  8.8029e+01
6940.3267  6.6993e+00  1.1165e+02
6941.5771  8.0111e+01  9.7415e+01
6942.8271  1.6907e+01  6.6831e+01
6944.0776  3.9331e+01  6.0930e+01
6945.3281  -4.9043e+01  5.9593e+01
6946.5781  -6.6938e+01  6.0384e+01
6947.8286  -2.5991e+01  7.7571e+01
6949.0791  9.6007e+01  1.6545e+02
6950.3291  -9.6233e+01  1.8829e+02
6951.5796  5.2109e+01  9.9183e+01
6952.8301  -3.0517e+01  6.7577e+01
6954.0806  5.1878e+01  6.2507e+01
6955.3306  1.1503e+01  6.2137e+01
6956.5811  2.6323e+01  6.4426e+01
6957.8315  -5.1012e+01  6.4981e+01
6959.0815  -8.2339e+01  6.4475e+01
6960.3320  -1.7102e+01  6.3007e+01
6961.5825  -4.1252e+01  6.2215e+01
6962.8325  1.5094e+01  6.1668e+01
6964.0830  2.2678e+01  6.1291e+01
6965.3335  -5.7769e+00  6.1523e+01
6966.5835  1.4869e+01  6.4491e+01
6967.8340  1.5667e+01  6.4597e+01
6969.0845  -4.2726e+01  7.1101e+01
6970.3350  -3.2898e+01  9.4136e+01
6971.5850  5.2102e+01  9.2442e+01
6972.8354  -3.3917e+00  6.8445e+01
6974.0859  -3.6661e+00  6.0533e+01
6975.3359  4.7740e+01  6.0370e+01
6976.5864  -4.3352e+00  6.3907e+01
6977.8369  9.2680e+01  8.9885e+01
6979.0869  7.2883e+01  1.5023e+02
6980.3374  -1.2163e+02  1.3187e+02
6981.5879  2.8462e+01  7.0461e+01
6982.8379  -1.3336e+01  6.0837e+01
6984.0884  1.6148e+01  6.2347e+01
6985.3389  -3.5709e-01  6.1739e+01
6986.5889  -2.1216e+01  6.2565e+01
6987.8394  -6.7196e+01  6.3317e+01
6989.0898  -7.1199e+00  6.1457e+01
6990.3403  1.3652e+01  6.0344e+01
6991.5903  7.4416e+00  6.0394e+01
6992.8408  1.9099e+01  5.9891e+01
6994.0913  2.8314e+01  5.9282e+01
6995.3413  -1.4725e+01  6.0073e+01
6996.5918  4.2267e+01  6.1735e+01
6997.8423  -5.3419e+01  6.3939e+01
6999.0923  -3.9511e+01  6.1803e+01
7000.3428  5.5611e+00  6.2050e+01
7001.5933  -1.9273e+01  6.3394e+01
7002.8433  3.6998e+01  6.7675e+01
7004.0938  1.7471e+01  7.9737e+01
7005.3442  4.8761e+01  7.9661e+01
7006.5942  -9.3247e+01  6.4337e+01
7007.8447  -5.3182e+01  5.7637e+01
7009.0952  -2.2608e+00  5.8267e+01
7010.3457  -1.4169e+01  6.6056e+01
7011.5957  3.6622e+01  9.1114e+01
7012.8462  1.4498e+01  9.5848e+01
7014.0967  -5.9134e+01  7.1332e+01
7015.3467  6.0656e+00  5.7801e+01
7016.5972  1.4260e+00  5.6882e+01
7017.8477  5.1362e-01  5.6678e+01
7019.0977  7.7163e+01  5.7462e+01
7020.3481  1.3414e+02  5.8418e+01
7021.5986  8.6585e+01  5.8153e+01
7022.8486  2.3695e+02  5.7387e+01
7024.0991  1.3123e+01  5.7070e+01
7025.3496  3.8483e+01  5.7691e+01
7026.6001  -3.4225e+01  5.7014e+01
7027.8501  5.3183e+01  5.7759e+01
7029.1006  2.3537e+02  5.9021e+01
7030.3511  2.7847e+02  6.0883e+01
7031.6011  4.2127e+02  5.9723e+01
7032.8516  3.0671e+02  5.7995e+01
7034.1021  1.1660e+02  5.7787e+01
7035.3521  1.2242e+02  5.7509e+01
7036.6025  1.4058e+02  5.7801e+01
7037.8530  7.3959e+01  5.7575e+01
7039.1030  8.0829e+01  5.7331e+01
7040.3535  9.7906e+01  6.0352e+01
7041.6040  5.2168e+01  6.9114e+01
7042.8540  1.3945e+01  7.0301e+01
7044.1045  9.3807e+01  6.1412e+01
7045.3550  6.4145e+01  6.1184e+01
7046.6055  -5.8088e+01  6.8818e+01
7047.8555  -1.1682e+01  8.0770e+01
7049.1060  6.3961e+01  9.0157e+01
7050.3564  -7.0951e+01  8.1099e+01
7051.6064  -4.6987e+01  7.2649e+01
7052.8569  -9.6192e+00  7.0119e+01
7054.1074  7.4660e+01  6.7384e+01
7055.3574  1.8924e+00  6.5454e+01
7056.6079  -2.9073e+00  6.2657e+01
7057.8584  -3.0402e+01  5.9988e+01
7059.1084  -3.0664e+01  5.8506e+01
7060.3589  -8.9348e+00  5.9895e+01
7061.6094  3.0570e+01  6.3005e+01
7062.8599  8.6218e+01  6.4062e+01
7064.1099  -1.2674e+01  6.7362e+01
7065.3604  5.8638e+01  6.5693e+01
7066.6108  4.3192e+01  6.6931e+01
7067.8608  1.4145e-01  6.8422e+01
7069.1113  -5.4313e+01  6.5437e+01
7070.3618  -6.5171e+01  6.6726e+01
7071.6118  -9.2586e+00  6.7044e+01
7072.8623  -2.0591e+01  6.2214e+01
7074.1128  8.6653e+00  6.5201e+01
7075.3628  -2.0709e+01  6.6957e+01
7076.6133  -2.1249e+01  6.1849e+01
7077.8638  3.9166e+01  6.2719e+01
7079.1138  -1.4528e+01  6.6850e+01
7080.3643  4.4096e+01  6.4140e+01
7081.6147  1.6086e+01  6.2566e+01
7082.8652  -3.5062e+00  7.0903e+01
7084.1152  1.6579e+01  7.0855e+01
7085.3657  -4.8828e+00  6.1043e+01
7086.6162  5.0571e+01  5.9707e+01
7087.8662  1.9781e+01  6.6010e+01
7089.1167  5.1717e+01  7.4555e+01
7090.3672  1.9543e+01  7.3383e+01
7091.6172  5.0938e+01  6.6197e+01
7092.8677  5.1485e+00  6.3385e+01
7094.1182  4.2702e+01  6.1031e+01
7095.3682  2.2414e+01  5.8895e+01
7096.6187  -2.8445e+01  5.8607e+01
7097.8691  5.1485e+01  5.8807e+01
7099.1196  -2.8081e+01  5.8261e+01
7100.3696  5.2710e+01  5.8231e+01
7101.6201  6.5843e+01  5.8833e+01
7102.8706  1.2801e+02  5.9098e+01
7104.1206  3.8469e+00  5.9164e+01
7105.3711  -7.0088e+01  5.8725e+01
7106.6216  7.0544e+01  5.8191e+01
7107.8716  6.5181e+01  5.7782e+01
7109.1221  -1.8036e+01  5.9509e+01
7110.3726  2.7097e+01  5.9412e+01
7111.6226  1.0924e+02  5.9121e+01
7112.8730  -1.4622e+01  5.9157e+01
7114.1235  4.1870e+01  5.8751e+01
7115.3735  3.2327e+01  5.7688e+01
7116.6240  -1.9369e+01  5.7663e+01
7117.8745  -1.3952e+01  5.8801e+01
7119.1250  1.1375e+01  5.8276e+01
7120.3750  -1.6530e+01  5.7327e+01
7121.6255  8.8282e+01  5.7387e+01
7122.8760  2.0164e+01  5.7754e+01
7124.1260  -2.8357e+01  5.8167e+01
7125.3765  1.2276e+01  5.7912e+01
7126.6270  4.3656e+01  6.0402e+01
7127.8770  8.4103e+01  6.6825e+01
7129.1274  9.3370e+01  6.6895e+01
7130.3779  1.6923e+01  6.0543e+01
7131.6279  -2.7775e+00  5.9468e+01
7132.8784  3.9756e+00  6.4848e+01
7134.1289  2.0051e+01  6.7916e+01
7135.3794  -1.8967e+01  6.2044e+01
7136.6294  5.0949e+01  5.8011e+01
7137.8799  1.1280e+00  5.7371e+01
7139.1304  -8.6525e+01  5.7477e+01
7140.3804  6.9943e+00  5.7504e+01
7141.6309  1.1265e+01  6.2864e+01
7142.8813  -1.2443e+01  6.8989e+01
7144.1313  -1.5164e+01  7.3361e+01
7145.3818  -2.6381e+01  7.3133e+01
7146.6323  -3.7683e+01  7.1718e+01
7147.8823  3.4356e+01  6.9915e+01
