# SNR 12.9475
# Quality c
# flux_factor = 1.e-20
5147.4292  -2.1386e+01  7.2421e+01
5148.6797  5.1837e+01  7.7880e+01
5149.9302  -7.1365e+01  6.7296e+01
5151.1802  -2.4607e+01  8.0903e+01
5152.4307  -1.1458e+00  9.4031e+01
5153.6812  4.1639e+01  7.1535e+01
5154.9312  6.6630e+01  7.2046e+01
5156.1816  1.5539e+02  6.8875e+01
5157.4321  -4.1234e+01  7.1931e+01
5158.6821  -5.0803e+01  1.0172e+02
5159.9326  -8.1189e+01  7.6022e+01
5161.1831  -3.5637e+01  7.6335e+01
5162.4331  -1.5080e+02  7.7103e+01
5163.6836  -4.7801e+01  7.1864e+01
5164.9341  -4.0119e+01  7.5083e+01
5166.1841  1.8836e+01  7.0306e+01
5167.4346  -1.0727e+02  7.7057e+01
5168.6851  -8.4586e+01  7.1281e+01
5169.9351  -6.2073e+01  6.0509e+01
5171.1855  -4.7882e+01  7.4683e+01
5172.4360  2.1221e+01  8.2647e+01
5173.6865  1.3622e+01  6.6434e+01
5174.9365  4.0260e+01  7.3233e+01
5176.1870  1.1345e+02  6.9214e+01
5177.4375  -1.4525e+02  8.9752e+01
5178.6875  3.1000e+01  6.4628e+01
5179.9380  -6.5154e+01  7.5574e+01
5181.1885  -2.1650e+01  6.8152e+01
5182.4385  4.2947e+01  8.2735e+01
5183.6890  -5.2092e+01  6.2585e+01
5184.9395  1.9141e+01  7.1219e+01
5186.1895  1.8713e+01  6.9034e+01
5187.4399  -4.5725e+01  6.3832e+01
5188.6904  1.6796e+01  7.1615e+01
5189.9404  1.2007e+02  8.1364e+01
5191.1909  8.9939e+01  8.7466e+01
5192.4414  4.2071e+01  8.1588e+01
5193.6914  -8.7410e+01  6.8699e+01
5194.9419  1.5677e+00  6.1233e+01
5196.1924  4.7760e+01  8.3879e+01
5197.4424  -1.3221e+02  7.1404e+01
5198.6929  -9.3215e+01  8.6872e+01
5199.9434  -5.5620e+01  7.6903e+01
5201.1938  7.6761e+01  8.1128e+01
5202.4438  -9.0054e+00  7.5252e+01
5203.6943  3.9857e+01  8.1128e+01
5204.9448  9.0819e+01  6.9775e+01
5206.1948  -4.5013e+01  6.0300e+01
5207.4453  -1.0628e+02  8.0671e+01
5208.6958  -2.4874e+01  6.9772e+01
5209.9458  -3.0857e+01  7.0240e+01
5211.1963  3.0115e+01  8.4833e+01
5212.4468  -2.5427e+00  6.2157e+01
5213.6968  -3.0429e+00  7.4657e+01
5214.9473  -2.1412e+01  7.9037e+01
5216.1978  2.4743e+01  8.2865e+01
5217.4478  4.0486e+01  7.0550e+01
5218.6982  4.9809e+01  8.1384e+01
5219.9487  -2.5228e+01  6.6105e+01
5221.1987  7.5179e+01  6.4099e+01
5222.4492  5.3303e+01  7.9023e+01
5223.6997  2.0857e+01  8.0931e+01
5224.9497  -1.0876e+01  6.8802e+01
5226.2002  -1.2045e-01  6.4916e+01
5227.4507  9.2819e+01  5.9299e+01
5228.7012  6.4932e+01  6.2023e+01
5229.9512  -2.9480e+01  6.6696e+01
5231.2017  2.1617e+02  7.0744e+01
5232.4521  4.9345e+02  7.8708e+01
5233.7021  7.3249e+02  6.0942e+01
5234.9526  5.3444e+02  7.4258e+01
5236.2031  4.9232e+02  8.5981e+01
5237.4531  2.7252e+02  7.5748e+01
5238.7036  2.6798e+02  7.6889e+01
5239.9541  1.7831e+02  8.0876e+01
5241.2041  1.1739e+01  6.5193e+01
5242.4546  1.6709e+02  7.0445e+01
5243.7051  8.5113e+01  8.5097e+01
5244.9551  -1.6799e+01  7.2319e+01
5246.2056  3.2107e+01  5.8937e+01
5247.4561  -7.0962e+00  7.9533e+01
5248.7061  -4.4999e+01  7.3534e+01
5249.9565  6.1157e+01  7.0965e+01
5251.2070  -2.6302e+01  8.6142e+01
5252.4570  6.0023e+01  7.2000e+01
5253.7075  2.0113e+01  8.2653e+01
5254.9580  -1.1915e+02  6.9045e+01
5256.2085  -1.9608e+02  6.8423e+01
5257.4585  -7.0542e+01  8.1087e+01
5258.7090  1.2807e+01  7.7171e+01
5259.9595  3.8328e+01  6.4934e+01
5261.2095  1.6212e+01  5.8781e+01
5262.4600  -8.3010e+01  6.3860e+01
5263.7104  1.8946e+01  6.7321e+01
5264.9604  -5.2323e+01  6.5257e+01
5266.2109  1.4427e+01  5.7044e+01
5267.4614  5.3307e+01  6.1232e+01
5268.7114  3.7545e+01  6.3933e+01
5269.9619  2.7699e+01  7.2070e+01
5271.2124  8.5092e-01  6.9687e+01
5272.4624  -1.3007e+02  6.2185e+01
5273.7129  -3.4832e+01  7.7985e+01
5274.9634  5.2228e+01  7.3376e+01
5276.2134  5.9664e+01  7.7940e+01
5277.4639  -5.3788e+01  8.6981e+01
5278.7144  4.8561e+01  8.1000e+01
5279.9644  -2.8087e+01  6.7078e+01
5281.2148  3.2667e+01  6.7024e+01
5282.4653  4.3574e+00  6.9090e+01
5283.7158  1.5060e+01  6.1896e+01
5284.9658  7.2839e+01  7.1625e+01
5286.2163  1.1364e+02  7.2161e+01
5287.4668  5.9366e+01  6.2399e+01
5288.7168  3.0570e+01  7.8265e+01
5289.9673  1.2046e+02  7.4031e+01
5291.2178  -4.8113e+01  6.8802e+01
5292.4678  2.0374e+01  7.2817e+01
5293.7183  1.1745e+01  5.9907e+01
5294.9688  2.0550e+01  7.9807e+01
5296.2188  -4.5286e+01  6.2338e+01
5297.4692  -7.7336e+01  6.6654e+01
5298.7197  -3.3432e+01  8.0191e+01
5299.9697  -7.7785e+01  6.9667e+01
5301.2202  -3.0803e+01  6.5894e+01
5302.4707  -3.6307e+01  7.2540e+01
5303.7207  4.5062e+01  6.5676e+01
5304.9712  -5.2128e+01  6.3709e+01
5306.2217  7.9146e+01  6.4780e+01
5307.4717  7.3572e+01  6.8422e+01
5308.7222  -1.1456e+02  6.6753e+01
5309.9727  -1.6370e+01  6.3450e+01
5311.2231  1.9633e+00  6.5418e+01
5312.4731  -1.1090e+02  6.0988e+01
5313.7236  -4.3855e+01  6.1499e+01
5314.9741  -4.9475e+00  6.0797e+01
5316.2241  3.0381e+01  6.6330e+01
5317.4746  7.9021e+00  7.8391e+01
5318.7251  -6.6904e+00  5.8649e+01
5319.9751  5.6138e+01  7.4679e+01
