# SNR 12.3117
# Quality c
# flux_factor = 1.e-20
6054.0386  1.6308e+02  6.8212e+01
6055.2891  -7.5437e+01  7.9187e+01
6056.5396  -5.3021e+01  9.1991e+01
6057.7896  -1.5635e+00  6.9452e+01
6059.0400  -4.1594e+01  7.1880e+01
6060.2905  -5.7878e+01  7.2558e+01
6061.5405  -4.0095e+01  7.8821e+01
6062.7910  7.6758e+01  6.7339e+01
6064.0415  -3.1540e+01  7.1562e+01
6065.2915  -1.8360e+01  6.5123e+01
6066.5420  -7.7667e+01  6.3412e+01
6067.7925  5.6345e+01  7.5134e+01
6069.0430  -3.9407e+01  6.8905e+01
6070.2930  2.6437e+01  7.0966e+01
6071.5435  5.8953e+00  6.4866e+01
6072.7939  2.5885e+01  6.5566e+01
6074.0439  5.5917e+01  6.3908e+01
6075.2944  2.8404e+01  6.8834e+01
6076.5449  -4.3579e+01  6.4482e+01
6077.7949  -1.2863e+00  6.6131e+01
6079.0454  -1.0812e+02  6.7537e+01
6080.2959  4.1440e+01  7.0086e+01
6081.5459  2.8838e+01  7.4722e+01
6082.7964  2.1553e+02  6.3673e+01
6084.0469  4.4088e+00  6.5584e+01
6085.2969  -3.8566e+01  7.0785e+01
6086.5474  -1.5981e+01  6.3044e+01
6087.7979  -6.2349e+00  7.9520e+01
6089.0483  8.1765e+01  6.9232e+01
6090.2983  -7.9046e+01  7.9603e+01
6091.5488  -5.1044e+01  8.1708e+01
6092.7993  -3.5027e+01  7.2986e+01
6094.0493  3.6285e+01  6.4017e+01
6095.2998  -5.3177e+01  6.4742e+01
6096.5503  -1.3781e+02  7.6179e+01
6097.8003  5.4918e+00  6.7613e+01
6099.0508  -1.2512e+02  6.5341e+01
6100.3013  -1.9487e+01  6.6755e+01
6101.5513  1.2405e+02  6.7161e+01
6102.8018  -5.4402e+01  6.4133e+01
6104.0522  -1.2115e+02  6.4767e+01
6105.3022  -2.7406e+00  7.5755e+01
6106.5527  2.0850e+01  6.7083e+01
6107.8032  1.4859e+01  7.0779e+01
6109.0537  1.2031e+02  7.3731e+01
6110.3037  1.0877e+02  7.7569e+01
6111.5542  -4.4721e+01  6.9987e+01
6112.8047  -4.6895e+00  6.5667e+01
6114.0547  -7.3327e+01  6.3683e+01
6115.3052  -7.2439e+01  7.2444e+01
6116.5557  -1.6813e+01  6.2716e+01
6117.8057  -7.0842e+00  6.1688e+01
6119.0562  -6.2869e-01  6.2988e+01
6120.3066  1.1243e+01  6.3199e+01
6121.5566  -5.3976e+01  6.5787e+01
6122.8071  -4.3562e+01  7.8073e+01
6124.0576  3.5217e+01  6.3753e+01
6125.3076  1.2517e+01  6.1569e+01
6126.5581  6.0587e+00  6.3166e+01
6127.8086  -1.4619e+02  8.2634e+01
6129.0586  -1.7232e+02  6.1216e+01
6130.3091  -4.0253e+01  6.5647e+01
6131.5596  -2.7661e+01  7.4334e+01
6132.8101  2.9525e+01  6.6318e+01
6134.0601  2.0348e+01  6.7681e+01
6135.3105  1.4528e+01  7.2574e+01
6136.5610  1.2733e+01  6.7632e+01
6137.8110  -2.5888e+01  8.6352e+01
6139.0615  -3.2746e+01  6.9362e+01
6140.3120  1.2990e+02  7.8247e+01
6141.5620  8.0541e+01  7.0909e+01
6142.8125  1.3125e+02  7.9371e+01
6144.0630  2.7961e+02  7.1586e+01
6145.3130  5.2492e+01  7.6056e+01
6146.5635  1.3507e+02  8.5512e+01
6147.8140  1.8308e+01  6.9276e+01
6149.0640  -6.9990e-01  6.8424e+01
6150.3145  -5.6729e+01  6.1323e+01
6151.5649  -2.7719e+01  6.8606e+01
6152.8154  5.2583e+01  6.3326e+01
6154.0654  3.9668e+02  6.8720e+01
6155.3159  5.4010e+02  7.9825e+01
6156.5664  5.3189e+02  6.3819e+01
6157.8164  3.5081e+02  6.9378e+01
6159.0669  3.1715e+02  7.4801e+01
6160.3174  5.6309e+01  8.6302e+01
6161.5674  3.7071e+00  6.1735e+01
6162.8179  4.3996e+01  6.7240e+01
6164.0684  6.1463e+01  6.2514e+01
6165.3184  8.0712e+01  6.0957e+01
6166.5688  1.5718e+01  5.8098e+01
6167.8193  1.4350e+02  7.8623e+01
6169.0693  8.3718e+01  7.5717e+01
6170.3198  -1.0406e+02  8.2856e+01
6171.5703  9.3841e+01  9.6170e+01
6172.8208  -1.0701e+02  7.7901e+01
6174.0708  -6.9515e+01  7.7122e+01
6175.3213  -4.6690e+01  5.9528e+01
6176.5718  -5.7796e+01  6.4461e+01
6177.8218  2.9061e+01  6.6185e+01
6179.0723  -9.8209e+00  6.2736e+01
6180.3228  -2.5150e+01  6.1621e+01
6181.5728  -9.9136e+00  5.8459e+01
6182.8232  -2.3943e+01  6.6791e+01
6184.0737  -3.4285e+01  6.8442e+01
6185.3237  -8.9658e+01  6.4610e+01
6186.5742  -7.5223e+01  6.0107e+01
6187.8247  1.0527e+02  6.6009e+01
6189.0747  1.7068e+02  6.7407e+01
6190.3252  9.4289e+01  6.0210e+01
6191.5757  -2.3263e+01  6.0060e+01
6192.8262  -1.6265e+01  7.0336e+01
6194.0762  -1.4379e+02  7.2231e+01
6195.3267  3.4502e+01  7.1418e+01
6196.5771  -1.9156e+01  6.7884e+01
6197.8271  -7.9219e+01  6.6411e+01
6199.0776  -7.3218e+00  6.5638e+01
6200.3281  -3.8800e+01  5.6123e+01
6201.5781  4.7373e+01  6.0079e+01
6202.8286  6.0249e+01  6.8477e+01
6204.0791  -6.5879e+01  7.8451e+01
6205.3291  -2.6640e+00  7.3709e+01
6206.5796  4.2118e+01  6.0651e+01
6207.8301  3.2558e+01  5.7086e+01
6209.0801  4.5745e+01  6.6082e+01
6210.3306  -9.4198e+01  6.9808e+01
6211.5811  -4.7988e+01  6.3153e+01
6212.8315  5.4808e+01  5.9172e+01
6214.0815  1.4075e+02  6.6382e+01
6215.3320  1.2892e+01  7.6711e+01
6216.5825  -3.5724e+01  7.0826e+01
6217.8325  8.6060e+01  6.1437e+01
6219.0830  2.4810e+01  5.7185e+01
6220.3335  5.5477e+01  5.6811e+01
6221.5835  2.2637e+01  7.1991e+01
6222.8340  -6.1100e+01  8.2147e+01
6224.0845  2.6235e+01  7.4822e+01
6225.3345  2.8383e+00  5.9670e+01
6226.5850  5.0455e+01  6.1609e+01
6227.8354  -7.1272e+01  6.1527e+01
6229.0854  2.1307e+01  6.2180e+01
6230.3359  -1.0314e+02  6.3917e+01
6231.5864  -6.1973e+01  7.4230e+01
6232.8369  -3.6635e+01  7.8752e+01
6234.0869  9.3138e+01  8.7585e+01
6235.3374  2.5274e+01  9.3526e+01
6236.5879  3.8122e+01  1.1666e+02
6237.8379  3.0400e+01  1.1592e+02
6239.0884  5.3679e+01  8.9215e+01
6240.3389  4.1297e+01  8.5300e+01
6241.5889  -1.6258e+02  7.6597e+01
6242.8394  -7.7459e+00  7.9467e+01
6244.0898  -2.9306e+01  7.9187e+01
6245.3398  -1.9137e+02  7.6873e+01
6246.5903  7.1933e+01  6.6223e+01
6247.8408  -8.6869e+00  5.9970e+01
6249.0908  -4.7036e+01  6.4138e+01
6250.3413  -1.1912e+02  8.5245e+01
6251.5918  2.3944e+01  5.8993e+01
6252.8418  2.4539e+01  5.9387e+01
6254.0923  1.1607e+02  6.2735e+01
6255.3428  -5.0581e+01  5.7012e+01
6256.5933  -1.3450e+01  6.1584e+01
6257.8433  5.7315e+01  9.2051e+01
