# SNR 8.7142
# Quality c
# flux_factor = 1.e-20
6159.0669  -5.1540e+01  7.4833e+01
6160.3174  4.4474e+01  8.6338e+01
6161.5674  -1.5313e+01  6.1761e+01
6162.8179  8.3893e+01  6.7268e+01
6164.0684  3.5362e+01  6.2540e+01
6165.3184  2.5032e+00  6.0982e+01
6166.5688  4.6943e+01  5.8122e+01
6167.8193  5.2345e+01  7.8655e+01
6169.0693  1.4479e+01  7.5748e+01
6170.3198  5.6806e+01  8.2891e+01
6171.5703  3.4698e+01  9.6210e+01
6172.8208  -7.3037e+01  7.7934e+01
6174.0708  -9.1533e+01  7.7154e+01
6175.3213  -1.2580e+02  5.9552e+01
6176.5718  -1.0055e+01  6.4488e+01
6177.8218  1.5693e+00  6.6212e+01
6179.0723  1.1775e+02  6.2763e+01
6180.3228  1.3125e+02  6.1646e+01
6181.5728  1.5932e+01  5.8484e+01
6182.8232  2.9566e+01  6.6819e+01
6184.0737  1.4331e+02  6.8470e+01
6185.3237  -2.1401e+00  6.4637e+01
6186.5742  -7.3005e+01  6.0132e+01
6187.8247  -8.4606e+01  6.6037e+01
6189.0747  -2.7246e+01  6.7435e+01
6190.3252  -6.8647e+01  6.0235e+01
6191.5757  -6.6901e+01  6.0085e+01
6192.8262  -4.4089e+00  7.0365e+01
6194.0762  1.3262e+02  7.2261e+01
6195.3267  -3.2661e+01  7.1448e+01
6196.5771  1.5344e+02  6.7913e+01
6197.8271  1.2303e+00  6.6439e+01
6199.0776  1.6100e+01  6.5665e+01
6200.3281  4.9763e+01  5.6147e+01
6201.5781  1.4019e+01  6.0104e+01
6202.8286  -1.1054e+01  6.8505e+01
6204.0791  1.3284e+02  7.8484e+01
6205.3291  6.3665e+01  7.3740e+01
6206.5796  -9.6744e+01  6.0676e+01
6207.8301  -2.1445e+01  5.7110e+01
6209.0801  -1.1731e+01  6.6110e+01
6210.3306  -8.8030e+01  6.9837e+01
6211.5811  -3.1213e+01  6.3179e+01
6212.8315  6.1530e+01  5.9196e+01
6214.0815  -2.2135e+01  6.6410e+01
6215.3320  -2.8296e+01  7.6742e+01
6216.5825  -2.4363e+00  7.0855e+01
6217.8325  -2.2685e+00  6.1462e+01
6219.0830  -1.9762e+01  5.7209e+01
6220.3335  1.0284e+02  5.6834e+01
6221.5835  9.3249e+01  7.2021e+01
6222.8340  1.1886e+02  8.2181e+01
6224.0845  1.8442e+01  7.4853e+01
6225.3345  2.6709e+01  5.9695e+01
6226.5850  -9.8940e+01  6.1635e+01
6227.8354  -4.2769e+01  6.1552e+01
6229.0854  -2.0955e+01  6.2206e+01
6230.3359  -4.6995e+01  6.3943e+01
6231.5864  -7.2261e+01  7.4260e+01
6232.8369  1.1694e+01  7.8784e+01
6234.0869  3.9686e+01  8.7622e+01
6235.3374  2.1232e+02  9.3565e+01
6236.5879  2.2207e+01  1.1670e+02
6237.8379  4.5280e+00  1.1596e+02
6239.0884  8.4721e+01  8.9252e+01
6240.3389  6.9409e+01  8.5335e+01
6241.5889  4.4405e+01  7.6629e+01
6242.8394  8.5524e+01  7.9500e+01
6244.0898  -8.4546e+00  7.9220e+01
6245.3398  -1.1108e+02  7.6905e+01
6246.5903  5.4721e+01  6.6250e+01
6247.8408  4.7191e+01  5.9995e+01
6249.0908  6.3040e+01  6.4164e+01
6250.3413  5.1895e+00  8.5281e+01
6251.5918  -2.5647e+01  5.9018e+01
6252.8418  -7.0498e+01  5.9412e+01
6254.0923  -4.9012e+01  6.2761e+01
6255.3428  -4.1345e+01  5.7036e+01
6256.5933  -5.0715e+01  6.1610e+01
6257.8433  -1.0677e+01  9.2089e+01
6259.0938  5.0640e+01  1.2588e+02
6260.3442  3.9467e+02  1.0957e+02
6261.5942  4.2690e+02  7.1709e+01
6262.8447  4.0145e+02  7.4850e+01
6264.0952  5.7038e+02  7.0272e+01
6265.3452  3.2064e+02  7.5068e+01
6266.5957  2.8136e+02  8.7098e+01
6267.8462  1.3536e+02  7.6511e+01
6269.0962  6.9418e+01  7.3040e+01
6270.3467  1.0555e+02  8.1410e+01
6271.5972  7.1363e+01  6.1798e+01
6272.8472  1.7140e+02  6.2891e+01
6274.0977  5.3740e+01  7.2865e+01
6275.3481  8.6198e+01  6.3040e+01
6276.5986  -2.7813e+00  7.0233e+01
6277.8486  2.8811e+00  8.9825e+01
6279.0991  -5.5363e+01  8.5182e+01
6280.3496  8.4875e+01  8.8983e+01
6281.5996  2.5867e+00  6.4910e+01
6282.8501  6.9249e+01  6.3373e+01
6284.1006  -2.1322e+01  6.3325e+01
6285.3506  -9.0852e+01  6.1151e+01
6286.6011  -1.4324e+02  6.9062e+01
6287.8516  -1.2834e+02  1.0351e+02
6289.1016  -8.1341e+01  1.1743e+02
6290.3521  1.8638e+02  8.8594e+01
6291.6025  -1.3575e+02  6.4846e+01
6292.8525  -9.9903e+01  6.1464e+01
6294.1030  -5.0003e+00  6.9259e+01
6295.3535  -5.7077e+01  8.3728e+01
6296.6040  -1.2973e+02  7.7505e+01
6297.8540  -3.0835e+02  1.1446e+02
6299.1045  2.4462e+01  1.1498e+02
6300.3550  1.3421e+01  3.0284e+02
6301.6050  1.6603e+01  4.4131e+02
6302.8555  3.5185e+01  3.3689e+02
6304.1060  1.2512e+02  1.0712e+02
6305.3560  1.0507e+02  1.2220e+02
6306.6064  4.4939e+01  9.6471e+01
6307.8569  6.4637e-01  1.3190e+02
6309.1069  -4.9948e+01  1.2383e+02
6310.3574  3.5918e+00  8.3941e+01
6311.6079  1.2487e+02  7.1289e+01
6312.8579  1.2258e+02  6.8954e+01
6314.1084  1.6317e+02  7.4400e+01
6315.3589  1.1585e+02  5.9650e+01
6316.6094  7.5088e+01  5.9082e+01
6317.8594  2.3014e+01  7.0998e+01
6319.1099  -1.3880e+01  5.7749e+01
6320.3604  -6.9943e+01  6.4833e+01
6321.6104  -9.4335e+01  7.6787e+01
6322.8608  9.2842e+01  1.0082e+02
6324.1113  1.0572e+02  7.1843e+01
6325.3613  8.0546e+01  5.8066e+01
6326.6118  4.0074e+01  7.3415e+01
6327.8623  5.8703e+01  7.6248e+01
6329.1123  -2.3999e+00  8.0228e+01
6330.3628  5.0709e+01  1.0433e+02
6331.6133  6.1176e+01  1.1435e+02
6332.8633  -4.7069e+01  7.8442e+01
6334.1138  9.6672e+01  6.8366e+01
6335.3643  6.0437e+01  7.1936e+01
6336.6147  6.5046e+01  7.1525e+01
6337.8647  4.6949e+01  6.2772e+01
6339.1152  -5.9059e+00  6.2726e+01
6340.3657  -4.4567e+01  6.8595e+01
6341.6157  6.6302e+01  6.5009e+01
6342.8662  1.0024e+02  5.7519e+01
6344.1167  -7.1023e+00  5.8678e+01
6345.3667  -4.5895e+01  5.7750e+01
6346.6172  -6.5783e+01  6.7207e+01
6347.8677  4.5072e+01  5.7870e+01
6349.1177  7.9121e+01  7.9222e+01
6350.3682  4.7164e+01  7.4797e+01
6351.6187  8.3681e+01  6.3606e+01
6352.8687  9.2059e+01  6.8148e+01
6354.1191  9.6017e+01  6.9089e+01
6355.3696  4.8600e+00  7.9373e+01
6356.6201  2.0845e+02  8.2871e+01
6357.8701  1.3974e+02  9.9339e+01
6359.1206  -1.6654e+01  9.4542e+01
6360.3711  -5.2887e+00  6.7016e+01
6361.6211  -4.5410e+01  9.3663e+01
6362.8716  -2.6028e+02  1.1230e+02
6364.1221  -4.2399e+01  1.8758e+02
6365.3721  1.2990e+02  2.2258e+02
6366.6226  -1.6859e+02  1.4589e+02
