# SNR 39.4520
# Quality c
# flux_factor = 1.e-20
5253.8740  -1.3106e+02  9.6704e+01
5255.1245  -4.5411e+01  1.0295e+02
5256.3750  6.2583e+01  8.9649e+01
5257.6250  2.3138e+01  8.4402e+01
5258.8755  -1.4872e+01  8.2093e+01
5260.1260  -8.8742e+01  7.5847e+01
5261.3760  6.0516e+01  7.6557e+01
5262.6265  -2.9857e+01  8.0616e+01
5263.8770  -4.6126e+01  8.1965e+01
5265.1270  6.2691e+01  7.4390e+01
5266.3774  -3.9971e+01  1.0717e+02
5267.6279  3.6995e+01  9.4971e+01
5268.8779  -6.2568e+01  7.9855e+01
5270.1284  -1.1161e+02  9.1745e+01
5271.3789  -6.9028e+01  8.0622e+01
5272.6289  4.7868e+01  8.7750e+01
5273.8794  -2.7553e+01  8.7863e+01
5275.1299  8.5234e+01  8.5607e+01
5276.3804  9.7950e+01  1.2008e+02
5277.6304  -1.7153e+01  1.0694e+02
5278.8809  3.7377e+01  9.9661e+01
5280.1313  -1.6644e+02  7.7994e+01
5281.3813  -1.2881e+01  1.0294e+02
5282.6318  2.4411e+01  8.5694e+01
5283.8823  4.1663e+01  8.3313e+01
5285.1323  -1.6943e+02  8.3678e+01
5286.3828  -8.4891e+01  7.4356e+01
5287.6333  3.4795e+01  8.9295e+01
5288.8833  9.3007e+01  1.1142e+02
5290.1338  -2.8859e+01  1.0374e+02
5291.3843  6.5093e+00  9.4009e+01
5292.6343  1.1528e+02  8.7512e+01
5293.8848  2.7303e+01  1.0433e+02
5295.1353  5.9570e+01  7.7257e+01
5296.3853  9.7509e+01  8.2416e+01
5297.6357  1.4982e+02  7.5583e+01
5298.8862  1.6885e+02  1.0605e+02
5300.1362  9.5220e+00  8.3776e+01
5301.3867  1.5824e+02  9.4955e+01
5302.6372  -1.0727e+02  7.3809e+01
5303.8877  8.5647e+01  7.5932e+01
5305.1377  1.7734e+01  8.9495e+01
5306.3882  3.2645e+01  9.7263e+01
5307.6387  -3.5304e+01  8.2185e+01
5308.8887  9.5864e+00  8.7709e+01
5310.1392  8.8459e+01  8.9783e+01
5311.3896  -8.2944e+01  8.6013e+01
5312.6396  6.9501e+01  7.9534e+01
5313.8901  3.3462e+02  8.4317e+01
5315.1406  1.4099e+00  8.4558e+01
5316.3906  -5.9437e+00  7.7695e+01
5317.6411  2.2624e+01  9.9017e+01
5318.8916  9.6778e+01  8.6219e+01
5320.1416  1.4835e+02  8.7892e+01
5321.3921  -4.1288e+01  9.5890e+01
5322.6426  9.4520e+00  7.7860e+01
5323.8926  1.8076e+02  7.6854e+01
5325.1431  -3.4616e+01  1.0982e+02
5326.3936  -2.4539e+02  8.5716e+01
5327.6440  1.2093e+01  8.1650e+01
5328.8940  -5.5444e+01  7.9482e+01
5330.1445  1.1577e+01  8.9711e+01
5331.3950  7.7346e+01  8.3577e+01
5332.6450  2.0241e+02  8.9665e+01
5333.8955  1.2469e+02  1.0077e+02
5335.1460  1.9084e+02  8.5951e+01
5336.3960  1.6788e+01  8.7265e+01
5337.6465  1.5947e+02  8.0248e+01
5338.8970  4.5255e+02  8.4431e+01
5340.1470  1.3177e+03  7.8516e+01
5341.3975  2.1837e+03  7.5443e+01
5342.6479  2.2799e+03  9.6835e+01
5343.8979  1.9895e+03  7.4077e+01
5345.1484  1.7435e+03  7.8989e+01
5346.3989  1.1498e+03  9.3881e+01
5347.6489  8.7994e+02  8.9636e+01
5348.8994  6.3514e+02  9.0782e+01
5350.1499  4.1125e+02  7.6608e+01
5351.3999  6.1230e+01  7.5338e+01
5352.6504  1.6403e+02  7.8679e+01
5353.9009  1.2105e+02  8.0382e+01
5355.1514  2.2858e+02  7.9137e+01
5356.4014  1.0637e+02  8.8203e+01
5357.6519  -4.0453e+01  7.9183e+01
5358.9023  1.0442e+02  8.6276e+01
5360.1523  1.2408e+02  9.2028e+01
5361.4028  -1.6834e+01  8.7306e+01
5362.6533  -7.5011e+01  8.6046e+01
5363.9033  5.6944e+01  7.5158e+01
5365.1538  1.4769e+02  8.7334e+01
5366.4043  -3.9026e+01  7.1290e+01
5367.6543  -6.7948e+01  8.1896e+01
5368.9048  1.2847e+01  7.5547e+01
5370.1553  5.2089e+00  7.9742e+01
5371.4053  6.3972e+01  8.2605e+01
5372.6558  -1.2028e+01  8.4192e+01
5373.9062  7.5657e+01  8.9013e+01
5375.1562  5.0131e+00  7.3310e+01
5376.4067  -2.5308e+02  8.3393e+01
5377.6572  -9.2332e+01  8.8132e+01
5378.9077  6.8441e+01  7.6755e+01
5380.1577  7.9149e+00  9.7321e+01
5381.4082  7.8598e+01  7.9339e+01
5382.6587  1.1229e+02  9.0347e+01
5383.9087  -2.1058e+01  1.0807e+02
5385.1592  -1.2764e+01  9.2136e+01
5386.4097  -6.9379e+01  7.7829e+01
5387.6597  -8.5760e+01  9.1479e+01
5388.9102  -1.1006e+02  7.0827e+01
5390.1606  4.9082e+01  9.1288e+01
5391.4106  1.7358e+01  8.4251e+01
5392.6611  3.3325e+01  8.4109e+01
5393.9116  1.9370e+01  7.7390e+01
5395.1616  3.3130e+01  8.1972e+01
5396.4121  -2.5622e+01  9.3601e+01
5397.6626  6.6399e+01  6.9781e+01
5398.9126  5.3508e+01  9.3248e+01
5400.1631  -1.4597e+01  8.4386e+01
5401.4136  1.6397e+02  7.1712e+01
5402.6636  9.2997e+01  8.1359e+01
5403.9141  9.7699e+01  1.0022e+02
5405.1646  8.7849e+00  8.6308e+01
5406.4150  7.2211e+01  7.9711e+01
5407.6650  1.4202e+02  8.1607e+01
5408.9155  2.6530e+01  1.0707e+02
5410.1660  -5.4837e+01  9.1195e+01
5411.4160  -6.8490e+01  8.0632e+01
5412.6665  -1.4685e+02  7.2367e+01
5413.9170  4.9953e+01  8.3332e+01
5415.1670  -2.7379e+01  7.9341e+01
5416.4175  -1.8422e+01  8.7440e+01
5417.6680  -1.0086e+02  7.4286e+01
5418.9180  5.4495e+01  7.1021e+01
5420.1685  9.4918e+01  8.8871e+01
5421.4189  5.6466e+01  8.3581e+01
5422.6689  -2.5547e+01  7.3978e+01
5423.9194  4.3997e+01  8.6543e+01
5425.1699  1.2319e+02  7.5751e+01
5426.4199  1.1180e+02  7.8981e+01
5427.6704  8.5655e+01  6.9790e+01
5428.9209  1.2814e+01  8.5451e+01
5430.1714  2.8327e+01  8.0882e+01
5431.4214  1.9464e+01  7.6509e+01
