# SNR 15.3658
# Quality c
# flux_factor = 1.e-20
8294.5273  -2.1975e+01  8.1685e+01
8295.7773  -7.9756e+01  1.1252e+02
8297.0273  -1.8334e+01  1.7927e+02
8298.2783  -3.0388e+02  2.0053e+02
8299.5283  4.1474e+02  3.0506e+02
8300.7783  -7.2428e+01  3.2370e+02
8302.0293  3.0308e+02  1.7663e+02
8303.2793  6.4956e+01  9.8853e+01
8304.5293  -4.6146e+01  9.4396e+01
8305.7803  9.5643e+01  8.9902e+01
8307.0303  -4.4256e+01  8.5629e+01
8308.2803  -9.0724e+01  8.1113e+01
8309.5312  -1.8174e+01  8.5421e+01
8310.7812  -2.1485e+02  1.3903e+02
8312.0312  2.3605e+01  1.8461e+02
8313.2822  -2.8875e+02  1.5279e+02
8314.5322  4.0200e+01  8.6061e+01
8315.7822  6.7864e+01  7.5721e+01
8317.0332  -6.9816e+01  7.6870e+01
8318.2832  -7.9364e+01  8.5463e+01
8319.5332  -3.2902e+00  9.1574e+01
8320.7842  -1.4424e+02  8.7165e+01
8322.0342  -1.4551e+01  8.1366e+01
8323.2852  -3.6403e+01  7.9701e+01
8324.5352  -2.6271e+00  7.9516e+01
8325.7852  6.7266e+01  7.5485e+01
8327.0361  2.6627e+01  7.4641e+01
8328.2861  1.7505e+00  7.3873e+01
8329.5361  1.7359e+00  7.4637e+01
8330.7871  -4.3942e+01  7.5527e+01
8332.0371  1.0455e+02  7.5890e+01
8333.2871  -4.7629e+01  7.5242e+01
8334.5381  2.6316e+01  7.4936e+01
8335.7881  -6.2527e+01  7.5059e+01
8337.0381  -1.1254e+02  7.6559e+01
8338.2891  6.9880e+01  8.3139e+01
8339.5391  -8.7643e+01  8.9565e+01
8340.7891  -7.1120e+01  8.8531e+01
8342.0400  7.5962e+01  9.5370e+01
8343.2900  3.3824e+02  1.7209e+02
8344.5400  -8.8330e+01  3.6394e+02
8345.7910  1.1946e+01  5.2786e+02
8347.0410  -2.0431e+02  4.2354e+02
8348.2910  4.6551e+02  1.7727e+02
8349.5420  1.3898e+02  9.4899e+01
8350.7920  -5.8846e+01  1.1132e+02
8352.0420  1.4503e+02  1.3660e+02
8353.2930  -3.9095e+02  2.5338e+02
8354.5430  4.0363e+02  3.0231e+02
8355.7939  -2.5058e+01  1.8265e+02
8357.0439  4.2861e+01  8.9851e+01
8358.2939  -7.1266e+01  7.7759e+01
8359.5449  -9.4566e+01  7.6587e+01
8360.7949  -1.1309e+01  8.3540e+01
8362.0449  3.3606e+01  9.6829e+01
8363.2959  -1.8315e+00  9.9418e+01
8364.5459  1.0877e+02  1.2383e+02
8365.7959  6.2922e+01  1.7066e+02
8367.0469  9.1639e+01  1.5570e+02
8368.2969  -5.1916e+01  9.8995e+01
8369.5469  7.5079e+01  7.8545e+01
8370.7979  -3.2566e-01  7.5811e+01
8372.0479  -1.0308e+02  7.5658e+01
8373.2979  -7.5042e+00  7.5819e+01
8374.5488  7.3402e+01  7.6239e+01
8375.7988  -4.6985e+01  7.6394e+01
8377.0488  2.7922e-01  7.7899e+01
8378.2998  5.3157e+01  7.8063e+01
8379.5498  -2.2079e+01  8.1524e+01
8380.7998  -1.3890e+02  1.0229e+02
8382.0508  6.2190e+01  1.5371e+02
8383.3008  -2.9167e+02  2.2444e+02
8384.5508  -1.0842e+02  2.1033e+02
8385.8018  5.7393e+01  1.1799e+02
8387.0518  5.3548e+01  7.7667e+01
8388.3027  -3.7942e+01  7.7112e+01
8389.5527  -2.9699e+01  7.7112e+01
8390.8027  2.9737e+01  7.9719e+01
8392.0537  -1.5241e+02  8.3608e+01
8393.3037  -1.1820e+02  8.2286e+01
8394.5537  -1.5509e+02  7.7268e+01
8395.8047  -9.0004e+01  7.6874e+01
8397.0547  -1.5016e+01  8.8679e+01
8398.3047  -2.9319e+02  1.5606e+02
8399.5557  -9.3253e+01  3.6715e+02
8400.8057  1.2185e+02  4.5632e+02
8402.0557  -1.0796e+02  2.9416e+02
8403.3066  2.4949e+02  1.1784e+02
8404.5566  1.3425e+01  7.9711e+01
8405.8066  3.4604e+01  7.6292e+01
8407.0576  5.1238e+01  7.5067e+01
8408.3076  -1.0072e+02  7.5320e+01
8409.5576  -1.3843e+01  7.5739e+01
8410.8086  -1.4579e+01  7.5035e+01
8412.0586  -8.7880e+01  7.6176e+01
8413.3086  5.4075e+01  7.9285e+01
8414.5596  -1.3951e+02  1.1631e+02
8415.8096  4.2612e+02  2.4409e+02
8417.0596  8.3055e+01  2.7336e+02
8418.3105  -1.8322e+02  1.5438e+02
8419.5605  -3.8112e+01  8.1557e+01
8420.8115  -3.5246e+00  7.7663e+01
8422.0615  -1.5610e+00  7.8262e+01
8423.3115  -1.6274e+01  7.9934e+01
8424.5625  -7.9840e+01  8.3578e+01
8425.8125  -1.9238e+01  8.5181e+01
8427.0625  -4.7089e+01  8.7469e+01
8428.3135  1.0653e+02  1.0906e+02
8429.5635  -3.7532e+02  1.8855e+02
8430.8135  8.9556e+01  4.2371e+02
8432.0645  -6.2560e+01  4.6380e+02
8433.3145  7.3775e+02  2.5586e+02
8434.5645  7.9853e+02  1.1253e+02
8435.8154  6.6416e+02  9.4380e+01
8437.0654  5.8383e+02  8.5384e+01
8438.3154  5.5289e+02  7.5917e+01
8439.5664  3.0262e+02  7.4673e+01
8440.8164  2.1218e+02  7.4737e+01
8442.0664  1.7563e+02  7.5165e+01
8443.3174  2.2916e+02  7.5843e+01
8444.5674  1.3336e+02  7.6942e+01
8445.8174  -4.9120e+01  1.0283e+02
8447.0684  2.4904e+02  1.7982e+02
8448.3184  -5.1824e+01  1.9664e+02
8449.5684  -2.6947e+01  1.2994e+02
8450.8193  3.7613e+01  8.9398e+01
8452.0693  -2.5577e+02  1.4935e+02
8453.3203  1.2071e+02  2.2981e+02
8454.5703  8.0111e+01  2.0772e+02
8455.8203  1.1808e+01  1.0980e+02
8457.0713  5.1616e+01  7.8618e+01
8458.3213  -7.3524e+01  7.6567e+01
8459.5713  -4.1388e+01  7.5989e+01
8460.8223  -1.4291e+02  7.6976e+01
8462.0723  -5.1729e+01  8.1032e+01
8463.3223  -3.4420e+01  8.8994e+01
8464.5732  3.3125e+02  1.5766e+02
8465.8232  9.8918e+01  3.3186e+02
8467.0732  -6.7552e+00  3.9681e+02
8468.3242  -4.2873e+02  2.4870e+02
8469.5742  1.2988e+02  1.0311e+02
8470.8242  1.3880e+02  7.6355e+01
8472.0752  -1.7821e+01  7.5161e+01
8473.3252  -9.9068e+01  7.5365e+01
8474.5752  -3.3875e+01  8.3841e+01
8475.8262  9.8383e+00  9.3433e+01
8477.0762  8.2183e+01  8.7953e+01
8478.3262  -9.7042e+01  7.6551e+01
8479.5771  -2.4024e+01  7.4355e+01
8480.8271  -3.0835e+01  7.4624e+01
8482.0771  -5.0611e+01  7.4028e+01
8483.3281  -3.2403e+01  7.3901e+01
8484.5781  6.6779e+00  7.3414e+01
8485.8291  -3.5254e+01  7.3584e+01
8487.0791  2.8048e+01  7.5878e+01
8488.3291  9.7359e+00  7.5140e+01
8489.5801  -2.4304e+01  7.4091e+01
8490.8301  -6.3036e+01  7.4328e+01
8492.0801  3.1498e+01  8.0789e+01
8493.3311  -2.2399e+01  1.2967e+02
8494.5811  -4.0731e+01  1.8910e+02
8495.8311  8.8661e+01  1.6955e+02
8497.0820  1.4621e+01  9.9726e+01
8498.3320  -3.7053e+01  8.1573e+01
8499.5820  -7.5148e+01  7.7032e+01
8500.8330  -5.8925e+01  7.6625e+01
8502.0830  2.6724e+01  8.3011e+01
8503.3330  2.1209e+01  9.4262e+01
8504.5840  1.7020e+02  1.6510e+02
8505.8340  -2.1527e+02  2.8137e+02
8507.0840  6.0072e+01  2.6110e+02
8508.3350  -2.9111e-01  1.3133e+02
8509.5850  2.4882e+01  7.7653e+01
8510.8350  -1.6785e+01  7.4258e+01
8512.0859  6.1931e+01  7.3547e+01
8513.3359  -5.9194e-02  7.3548e+01
8514.5859  -3.9593e+01  7.3011e+01
8515.8369  -2.4158e+00  7.2852e+01
8517.0869  -5.3271e+01  7.2838e+01
8518.3379  -6.3519e+00  7.2938e+01
8519.5879  5.5963e+00  7.4221e+01
8520.8379  3.5910e+01  7.8774e+01
8522.0889  3.7581e+01  8.4552e+01
8523.3389  -9.7563e+01  7.9078e+01
8524.5889  -1.0306e+02  7.4201e+01
8525.8398  1.1111e+01  7.3522e+01
8527.0898  -3.8036e+01  7.3944e+01
8528.3398  7.7052e+01  7.3474e+01
8529.5908  8.6491e+01  7.3416e+01
8530.8408  1.0877e+02  7.4226e+01
8532.0908  7.5135e+01  7.3983e+01
8533.3418  -3.0945e+01  7.2764e+01
8534.5918  4.7204e+01  7.3235e+01
8535.8418  1.0363e+01  7.3091e+01
8537.0928  3.2475e+01  7.3883e+01
8538.3428  -1.1926e+02  9.3064e+01
8539.5928  -4.8125e+01  1.3264e+02
8540.8438  -6.5993e+01  1.2960e+02
8542.0938  -4.4368e+01  8.8232e+01
8543.3438  3.3198e+01  7.7303e+01
8544.5947  1.2960e+02  7.4518e+01
8545.8447  5.5309e+01  7.2521e+01
8547.0947  -8.9520e+00  7.8580e+01
8548.3457  -5.6426e+01  1.1075e+02
8549.5957  8.5418e+01  1.7114e+02
8550.8467  2.7741e+02  1.7081e+02
8552.0967  -9.3285e+01  1.0764e+02
8553.3467  4.0815e+01  8.0356e+01
8554.5977  1.1872e+02  8.0271e+01
8555.8477  1.9724e+00  7.6437e+01
8557.0977  -1.3000e+01  7.2848e+01
8558.3486  -3.2152e+01  7.2590e+01
8559.5986  5.2697e+01  7.3548e+01
8560.8486  -6.1716e+01  7.4065e+01
8562.0996  4.6045e+01  7.3574e+01
8563.3496  2.6301e+01  7.3430e+01
8564.5996  -4.8582e+01  7.3744e+01
8565.8506  2.2908e+01  7.3644e+01
8567.1006  4.4270e-01  7.4193e+01
8568.3506  -1.5875e+01  7.4426e+01
8569.6016  -9.1961e+01  7.3577e+01
8570.8516  5.6543e+01  7.3574e+01
8572.1016  -1.0147e+01  7.5378e+01
8573.3525  9.8833e+00  7.9719e+01
8574.6025  6.6959e+01  8.0046e+01
