# SNR 26.6074
# Quality c
# flux_factor = 1.e-20
5947.5586  -1.2553e+02  7.9021e+01
5948.8091  3.9784e+00  7.0668e+01
5950.0591  2.2156e+01  6.8163e+01
5951.3096  -2.4221e+01  6.8963e+01
5952.5601  1.6604e+02  7.9362e+01
5953.8101  3.9127e+01  9.5500e+01
5955.0605  -1.5480e+01  9.2973e+01
5956.3110  3.4158e+00  7.3955e+01
5957.5610  7.3108e+01  6.8296e+01
5958.8115  -6.9695e+01  6.8630e+01
5960.0620  5.7009e+01  6.8614e+01
5961.3120  1.5784e+01  6.8221e+01
5962.5625  1.3000e+01  6.8084e+01
5963.8130  7.1214e+00  6.8097e+01
5965.0630  2.5054e+01  6.8444e+01
5966.3135  -6.8145e+00  6.8162e+01
5967.5640  2.3683e+01  6.8189e+01
5968.8145  4.9963e+01  6.8664e+01
5970.0645  4.4024e+01  7.3964e+01
5971.3149  -5.4096e+01  7.6604e+01
5972.5654  2.5890e+01  7.1815e+01
5973.8154  9.4699e+01  6.7800e+01
5975.0659  1.7607e+01  6.8514e+01
5976.3164  -1.3160e+01  7.4615e+01
5977.5664  7.3053e+01  8.5957e+01
5978.8169  3.9267e+01  8.1663e+01
5980.0674  1.3106e+02  7.0088e+01
5981.3174  5.3131e+01  6.7718e+01
5982.5679  8.4691e+01  6.7369e+01
5983.8184  1.3903e+01  6.6315e+01
5985.0684  1.4968e+01  6.7255e+01
5986.3188  6.5164e+01  6.6459e+01
5987.5693  1.3517e+02  6.7051e+01
5988.8193  4.5155e+01  6.6749e+01
5990.0698  2.8975e+01  6.6583e+01
5991.3203  5.5031e+01  6.6322e+01
5992.5708  8.5799e+01  6.6556e+01
5993.8208  1.6565e+02  6.6889e+01
5995.0713  4.4782e+00  6.6417e+01
5996.3218  6.7372e+01  6.7278e+01
5997.5718  4.1087e+01  7.0083e+01
5998.8223  2.1802e+01  7.0795e+01
6000.0728  -4.0536e+01  6.8269e+01
6001.3228  -8.5788e+00  6.7095e+01
6002.5732  2.9627e+01  6.7818e+01
6003.8237  8.0520e+01  7.3611e+01
6005.0737  5.7732e+01  7.6753e+01
6006.3242  7.7326e+00  6.9709e+01
6007.5747  -7.0645e+01  6.6057e+01
6008.8247  1.2560e+00  6.5238e+01
6010.0752  1.6062e+01  6.5052e+01
6011.3257  5.5133e+01  6.5915e+01
6012.5762  8.2968e+00  6.5928e+01
6013.8262  1.8551e+01  6.5702e+01
6015.0767  2.0924e+01  6.4767e+01
6016.3271  3.2664e+01  6.5393e+01
6017.5771  8.3113e+01  6.5033e+01
6018.8276  7.4066e+01  6.5342e+01
6020.0781  3.5800e+00  6.4743e+01
6021.3281  2.9479e+01  6.4850e+01
6022.5786  2.4539e+01  6.4487e+01
6023.8291  -5.1037e+01  6.5179e+01
6025.0791  -8.0781e+01  6.5383e+01
6026.3296  7.5325e+00  6.5780e+01
6027.5801  -3.6163e+01  6.6149e+01
6028.8301  9.7864e+00  6.7650e+01
6030.0806  4.7365e+01  6.6869e+01
6031.3311  4.5032e+01  6.5350e+01
6032.5815  1.0095e+02  6.5398e+01
6033.8315  1.1418e+01  6.9124e+01
6035.0820  1.1162e+01  7.1092e+01
6036.3325  1.0596e+02  6.7080e+01
6037.5825  1.3540e+02  6.4759e+01
6038.8330  3.9458e+01  6.5010e+01
6040.0835  7.1330e+01  6.5308e+01
6041.3335  2.4558e+01  6.5394e+01
6042.5840  9.7424e+01  6.4569e+01
6043.8345  9.5069e+00  6.4646e+01
6045.0845  2.8421e+02  6.4867e+01
6046.3350  6.3701e+02  6.5002e+01
6047.5854  9.4393e+02  6.4661e+01
6048.8354  7.2890e+02  6.4862e+01
6050.0859  5.4784e+02  6.4630e+01
6051.3364  3.4433e+02  6.4713e+01
6052.5864  1.9292e+02  6.4507e+01
6053.8369  1.7441e+02  6.4993e+01
6055.0874  1.1738e+02  6.4569e+01
6056.3379  5.9950e+01  6.4450e+01
6057.5879  -6.3970e+00  6.4301e+01
6058.8384  8.3579e+01  6.4193e+01
6060.0889  -3.8145e+01  6.5319e+01
6061.3389  3.4101e+01  6.4794e+01
6062.5894  3.6751e+01  6.6070e+01
6063.8398  8.1245e+01  6.6152e+01
6065.0898  1.2263e+02  6.4443e+01
6066.3403  -3.8589e+00  6.4729e+01
6067.5908  -3.7199e+01  6.6667e+01
6068.8408  6.7423e+01  6.7076e+01
6070.0913  -4.5775e+01  6.5320e+01
6071.3418  4.9293e+01  6.3919e+01
6072.5918  -2.4398e+01  6.4250e+01
6073.8423  1.1476e+02  6.4129e+01
6075.0928  4.1435e+01  6.4101e+01
6076.3433  -3.4970e+00  6.3861e+01
6077.5933  2.9527e+01  6.3156e+01
6078.8438  2.1505e+01  6.3425e+01
6080.0942  5.0990e+01  6.2915e+01
6081.3442  -4.8286e+01  6.4101e+01
6082.5947  7.2265e+01  6.3677e+01
6083.8452  1.5190e+01  6.3418e+01
6085.0952  4.2202e+01  6.3184e+01
6086.3457  -8.5547e+01  6.2565e+01
6087.5962  2.4883e+01  6.3584e+01
6088.8462  3.4901e+00  6.3754e+01
6090.0967  -9.3299e+01  6.3600e+01
6091.3472  9.0503e+01  6.3182e+01
6092.5972  8.2426e+01  6.2986e+01
6093.8477  -2.1643e+01  6.2824e+01
6095.0981  4.7676e+01  6.2769e+01
6096.3486  5.4962e+01  6.3378e+01
6097.5986  8.3078e+01  6.3586e+01
6098.8491  3.7833e+01  6.3892e+01
6100.0996  6.8903e+01  6.4229e+01
6101.3496  -2.9155e+01  6.3867e+01
6102.6001  -1.8310e+01  6.2989e+01
6103.8506  7.5728e+01  6.3118e+01
6105.1006  3.6824e+01  6.4602e+01
6106.3511  5.1223e+01  6.4217e+01
6107.6016  1.0338e+02  6.3213e+01
6108.8516  6.4408e+01  6.3121e+01
6110.1021  -1.7329e+01  6.2555e+01
6111.3525  2.7613e+00  6.2462e+01
6112.6025  -1.4562e+01  6.3099e+01
6113.8530  -2.0288e+01  6.2807e+01
6115.1035  -8.8838e+01  6.2582e+01
6116.3540  -2.6404e+01  6.2235e+01
6117.6040  3.5636e+00  6.2566e+01
6118.8545  4.2768e+01  6.1974e+01
6120.1050  -2.3933e+01  6.2091e+01
6121.3550  -9.1767e+00  6.2104e+01
6122.6055  -2.5272e+01  6.1414e+01
6123.8560  4.1383e+00  6.1522e+01
6125.1060  -3.3394e+01  6.2284e+01
6126.3564  2.8159e+01  6.2165e+01
6127.6069  1.2327e+01  6.2271e+01
6128.8569  5.8899e+01  6.1493e+01
6130.1074  -3.2794e+01  6.1754e+01
6131.3579  -3.0851e+01  6.1750e+01
6132.6079  -1.2252e+01  6.1747e+01
6133.8584  -1.4014e+01  6.1679e+01
6135.1089  9.5888e+01  6.2919e+01
6136.3589  6.9959e+01  6.4458e+01
6137.6094  9.4236e-01  6.6132e+01
6138.8599  1.6288e+01  6.8126e+01
6140.1104  -2.1969e+00  7.0488e+01
6141.3604  9.7468e+01  6.8042e+01
6142.6108  -1.1444e+01  6.3861e+01
6143.8613  -1.2129e+01  6.8014e+01
6145.1113  5.0295e+01  7.2287e+01
6146.3618  6.5851e+01  6.8077e+01
6147.6123  -6.6152e+01  6.2709e+01
