# SNR 11.6494
# Quality c
# flux_factor = 1.e-20
4982.8628  -4.8070e+01  1.3972e+02
4984.1128  9.8968e+01  9.6709e+01
4985.3633  1.9555e+02  1.1116e+02
4986.6138  2.0185e+02  1.2158e+02
4987.8638  1.6448e+02  9.4609e+01
4989.1143  2.5041e+01  9.4675e+01
4990.3647  1.9972e+01  8.8391e+01
4991.6147  1.9502e+02  1.0111e+02
4992.8652  1.5495e+02  1.1840e+02
4994.1157  -6.7319e+01  1.0605e+02
4995.3657  2.8648e+02  1.0834e+02
4996.6162  -2.2376e+01  9.9242e+01
4997.8667  -2.4821e+01  1.0792e+02
4999.1167  4.2106e+01  1.0742e+02
5000.3672  5.7954e+01  1.1672e+02
5001.6177  1.9212e+02  9.1057e+01
5002.8677  9.7680e+01  1.0129e+02
5004.1182  1.8410e+01  9.9647e+01
5005.3687  -2.2150e+01  1.2996e+02
5006.6187  2.4096e+01  1.0081e+02
5007.8691  -7.9404e+01  9.3976e+01
5009.1196  1.7550e+01  1.2637e+02
5010.3701  1.4177e+02  1.1000e+02
5011.6201  1.1699e+02  1.1210e+02
5012.8706  -1.0540e+02  1.1541e+02
5014.1211  1.2800e+02  1.1717e+02
5015.3711  -1.0190e+01  1.1650e+02
5016.6216  4.6089e+01  1.1691e+02
5017.8721  8.1642e+01  9.0959e+01
5019.1221  -7.4542e+01  9.8501e+01
5020.3726  6.1295e+01  1.0787e+02
5021.6230  -1.8656e+02  9.4563e+01
5022.8730  -1.2771e+02  1.1275e+02
5024.1235  5.8276e+01  1.0062e+02
5025.3740  -2.1088e+01  1.2457e+02
5026.6240  1.3098e+02  9.1130e+01
5027.8745  4.4683e-01  1.2526e+02
5029.1250  2.9662e+00  1.2405e+02
5030.3750  5.9623e+01  1.0660e+02
5031.6255  1.5121e+02  9.3544e+01
5032.8760  -2.2605e+01  1.1393e+02
5034.1260  -3.4579e+01  1.0598e+02
5035.3765  -1.9369e+01  1.0736e+02
5036.6270  6.3006e+01  8.3318e+01
5037.8774  6.3460e+00  1.2649e+02
5039.1274  -1.6076e+01  1.2545e+02
5040.3779  -2.4618e+01  9.1534e+01
5041.6284  -1.1284e+02  9.5927e+01
5042.8784  -1.5334e+02  8.7985e+01
5044.1289  8.3984e+00  1.0585e+02
5045.3794  -2.9609e+01  9.3896e+01
5046.6294  1.3712e+02  1.0011e+02
5047.8799  2.2370e+02  1.3784e+02
5049.1304  1.4518e+02  1.0810e+02
5050.3804  3.4986e+00  9.1009e+01
5051.6309  -6.2125e+01  1.0968e+02
5052.8813  -1.9387e+01  1.0878e+02
5054.1313  2.7793e+02  1.0675e+02
5055.3818  2.8834e+02  1.1634e+02
5056.6323  2.4437e+02  1.2754e+02
5057.8823  8.0102e+01  9.7501e+01
5059.1328  7.6263e+01  1.0711e+02
5060.3833  2.8702e+01  1.2162e+02
5061.6333  9.5567e+01  1.1598e+02
5062.8838  1.1002e+02  1.0568e+02
5064.1343  5.3133e+02  1.1366e+02
5065.3843  1.0541e+03  1.0502e+02
5066.6348  1.0117e+03  9.4466e+01
5067.8853  8.1761e+02  9.7295e+01
5069.1357  5.7652e+02  1.1296e+02
5070.3857  4.1403e+02  1.1114e+02
5071.6362  2.5516e+02  1.2645e+02
5072.8867  1.4634e+02  1.1932e+02
5074.1367  2.4195e+01  1.0684e+02
5075.3872  9.6907e+01  1.0159e+02
5076.6377  5.9158e+01  1.0042e+02
5077.8877  3.1035e+01  1.1545e+02
5079.1382  -5.2766e+01  1.1355e+02
5080.3887  8.1070e+01  9.5579e+01
5081.6387  1.8987e+01  1.1647e+02
5082.8892  5.5762e+01  1.2078e+02
5084.1396  5.1863e+01  9.7910e+01
5085.3896  7.4834e+00  9.6382e+01
5086.6401  1.6375e+02  8.8061e+01
5087.8906  1.1581e+02  9.2339e+01
5089.1406  2.1472e+01  1.0268e+02
5090.3911  1.0114e+02  9.6736e+01
5091.6416  1.3968e+01  1.0224e+02
5092.8916  -8.4924e+01  1.0394e+02
5094.1421  6.9907e+01  9.2684e+01
5095.3926  8.5698e+01  8.4290e+01
5096.6431  -2.5488e+01  9.5501e+01
5097.8931  1.2958e+02  1.0398e+02
5099.1436  -1.4140e+02  1.1244e+02
5100.3940  1.0037e+01  9.3686e+01
5101.6440  2.1868e+02  9.8258e+01
5102.8945  -3.0787e+00  1.0256e+02
5104.1450  1.2910e+02  9.7167e+01
5105.3950  5.1140e+01  8.5876e+01
5106.6455  -5.8731e+00  8.8716e+01
5107.8960  -2.6129e+01  1.0108e+02
5109.1460  2.0213e+02  9.4796e+01
5110.3965  5.6098e+01  1.0397e+02
5111.6470  7.3713e+01  1.0705e+02
5112.8970  -8.1828e+01  1.0279e+02
5114.1475  2.3131e+01  7.5817e+01
5115.3979  -3.4939e+00  1.0184e+02
5116.6479  -1.8334e+01  8.5024e+01
5117.8984  -1.5370e+01  9.9950e+01
5119.1489  6.7292e+01  9.8482e+01
5120.3989  3.9168e+00  1.1090e+02
5121.6494  1.6631e+01  1.0427e+02
5122.8999  1.7177e+02  1.0506e+02
5124.1504  -5.4386e+01  9.9774e+01
5125.4004  1.3494e+02  9.7120e+01
5126.6509  1.8215e+02  9.7028e+01
5127.9014  -3.1527e+01  8.9367e+01
5129.1514  2.1040e+01  8.1347e+01
5130.4019  2.1672e+02  1.1735e+02
5131.6523  1.4659e+02  1.0229e+02
5132.9023  1.1150e+02  1.1030e+02
5134.1528  1.9402e+02  1.0984e+02
5135.4033  1.4926e+02  1.0977e+02
5136.6533  4.1539e+01  1.0140e+02
5137.9038  8.9288e+01  1.4401e+02
5139.1543  1.4701e+02  9.7192e+01
5140.4043  7.1113e+01  1.1786e+02
5141.6548  6.2086e+00  1.0162e+02
5142.9053  -7.5130e+01  9.0576e+01
5144.1553  3.9448e+01  8.8732e+01
5145.4058  1.8402e+01  1.1863e+02
5146.6562  3.7212e+01  8.8952e+01
5147.9062  2.2149e+02  9.5345e+01
5149.1567  3.0434e+01  1.0310e+02
5150.4072  6.2951e+01  1.0649e+02
