# SNR 8.4976
# Quality c
# flux_factor = 1.e-20
6610.8311  -3.5117e+00  1.1034e+02
6612.0815  -4.9831e+01  1.1114e+02
6613.3320  4.6854e+01  1.1088e+02
6614.5820  -1.5300e+02  1.1056e+02
6615.8325  8.4567e+00  1.1103e+02
6617.0830  4.4944e+01  1.1059e+02
6618.3335  -5.8953e+01  1.1092e+02
6619.5835  -4.2170e+01  1.1021e+02
6620.8340  -5.7446e+01  1.1038e+02
6622.0845  -3.9527e+01  1.1165e+02
6623.3345  -2.0389e+01  1.1138e+02
6624.5850  -6.4545e+01  1.1082e+02
6625.8354  1.1516e+02  1.0922e+02
6627.0854  1.3544e+01  1.1012e+02
6628.3359  6.7765e+01  1.1221e+02
6629.5864  -2.2235e+02  1.1887e+02
6630.8364  -2.0004e+02  1.1818e+02
6632.0869  1.5707e+02  1.1200e+02
6633.3374  8.4369e+01  1.1102e+02
6634.5879  -7.3440e+01  1.1192e+02
6635.8379  -5.4029e+01  1.2235e+02
6637.0884  -6.9655e+01  1.2702e+02
6638.3389  9.8709e+00  1.1542e+02
6639.5889  -6.7247e+01  1.1071e+02
6640.8394  4.2246e+01  1.1023e+02
6642.0898  -9.6961e+00  1.1033e+02
6643.3398  1.2076e+01  1.1007e+02
6644.5903  -2.7039e+01  1.0961e+02
6645.8408  -5.3215e+00  1.0914e+02
6647.0908  -6.9457e+00  1.0856e+02
6648.3413  -6.9159e+01  1.0873e+02
6649.5918  6.9392e+01  1.0953e+02
6650.8418  1.3613e+02  1.0944e+02
6652.0923  8.1380e+01  1.1048e+02
6653.3428  -2.4946e+01  1.0988e+02
6654.5933  -1.4726e+02  1.0971e+02
6655.8433  -1.4270e+01  1.0933e+02
6657.0938  -2.2033e+01  1.0865e+02
6658.3442  2.2453e+01  1.0832e+02
6659.5942  -1.5374e+02  1.0949e+02
6660.8447  -6.8121e+01  1.0832e+02
6662.0952  -1.0597e+02  1.1003e+02
6663.3452  -5.1949e+01  1.1169e+02
6664.5957  -5.9401e+01  1.1257e+02
6665.8462  -6.6825e+00  1.0975e+02
6667.0962  -1.0324e+02  1.0946e+02
6668.3467  6.8724e+01  1.1063e+02
6669.5972  -2.1232e+01  1.1489e+02
6670.8472  1.5548e+02  1.1563e+02
6672.0977  -5.3449e+01  1.1055e+02
6673.3481  2.3175e+00  1.0813e+02
6674.5986  2.8462e+01  1.0780e+02
6675.8486  7.6312e+01  1.0775e+02
6677.0991  2.5598e+02  1.0764e+02
6678.3496  7.3747e+01  1.0692e+02
6679.5996  6.5201e+01  1.0711e+02
6680.8501  7.6420e+01  1.0703e+02
6682.1006  -4.8348e+01  1.0795e+02
6683.3506  -8.3640e+01  1.0660e+02
6684.6011  -9.9257e+01  1.0739e+02
6685.8516  1.3739e+02  1.0808e+02
6687.1016  -5.0332e+01  1.0883e+02
6688.3521  -1.8438e+01  1.0866e+02
6689.6025  -1.9017e+02  1.0782e+02
6690.8525  -1.0796e+02  1.0798e+02
6692.1030  1.7737e+01  1.0717e+02
6693.3535  -1.0914e+02  1.0696e+02
6694.6040  8.0140e+01  1.0611e+02
6695.8540  6.8192e+01  1.0667e+02
6697.1045  -1.7489e+02  1.0596e+02
6698.3550  -2.2847e+01  1.0587e+02
6699.6050  -3.3257e+01  1.0710e+02
6700.8555  -9.3377e+01  1.1111e+02
6702.1060  2.2797e+00  1.1243e+02
6703.3560  -9.4364e+01  1.0931e+02
6704.6064  -1.0837e+02  1.0739e+02
6705.8569  -3.9675e+01  1.0924e+02
6707.1069  -9.4905e+01  1.1079e+02
6708.3574  7.9605e+01  1.0946e+02
6709.6079  5.9890e+00  1.0773e+02
6710.8584  -1.0087e+01  1.0825e+02
6712.1084  -6.7135e+01  1.0687e+02
6713.3589  -1.7330e+02  1.0717e+02
6714.6094  -7.5354e+00  1.0668e+02
6715.8594  -3.2591e+00  1.0696e+02
6717.1099  1.0133e+01  1.0861e+02
6718.3604  -9.6009e+01  1.1182e+02
6719.6104  -5.4369e+01  1.1225e+02
6720.8608  3.1750e+02  1.0785e+02
6722.1113  4.9105e+02  1.0588e+02
6723.3613  3.4286e+02  1.0480e+02
6724.6118  3.8603e+02  1.0547e+02
6725.8623  3.5418e+02  1.0583e+02
6727.1123  3.4493e+02  1.0625e+02
6728.3628  2.2139e+02  1.0549e+02
6729.6133  5.8312e+01  1.0511e+02
6730.8638  3.5837e+01  1.0540e+02
6732.1138  1.5093e+02  1.0833e+02
6733.3643  9.9668e+00  1.1142e+02
6734.6147  -2.9106e+01  1.0868e+02
6735.8647  1.1242e+02  1.0507e+02
6737.1152  1.0566e+02  1.0471e+02
6738.3657  -6.9487e+01  1.0447e+02
6739.6157  2.0770e+02  1.0358e+02
6740.8662  -1.1185e+01  1.0519e+02
6742.1167  1.1678e+02  1.0687e+02
6743.3667  8.7968e+01  1.0576e+02
6744.6172  1.0401e+02  1.0578e+02
6745.8677  4.0842e+01  1.0703e+02
6747.1177  1.6783e+01  1.0673e+02
6748.3682  7.0640e+01  1.0675e+02
6749.6187  4.0806e+00  1.0473e+02
6750.8691  -1.0324e+02  1.0406e+02
6752.1191  -1.2889e+02  1.0404e+02
6753.3696  -2.6433e+01  1.0350e+02
6754.6201  9.9840e+01  1.0352e+02
6755.8701  -5.7718e-01  1.0348e+02
6757.1206  -4.2484e+01  1.0370e+02
6758.3711  4.7839e+01  1.0323e+02
6759.6211  4.0471e+01  1.0248e+02
6760.8716  4.4977e+01  1.0252e+02
6762.1221  7.6591e+00  1.0264e+02
6763.3721  1.3553e+01  1.0384e+02
6764.6226  5.2968e+01  1.0367e+02
6765.8730  1.1714e+02  1.0234e+02
6767.1235  -3.1087e+01  1.0268e+02
6768.3735  -2.1027e+01  1.0124e+02
6769.6240  -1.4924e+02  1.0180e+02
6770.8745  1.1255e+01  1.0259e+02
6772.1245  2.1759e+00  1.0242e+02
6773.3750  8.1329e+01  1.0236e+02
6774.6255  -4.4909e+01  1.0196e+02
6775.8755  -3.1221e+01  1.0223e+02
6777.1260  -5.2581e+01  1.0225e+02
6778.3765  -2.5520e+00  1.0272e+02
6779.6265  1.3356e+02  1.0213e+02
6780.8770  -5.9469e+01  1.0163e+02
6782.1274  -5.9327e+01  1.0088e+02
6783.3774  -1.0573e+02  1.0095e+02
6784.6279  1.1493e+02  1.0161e+02
6785.8784  1.1029e+02  1.0324e+02
6787.1289  1.1795e+01  1.0338e+02
6788.3789  1.7722e+02  1.0180e+02
6789.6294  8.9476e+01  1.0279e+02
6790.8799  -1.2458e+02  1.0368e+02
6792.1299  -3.0408e+01  1.0258e+02
6793.3804  2.3827e+01  1.0081e+02
6794.6309  -5.9965e+01  1.0057e+02
6795.8809  1.0576e+02  1.0052e+02
6797.1313  5.4690e+01  1.0090e+02
6798.3818  -1.2897e+02  1.0068e+02
6799.6318  -3.3227e+01  1.0056e+02
6800.8823  7.0765e+01  1.0091e+02
6802.1328  6.7679e+01  1.0077e+02
6803.3828  1.2515e+02  1.0071e+02
6804.6333  2.0044e+01  1.0152e+02
6805.8838  1.1684e+02  1.0108e+02
6807.1343  -4.2552e+01  1.0061e+02
6808.3843  -4.7809e+01  9.9675e+01
6809.6348  -3.0698e+01  1.0063e+02
6810.8853  1.2643e+02  1.0115e+02
6812.1353  7.5925e+01  1.0075e+02
6813.3857  3.5927e+01  1.0004e+02
6814.6362  -6.7301e+01  1.0103e+02
6815.8862  8.3841e+00  9.9676e+01
6817.1367  -4.3938e+01  9.9215e+01
6818.3872  -2.1878e+01  1.0072e+02
6819.6372  -5.9617e+01  1.0011e+02
6820.8877  -8.6273e+01  1.0109e+02
6822.1382  5.1625e+01  1.0126e+02
6823.3887  1.1070e+02  1.0024e+02
6824.6387  -5.9107e+01  1.0004e+02
6825.8892  -2.3518e+00  1.0007e+02
6827.1396  -1.5984e+02  1.0072e+02
6828.3896  -5.9998e+01  1.1412e+02
6829.6401  7.7078e+01  1.5042e+02
6830.8906  1.1815e+02  1.8827e+02
6832.1406  2.0424e+02  2.0001e+02
6833.3911  2.2038e+01  1.6300e+02
