# SNR 8.6295
# Quality c
# flux_factor = 1.e-20
4878.7773  1.3037e+02  1.0564e+02
4880.0278  7.3814e+01  1.3393e+02
4881.2778  1.9931e+02  1.0483e+02
4882.5283  6.1515e+01  1.3596e+02
4883.7788  2.7073e+02  1.0689e+02
4885.0288  -7.2636e+01  1.1856e+02
4886.2793  1.3327e+02  1.0501e+02
4887.5298  2.0093e+00  1.2648e+02
4888.7798  -2.2063e+02  1.2137e+02
4890.0303  -1.0390e+02  1.5999e+02
4891.2808  -6.9765e+01  1.2883e+02
4892.5308  -5.6276e+01  1.1682e+02
4893.7812  -9.4797e+01  1.2302e+02
4895.0317  1.0463e+01  1.4619e+02
4896.2817  -2.3435e+01  1.4603e+02
4897.5322  -1.1238e+02  1.0638e+02
4898.7827  -1.1694e+02  1.3434e+02
4900.0332  4.7445e+01  9.9827e+01
4901.2832  1.2693e+02  1.3189e+02
4902.5337  6.4743e+01  1.0631e+02
4903.7842  7.9164e+01  1.0594e+02
4905.0342  -8.9600e+01  1.2309e+02
4906.2847  1.0447e+02  1.0656e+02
4907.5352  -7.4844e+01  1.2027e+02
4908.7852  -9.7267e+01  1.0405e+02
4910.0356  -1.2674e+02  1.3133e+02
4911.2861  1.2483e+01  1.1768e+02
4912.5361  5.2777e+01  1.2826e+02
4913.7866  9.9369e+01  1.1634e+02
4915.0371  3.3146e+01  1.3093e+02
4916.2871  -1.1959e+02  1.1687e+02
4917.5376  -1.4537e+02  1.5368e+02
4918.7881  -3.5120e+01  1.1983e+02
4920.0381  3.1220e+01  9.6006e+01
4921.2886  7.4694e+01  1.2104e+02
4922.5391  -4.3605e+01  1.0786e+02
4923.7891  9.6368e+01  1.0021e+02
4925.0396  5.3851e+01  1.1363e+02
4926.2900  1.3444e+02  1.2243e+02
4927.5400  2.5129e+01  1.1194e+02
4928.7905  1.0337e+01  1.2588e+02
4930.0410  1.8521e+02  1.5866e+02
4931.2915  -1.2608e+02  1.1524e+02
4932.5415  -3.8420e+01  1.1657e+02
4933.7920  2.5462e+01  1.0291e+02
4935.0425  -1.2952e+02  1.1742e+02
4936.2925  1.9546e+02  1.2128e+02
4937.5430  3.3674e+01  1.2271e+02
4938.7935  2.0542e+02  1.1198e+02
4940.0435  -4.1100e+01  1.1415e+02
4941.2939  -1.4538e+02  1.0147e+02
4942.5444  -9.7481e+01  1.0624e+02
4943.7944  -7.7192e+00  1.2023e+02
4945.0449  4.5980e+01  1.0325e+02
4946.2954  4.3323e+01  1.3213e+02
4947.5454  1.0969e+02  1.1932e+02
4948.7959  -9.6329e+01  1.1994e+02
4950.0464  -5.4189e-01  9.7731e+01
4951.2964  3.5212e+01  1.1567e+02
4952.5469  -3.0603e-01  1.1304e+02
4953.7974  -6.0871e+01  1.1876e+02
4955.0474  1.0169e+02  1.3146e+02
4956.2979  -1.8459e+02  1.0584e+02
4957.5483  8.9903e+01  1.2476e+02
4958.7983  3.5937e+02  1.1283e+02
4960.0488  7.0649e+02  1.3452e+02
4961.2993  8.1664e+02  1.3435e+02
4962.5498  5.1497e+02  1.2597e+02
4963.7998  3.6722e+02  1.0323e+02
4965.0503  2.0969e+02  9.9884e+01
4966.3008  1.0625e+02  1.0688e+02
4967.5508  1.2539e+01  1.0803e+02
4968.8013  2.4404e+01  1.1747e+02
4970.0518  -2.4981e+01  1.3556e+02
4971.3018  -1.6275e+02  1.1537e+02
4972.5522  -4.7091e+01  1.0790e+02
4973.8027  -8.1067e+01  1.1313e+02
4975.0527  1.2749e+02  1.2605e+02
4976.3032  5.3351e+01  1.5359e+02
4977.5537  -7.3844e+01  1.1817e+02
4978.8037  -8.0404e+00  1.2412e+02
4980.0542  -9.3391e+01  1.0554e+02
4981.3047  -2.3735e+01  1.2430e+02
4982.5547  -9.9643e+01  1.2259e+02
4983.8052  -1.8233e+01  1.1152e+02
4985.0557  9.5561e+01  1.1769e+02
4986.3057  1.0396e+02  1.0852e+02
4987.5562  7.2685e+01  9.8589e+01
4988.8066  1.9028e+01  1.4913e+02
4990.0566  4.2282e+01  1.1596e+02
4991.3071  -7.9063e+01  1.2386e+02
4992.5576  -1.6505e+02  1.3451e+02
4993.8081  -1.2306e+02  1.0825e+02
4995.0581  -5.4515e+01  1.0491e+02
4996.3086  2.4651e+01  9.8956e+01
4997.5591  -5.4597e+01  1.2065e+02
4998.8091  9.9535e+01  1.0280e+02
5000.0596  6.0924e+00  1.3030e+02
5001.3101  8.7799e+01  1.0088e+02
5002.5601  -2.3045e+02  1.2243e+02
5003.8105  -1.6576e+02  1.1076e+02
5005.0610  -1.2370e+01  1.1822e+02
5006.3110  -9.7101e+01  1.0452e+02
5007.5615  1.0884e+02  1.1571e+02
5008.8120  3.3076e+01  1.1245e+02
5010.0620  5.1699e+01  1.0215e+02
5011.3125  -1.2584e+02  1.0762e+02
5012.5630  1.2642e+02  1.1794e+02
5013.8130  -1.2571e+01  1.1726e+02
5015.0635  -1.6965e+01  1.1694e+02
5016.3140  -2.0786e+01  1.1935e+02
5017.5640  -1.1976e+02  1.0832e+02
5018.8145  -7.1361e+01  1.2033e+02
5020.0649  1.5644e+02  9.4300e+01
5021.3149  2.6449e+02  1.1067e+02
5022.5654  1.5428e+01  9.4138e+01
5023.8159  -3.7118e+01  1.2442e+02
5025.0664  1.8500e+02  9.3625e+01
5026.3164  9.6718e+01  1.0685e+02
5027.5669  -3.6136e+01  9.3475e+01
5028.8174  -8.9529e+01  1.1572e+02
5030.0674  -3.2656e+02  1.1322e+02
5031.3179  -3.3678e+02  1.2426e+02
5032.5684  -1.8018e+02  1.2243e+02
5033.8184  -1.0833e+01  9.9523e+01
5035.0688  2.3366e+01  9.9978e+01
5036.3193  -1.4193e+02  9.9986e+01
5037.5693  4.9049e+01  1.1188e+02
5038.8198  6.0538e+01  1.2855e+02
5040.0703  3.1986e+01  9.4620e+01
5041.3203  7.8099e+01  1.1390e+02
5042.5708  3.5873e+01  8.8628e+01
