# SNR 8.6034
# Quality c
# flux_factor = 1.e-20
5620.5698  -6.8284e+01  1.7142e+02
5621.8198  1.2721e+02  1.6900e+02
5623.0703  -1.6465e+01  1.6879e+02
5624.3208  6.7683e+01  1.7463e+02
5625.5708  1.8901e+02  1.8244e+02
5626.8213  -5.3550e+00  1.7996e+02
5628.0718  -2.1652e+01  1.7064e+02
5629.3218  2.5683e+01  1.6853e+02
5630.5723  4.0440e+01  1.6869e+02
5631.8228  1.2832e+02  1.6841e+02
5633.0732  4.4023e+01  1.6831e+02
5634.3232  -3.8101e+01  1.6933e+02
5635.5737  1.4289e+02  1.6860e+02
5636.8242  -1.5926e+02  1.6855e+02
5638.0742  1.2436e+02  1.6743e+02
5639.3247  2.5703e+02  1.6820e+02
5640.5752  1.0536e+02  1.7035e+02
5641.8252  -4.4648e+00  1.7290e+02
5643.0757  -8.6931e+01  1.6902e+02
5644.3262  -3.6360e+01  1.6730e+02
5645.5762  2.3834e+01  1.6995e+02
5646.8267  8.7463e+01  1.7705e+02
5648.0771  5.0086e+01  1.7736e+02
5649.3271  7.3305e+01  1.7135e+02
5650.5776  -5.6263e+01  1.6748e+02
5651.8281  -1.5966e+01  1.6795e+02
5653.0781  1.7339e+02  1.6813e+02
5654.3286  -2.1696e+01  1.6796e+02
5655.5791  -1.0510e+02  1.6800e+02
5656.8296  -1.0084e+02  1.6743e+02
5658.0796  4.3978e+01  1.6784e+02
5659.3301  1.0203e+02  1.6728e+02
5660.5806  1.0219e+02  1.6589e+02
5661.8306  -2.1009e+02  1.6645e+02
5663.0811  -2.5901e+02  1.6744e+02
5664.3315  4.5247e+01  1.6748e+02
5665.5815  4.4877e+01  1.7089e+02
5666.8320  3.5071e+00  1.6912e+02
5668.0825  7.1282e+01  1.6974e+02
5669.3325  4.7457e+01  1.6833e+02
5670.5830  2.1139e+02  1.7081e+02
5671.8335  1.5383e+02  1.7258e+02
5673.0835  -4.5241e+01  1.7073e+02
5674.3340  -5.8048e+01  1.7028e+02
5675.5845  -2.6374e+00  1.7034e+02
5676.8345  -7.5891e+01  1.7044e+02
5678.0850  -8.5242e+01  1.6793e+02
5679.3354  -5.4453e+01  1.6796e+02
5680.5859  6.0389e+01  1.6900e+02
5681.8359  -1.0502e+02  1.6915e+02
5683.0864  -1.4921e+02  1.6987e+02
5684.3369  3.1850e+02  1.6826e+02
5685.5869  1.1112e+02  1.6959e+02
5686.8374  2.7375e+02  1.6939e+02
5688.0879  1.2116e+01  1.7092e+02
5689.3379  -3.4630e+01  1.6917e+02
5690.5884  -7.5599e+01  1.6911e+02
5691.8389  -1.7666e+02  1.7189e+02
5693.0889  -1.4588e+02  1.7168e+02
5694.3394  2.0700e+02  1.7174e+02
5695.5898  5.6157e+01  1.7045e+02
5696.8398  -1.5979e+02  1.7018e+02
5698.0903  6.5690e+01  1.7310e+02
5699.3408  1.8449e+02  1.7143e+02
5700.5908  -4.5740e+00  1.6870e+02
5701.8413  4.9944e+01  1.6831e+02
5703.0918  6.0009e+01  1.6923e+02
5704.3423  3.3519e+02  1.6814e+02
5705.5923  -1.7768e+02  1.7002e+02
5706.8428  -1.5071e+02  1.6973e+02
5708.0933  -8.8801e+01  1.6859e+02
5709.3433  9.2933e+01  1.6950e+02
5710.5938  4.7059e+01  1.6848e+02
5711.8442  1.4571e+02  1.6673e+02
5713.0942  2.7662e+02  1.6810e+02
5714.3447  6.8883e+02  1.6954e+02
5715.5952  7.1150e+02  1.7079e+02
5716.8452  7.8478e+02  1.6842e+02
5718.0957  6.6560e+02  1.6882e+02
5719.3462  8.1285e+01  1.6978e+02
5720.5962  2.0481e+02  1.7065e+02
5721.8467  4.2425e+02  1.6974e+02
5723.0972  1.7081e+02  1.6971e+02
5724.3472  1.5246e+01  1.7051e+02
5725.5977  -6.5471e+01  1.7059e+02
5726.8481  -2.9435e+01  1.7063e+02
5728.0986  1.2828e+02  1.7080e+02
5729.3486  -7.4461e+01  1.6917e+02
5730.5991  6.0586e+01  1.6830e+02
5731.8496  1.1115e+02  1.6972e+02
5733.0996  -1.5331e+01  1.6714e+02
5734.3501  -1.2985e+02  1.6801e+02
5735.6006  -1.0205e+02  1.6741e+02
5736.8506  -2.5689e+02  1.6766e+02
5738.1011  4.6844e+01  1.6763e+02
5739.3516  3.1028e+01  1.6792e+02
5740.6016  2.2778e+02  1.6721e+02
5741.8521  6.2365e+01  1.6834e+02
5743.1025  -1.0941e+02  1.6772e+02
5744.3525  -2.5684e+02  1.6834e+02
5745.6030  -1.7064e+02  1.6791e+02
5746.8535  -5.8547e+00  1.6638e+02
5748.1040  7.7864e+01  1.6877e+02
5749.3540  -1.0160e+02  1.6728e+02
5750.6045  -2.6400e+01  1.6680e+02
5751.8550  -1.3400e+02  1.6718e+02
5753.1050  -3.6966e+01  1.6760e+02
5754.3555  -5.9774e+01  1.6729e+02
5755.6060  -3.2798e+01  1.6598e+02
5756.8560  7.4756e+01  1.6686e+02
5758.1064  1.7183e+02  1.6651e+02
5759.3569  6.0982e+01  1.6708e+02
5760.6069  2.8565e+01  1.6808e+02
5761.8574  -7.1288e+01  1.6876e+02
5763.1079  3.5615e+01  1.6566e+02
5764.3579  -1.3201e+01  1.6569e+02
5765.6084  2.0655e+02  1.6610e+02
5766.8589  2.4212e+01  1.6821e+02
5768.1089  -5.6395e+01  1.6778e+02
5769.3594  3.6430e+01  1.6819e+02
5770.6099  -8.7122e+01  1.6893e+02
5771.8604  -9.5308e+01  1.6878e+02
5773.1104  1.1296e+01  1.6887e+02
5774.3608  1.1882e+02  1.6801e+02
5775.6113  1.0995e+02  1.6736e+02
5776.8613  -9.1591e+00  1.6556e+02
5778.1118  -8.7465e+01  1.6613e+02
5779.3623  3.7316e+02  1.6711e+02
5780.6123  1.4369e+02  1.6663e+02
5781.8628  1.0225e+02  1.6425e+02
5783.1133  1.1085e+02  1.6561e+02
5784.3633  -4.1433e+01  1.6478e+02
5785.6138  2.4032e+02  1.6406e+02
5786.8643  -6.4746e+01  1.6412e+02
5788.1143  -1.2532e+02  1.6346e+02
5789.3647  -2.2900e+02  1.6453e+02
5790.6152  1.0298e+02  1.6528e+02
5791.8652  -5.2846e+01  1.6737e+02
5793.1157  1.7325e+02  1.6582e+02
5794.3662  -5.0649e+01  1.6591e+02
5795.6167  2.1252e+02  1.6753e+02
5796.8667  -3.8664e+00  1.6612e+02
5798.1172  1.0419e+02  1.6633e+02
5799.3677  -7.7521e+01  1.6523e+02
5800.6177  5.9305e-01  1.6414e+02
5801.8682  1.5565e+02  1.6391e+02
5803.1187  -1.5005e+01  1.6513e+02
5804.3687  1.5558e+02  1.6530e+02
5805.6191  -5.0601e+01  1.6581e+02
5806.8696  1.1863e+02  1.6388e+02
5808.1196  2.5218e+02  1.6447e+02
5809.3701  1.4972e+02  1.6545e+02
5810.6206  4.3400e+01  1.6620e+02
