# SNR 11.5416
# Quality c
# flux_factor = 1.e-20
6044.4331  4.1527e+01  1.5075e+02
6045.6836  -1.0158e+02  1.4933e+02
6046.9336  -2.6829e+01  1.5009e+02
6048.1841  -9.1919e+01  1.4952e+02
6049.4346  -1.2401e+02  1.4972e+02
6050.6846  -1.3523e+02  1.4875e+02
6051.9351  -9.4831e+01  1.5001e+02
6053.1855  -1.0137e+02  1.4981e+02
6054.4360  -1.4729e+02  1.4812e+02
6055.6860  1.0396e+01  1.4897e+02
6056.9365  1.2303e+02  1.4840e+02
6058.1870  1.0402e+01  1.4774e+02
6059.4370  -9.6206e+01  1.4815e+02
6060.6875  1.3184e+01  1.4725e+02
6061.9380  -1.0759e+01  1.4721e+02
6063.1880  2.3503e+02  1.4856e+02
6064.4385  4.4655e+00  1.5116e+02
6065.6890  1.3984e+02  1.5048e+02
6066.9390  -6.7761e+01  1.4702e+02
6068.1895  -1.0140e+00  1.4775e+02
6069.4399  -1.7234e+02  1.5134e+02
6070.6899  1.7153e+01  1.5116e+02
6071.9404  3.2024e+01  1.4797e+02
6073.1909  4.5351e+00  1.4723e+02
6074.4409  1.3966e+02  1.4581e+02
6075.6914  1.1076e+02  1.4718e+02
6076.9419  1.2064e+02  1.4635e+02
6078.1924  -9.3896e+01  1.4611e+02
6079.4424  -2.1798e+01  1.4558e+02
6080.6929  1.3381e+02  1.4632e+02
6081.9434  -1.3312e+02  1.4528e+02
6083.1934  -3.7525e+01  1.4552e+02
6084.4438  1.8321e+02  1.4347e+02
6085.6943  7.0057e+01  1.4461e+02
6086.9443  6.7636e+01  1.4493e+02
6088.1948  1.5066e+02  1.4472e+02
6089.4453  2.2438e+02  1.4525e+02
6090.6953  -2.3704e+00  1.4495e+02
6091.9458  -4.0673e+01  1.4541e+02
6093.1963  9.7966e+00  1.4311e+02
6094.4463  -1.1993e+02  1.4276e+02
6095.6968  7.4320e+01  1.4330e+02
6096.9473  9.3235e+01  1.4583e+02
6098.1978  -3.9517e+01  1.4718e+02
6099.4478  8.0742e+00  1.4593e+02
6100.6982  6.2260e+01  1.4626e+02
6101.9487  -6.4216e+01  1.4682e+02
6103.1987  -1.3168e+02  1.4508e+02
6104.4492  -1.0272e+02  1.4285e+02
6105.6997  2.7605e+01  1.4602e+02
6106.9497  6.6109e+01  1.4804e+02
6108.2002  -7.0210e+01  1.4702e+02
6109.4507  6.6012e+01  1.4511e+02
6110.7007  -9.4801e+01  1.4319e+02
6111.9512  6.5196e+01  1.4314e+02
6113.2017  8.3738e+01  1.4353e+02
6114.4517  6.0000e+01  1.4404e+02
6115.7021  -1.5330e+02  1.4388e+02
6116.9526  4.6061e+01  1.4276e+02
6118.2031  -1.7720e+02  1.4149e+02
6119.4531  -3.3982e+01  1.4195e+02
6120.7036  7.1554e+01  1.4205e+02
6121.9541  2.1805e+01  1.4163e+02
6123.2041  1.6039e+02  1.4219e+02
6124.4546  1.4442e+02  1.4039e+02
6125.7051  -1.7543e+02  1.3991e+02
6126.9551  5.4119e+01  1.3920e+02
6128.2056  4.4996e+01  1.4081e+02
6129.4561  1.0571e+02  1.3998e+02
6130.7061  1.7843e+02  1.4044e+02
6131.9565  1.7729e+01  1.3946e+02
6133.2070  -7.2980e+01  1.3912e+02
6134.4570  1.0147e+01  1.3859e+02
6135.7075  9.3345e+01  1.4067e+02
6136.9580  -2.0764e+01  1.4094e+02
6138.2085  8.9491e+01  1.4432e+02
6139.4585  1.7532e+02  1.4640e+02
6140.7090  1.6845e+02  1.4996e+02
6141.9595  -2.3301e+02  1.5281e+02
6143.2095  2.3255e+02  1.4627e+02
6144.4600  6.8771e+02  1.4380e+02
6145.7104  9.2073e+02  1.5220e+02
6146.9604  8.9489e+02  1.5584e+02
6148.2109  6.3091e+02  1.4734e+02
6149.4614  5.4383e+02  1.3938e+02
6150.7114  3.7022e+02  1.3748e+02
6151.9619  3.3640e+02  1.3982e+02
6153.2124  2.3502e+02  1.4181e+02
6154.4624  4.3490e+01  1.4088e+02
6155.7129  2.7429e+01  1.3819e+02
6156.9634  4.4569e+02  1.3825e+02
6158.2139  1.0877e+02  1.3698e+02
6159.4639  8.3572e+01  1.3610e+02
6160.7144  1.7581e+02  1.3554e+02
6161.9648  -3.9694e+00  1.3668e+02
6163.2148  -2.3291e+01  1.3694e+02
6164.4653  -2.3508e+01  1.3505e+02
6165.7158  -5.9457e+01  1.3424e+02
6166.9658  -4.7891e+01  1.3548e+02
6168.2163  -1.5893e+02  1.3523e+02
6169.4668  -1.1721e+02  1.3654e+02
6170.7168  1.0635e+02  1.3963e+02
6171.9673  9.4182e+01  1.5796e+02
6173.2178  1.1648e+02  1.6779e+02
6174.4678  1.3420e+02  1.5006e+02
6175.7183  -1.2615e+00  1.3709e+02
6176.9688  7.3623e+01  1.3975e+02
6178.2188  -3.5488e+01  1.4588e+02
6179.4692  3.2021e+01  1.4439e+02
6180.7197  -4.8875e+01  1.3694e+02
6181.9702  8.7960e+01  1.3574e+02
6183.2202  2.7213e+01  1.3580e+02
6184.4707  -6.1259e+01  1.3589e+02
6185.7212  -5.0616e+01  1.3771e+02
6186.9712  1.7170e+01  1.3965e+02
6188.2217  1.8942e+02  1.3669e+02
6189.4722  7.1481e+01  1.3484e+02
6190.7222  3.7709e+01  1.3672e+02
6191.9727  -1.7718e+02  1.3597e+02
6193.2231  1.2258e-01  1.3497e+02
6194.4731  1.7719e+02  1.4008e+02
6195.7236  -6.1282e+01  1.4221e+02
6196.9741  2.7426e+01  1.3754e+02
6198.2241  1.0086e+02  1.3509e+02
6199.4746  1.3148e+02  1.3383e+02
6200.7251  -2.3357e+01  1.3367e+02
6201.9756  -2.3606e+02  1.3427e+02
6203.2256  2.9783e+01  1.3936e+02
6204.4761  1.0043e+02  1.5887e+02
6205.7266  -6.3947e+01  1.6001e+02
6206.9766  -5.0631e+01  1.4082e+02
6208.2271  -1.2320e+02  1.3394e+02
6209.4775  6.5878e+01  1.3496e+02
6210.7275  8.6586e+01  1.3523e+02
6211.9780  1.0758e+02  1.3393e+02
6213.2285  5.0737e+01  1.3361e+02
6214.4785  -9.2822e+01  1.4085e+02
6215.7290  -1.8158e+02  1.4340e+02
6216.9795  -6.0203e+01  1.3713e+02
6218.2295  7.3998e+01  1.3303e+02
6219.4800  -4.9631e+01  1.3344e+02
6220.7305  2.0766e+01  1.3410e+02
6221.9810  -1.3361e+02  1.3659e+02
6223.2310  1.1259e+02  1.5574e+02
6224.4814  2.8742e+02  1.6388e+02
6225.7319  1.4175e+02  1.4735e+02
6226.9819  -1.1323e+02  1.3444e+02
6228.2324  -1.1438e+02  1.3321e+02
6229.4829  1.0368e+02  1.3107e+02
6230.7329  1.0818e+02  1.3315e+02
6231.9834  2.3493e+01  1.3191e+02
6233.2339  -1.6982e+02  1.3277e+02
6234.4839  -9.6363e+01  1.3854e+02
6235.7344  4.9809e+01  1.6488e+02
6236.9849  1.6192e+02  2.0141e+02
6238.2349  1.2713e+02  2.1517e+02
6239.4854  -1.4116e+02  1.9688e+02
6240.7358  -1.2417e+02  1.6021e+02
6241.9863  1.1800e+02  1.5215e+02
6243.2363  2.0163e+02  1.6104e+02
6244.4868  1.7179e+02  1.5903e+02
6245.7373  7.5632e+01  1.6034e+02
6246.9873  -2.2529e+01  1.4855e+02
6248.2378  6.9177e+01  1.3614e+02
