# SNR 8.3062
# Quality c
# flux_factor = 1.e-20
6990.5796  -2.2229e+01  5.3899e+01
6991.8296  -5.0952e+01  5.2301e+01
6993.0801  -5.9952e-01  6.2058e+01
6994.3306  5.2533e+01  5.5700e+01
6995.5806  -6.1552e+01  5.3450e+01
6996.8311  -6.8450e+00  6.1150e+01
6998.0815  -3.3958e+01  5.3081e+01
6999.3315  4.2774e+01  5.4658e+01
7000.5820  -8.3761e+01  6.1040e+01
7001.8325  7.5170e+01  5.7270e+01
7003.0830  -3.1429e+01  5.8661e+01
7004.3330  -1.8368e+01  6.5944e+01
7005.5835  1.7771e+02  7.2355e+01
7006.8340  -3.8658e+01  7.5466e+01
7008.0840  2.8524e+01  5.1550e+01
7009.3345  -5.0114e+01  5.6627e+01
7010.5850  1.8573e+01  5.7223e+01
7011.8350  -8.6283e+01  8.1518e+01
7013.0854  1.4053e+02  9.0185e+01
7014.3359  3.1258e+01  7.7287e+01
7015.5859  -3.7143e+01  4.9261e+01
7016.8364  3.3864e+01  5.5486e+01
7018.0869  4.4508e+01  5.4985e+01
7019.3374  -1.8505e+01  5.6554e+01
7020.5874  3.8977e+01  5.2786e+01
7021.8379  1.1689e+01  5.8909e+01
7023.0884  -6.5583e+00  6.4234e+01
7024.3384  5.2459e+01  4.9403e+01
7025.5889  -1.1701e+01  4.7571e+01
7026.8394  -7.8678e+01  4.7122e+01
7028.0894  4.5687e+01  4.7023e+01
7029.3398  3.9675e+01  4.8568e+01
7030.5903  1.4593e+02  6.1056e+01
7031.8403  6.9717e+01  5.4346e+01
7033.0908  -4.0521e+01  5.0659e+01
7034.3413  9.9367e+00  5.2222e+01
7035.5913  -4.7532e+01  6.1539e+01
7036.8418  1.2316e+01  5.2738e+01
7038.0923  7.5028e+01  5.5512e+01
7039.3428  -1.1486e+02  4.8564e+01
7040.5928  -6.4576e+01  4.9063e+01
7041.8433  -2.1471e+01  5.6182e+01
7043.0938  -5.4845e+01  6.2004e+01
7044.3438  -7.3425e+00  5.4867e+01
7045.5942  -3.4439e+01  5.9707e+01
7046.8447  1.1709e+01  5.4331e+01
7048.0947  -9.5820e+01  6.5736e+01
7049.3452  5.9959e+01  7.9535e+01
7050.5957  -5.2649e+01  7.6814e+01
7051.8457  7.5498e+01  6.4514e+01
7053.0962  -8.6662e+00  6.0078e+01
7054.3467  -2.2558e+01  5.8753e+01
7055.5972  1.1444e+02  5.8544e+01
7056.8472  4.7772e+01  5.3794e+01
7058.0977  1.1311e+02  6.2995e+01
7059.3481  2.4686e+01  5.9677e+01
7060.5981  8.4898e+01  4.9851e+01
7061.8486  7.9597e+01  5.5625e+01
7063.0991  1.3336e+02  5.9981e+01
7064.3491  1.3573e+02  6.1419e+01
7065.5996  6.0683e+01  6.4186e+01
7066.8501  9.7889e+01  5.6532e+01
7068.1001  2.5181e+01  7.0193e+01
7069.3506  2.0815e+01  5.6586e+01
7070.6011  4.0847e+01  5.6324e+01
7071.8511  -5.6660e+01  6.2012e+01
7073.1016  -7.3663e+01  5.8848e+01
7074.3521  -1.0672e+00  5.9023e+01
7075.6025  -1.3223e+01  5.7936e+01
7076.8525  -2.7978e+01  5.5235e+01
7078.1030  -5.1584e+00  5.9101e+01
7079.3535  2.2615e+01  5.6896e+01
7080.6035  -2.3351e+01  5.6224e+01
7081.8540  1.1200e+02  5.4217e+01
7083.1045  8.0714e+01  5.8400e+01
7084.3545  -3.6654e+01  6.4196e+01
7085.6050  -2.7725e+01  5.5404e+01
7086.8555  2.1835e+01  5.1323e+01
7088.1055  3.7786e+01  6.3100e+01
7089.3560  3.7982e+01  6.2945e+01
7090.6064  -3.0798e+01  6.6335e+01
7091.8569  3.6296e+01  7.7656e+01
7093.1069  -9.2147e+01  6.1297e+01
7094.3574  -1.0536e+02  6.4074e+01
7095.6079  1.9236e+01  5.2570e+01
7096.8579  1.2668e+01  5.0533e+01
7098.1084  4.2664e+00  5.9287e+01
7099.3589  -2.2438e+01  5.2314e+01
7100.6089  2.4010e+01  5.7456e+01
7101.8594  7.2339e+01  5.5851e+01
7103.1099  1.6452e+01  4.9563e+01
7104.3599  -1.2809e+02  4.9816e+01
7105.6104  1.8706e+01  5.4368e+01
7106.8608  2.1811e+02  5.8403e+01
7108.1108  2.9931e+02  6.4901e+01
7109.3613  3.7339e+02  5.0710e+01
7110.6118  1.9146e+02  5.6045e+01
7111.8623  2.1129e+02  5.6140e+01
7113.1123  1.4627e+02  5.3116e+01
7114.3628  1.8426e+02  5.9885e+01
7115.6133  1.4856e+02  5.1293e+01
7116.8633  6.0272e+01  5.9086e+01
7118.1138  6.4112e+01  5.1463e+01
7119.3643  2.2881e+01  5.0991e+01
7120.6143  -3.1019e+01  5.7022e+01
7121.8647  7.5018e+01  4.9343e+01
7123.1152  2.2486e+01  6.1502e+01
7124.3652  4.7166e+01  4.9697e+01
7125.6157  5.2786e+01  5.0209e+01
7126.8662  7.3845e+00  5.4405e+01
7128.1167  -8.9587e+00  5.6431e+01
7129.3667  -3.6462e+01  6.3411e+01
7130.6172  4.9378e+01  5.4201e+01
7131.8677  1.4247e+02  5.0609e+01
7133.1177  1.9808e+01  5.3108e+01
7134.3682  1.0168e+01  5.8856e+01
7135.6187  -6.0681e+01  5.5061e+01
7136.8687  2.4619e+01  6.2319e+01
7138.1191  1.4757e+01  5.3029e+01
7139.3696  6.8167e+01  6.0087e+01
7140.6196  -3.8927e+01  5.2512e+01
7141.8701  1.8523e+01  5.4221e+01
7143.1206  -2.4876e+01  5.8584e+01
7144.3706  -1.6195e+01  6.8479e+01
7145.6211  -5.1991e+01  7.6713e+01
7146.8716  5.7955e+01  7.3562e+01
7148.1221  3.9847e+00  7.0914e+01
7149.3721  -2.2661e+01  5.9968e+01
7150.6226  -3.6412e+01  7.2411e+01
7151.8730  4.4971e+01  7.2052e+01
7153.1230  4.4515e+01  6.6279e+01
7154.3735  1.0716e+01  5.7066e+01
7155.6240  3.2700e+01  4.8885e+01
7156.8740  3.0908e+00  5.4865e+01
7158.1245  -8.9779e+01  5.9875e+01
7159.3750  -1.0470e+02  6.5468e+01
7160.6250  1.8215e+01  5.6602e+01
7161.8755  6.2365e+01  5.4922e+01
7163.1260  4.7086e+00  6.3245e+01
7164.3765  8.7264e+01  6.6232e+01
7165.6265  1.7644e+01  5.3795e+01
7166.8770  5.8725e+01  5.8321e+01
7168.1274  5.7059e+01  6.6973e+01
7169.3774  -3.8907e+01  5.9448e+01
7170.6279  2.0073e+01  5.7525e+01
7171.8784  -6.5019e+01  5.9746e+01
7173.1284  -7.3378e+01  5.6206e+01
7174.3789  7.0336e+00  6.4889e+01
7175.6294  -8.2839e+01  8.0647e+01
7176.8794  -1.2165e+02  7.3559e+01
7178.1299  -1.2420e+02  7.1243e+01
7179.3804  2.4333e+01  6.6330e+01
7180.6309  1.5578e+02  7.9226e+01
7181.8809  1.3667e+02  8.3166e+01
7183.1313  1.9880e+01  7.2055e+01
7184.3818  -7.6695e+01  6.8413e+01
7185.6318  2.8628e+00  6.9184e+01
7186.8823  -3.5479e+01  7.4032e+01
7188.1328  -5.0822e+01  6.1038e+01
7189.3828  1.6974e+01  6.8284e+01
7190.6333  5.0875e+01  6.7461e+01
7191.8838  6.8070e+01  6.2329e+01
7193.1338  1.7163e+01  6.2918e+01
7194.3843  -1.6224e+01  6.2452e+01
7195.6348  -9.7051e+00  5.1277e+01
7196.8848  -2.1316e+01  5.4457e+01
7198.1353  1.7165e+01  5.5841e+01
7199.3857  -4.0993e+01  5.0635e+01
7200.6362  2.3140e+01  5.7862e+01
7201.8862  4.0696e+00  5.4585e+01
7203.1367  3.2417e+01  5.7466e+01
7204.3872  2.7240e+01  6.4317e+01
7205.6372  7.1740e+01  6.1848e+01
7206.8877  -3.9176e+00  6.5082e+01
7208.1382  4.1244e+01  5.7180e+01
7209.3882  7.4281e+01  5.7472e+01
7210.6387  1.9798e+01  5.6298e+01
7211.8892  6.7173e+01  4.8316e+01
7213.1392  -7.1685e+01  5.7578e+01
7214.3896  4.0748e+01  5.9770e+01
7215.6401  -4.8951e+01  6.3423e+01
7216.8906  1.6445e+01  5.4268e+01
7218.1406  9.0762e+01  4.9154e+01
7219.3911  4.6461e+01  5.6438e+01
7220.6416  1.7793e+01  4.7358e+01
7221.8916  5.3814e+00  6.0435e+01
7223.1421  2.8914e+01  6.1561e+01
7224.3926  -8.2959e+01  6.5311e+01
7225.6426  -5.7394e+01  6.8392e+01
7226.8931  -2.1746e+01  5.3643e+01
