# SNR 12.5904
# Quality c
# flux_factor = 1.e-20
5272.7012  -5.0827e+01  1.0061e+02
5273.9512  -9.7489e+00  1.0172e+02
5275.2017  1.3324e+01  1.0150e+02
5276.4521  8.6558e+01  1.0530e+02
5277.7021  -1.2433e+02  1.0793e+02
5278.9526  3.2913e+01  1.0343e+02
5280.2031  3.5064e+01  1.0186e+02
5281.4531  4.6415e+00  1.0197e+02
5282.7036  -8.6614e+01  9.9690e+01
5283.9541  -8.9070e+01  9.9413e+01
5285.2041  -9.9969e+00  9.8531e+01
5286.4546  -7.7845e+01  1.0003e+02
5287.7051  8.4641e+01  1.0255e+02
5288.9551  -5.9847e+01  1.0086e+02
5290.2056  -1.2502e+02  1.0019e+02
5291.4561  -2.0520e+01  1.0123e+02
5292.7061  -7.9419e+01  1.0201e+02
5293.9565  4.1114e+01  1.0143e+02
5295.2070  -9.2578e+00  1.0164e+02
5296.4570  -2.6171e+01  1.0070e+02
5297.7075  -4.3486e+01  9.9608e+01
5298.9580  -2.2839e+01  1.0160e+02
5300.2085  -6.8262e+01  1.0435e+02
5301.4585  -7.0061e+01  1.0294e+02
5302.7090  1.4376e+02  1.0017e+02
5303.9595  8.6961e+01  1.0184e+02
5305.2095  1.8105e+02  1.0098e+02
5306.4600  2.2981e+01  1.0148e+02
5307.7104  -4.3233e+01  1.0251e+02
5308.9604  -8.1082e+00  1.0136e+02
5310.2109  6.5427e+01  1.0088e+02
5311.4614  2.7445e+01  1.0030e+02
5312.7114  2.0473e+01  1.0136e+02
5313.9619  2.5396e+01  1.0361e+02
5315.2124  8.1212e+01  1.0221e+02
5316.4624  -2.8938e+01  1.0027e+02
5317.7129  -1.4087e+02  9.9978e+01
5318.9634  5.9394e+01  1.0053e+02
5320.2134  -2.3313e+00  1.0097e+02
5321.4639  -9.0554e+01  1.0052e+02
5322.7144  -1.0377e+02  1.0084e+02
5323.9644  5.8108e+01  1.0130e+02
5325.2148  3.5069e+01  1.0101e+02
5326.4653  -7.9866e+01  1.0068e+02
5327.7158  1.1064e+02  1.0010e+02
5328.9658  6.0802e+01  1.0128e+02
5330.2163  5.9494e+01  1.0814e+02
5331.4668  8.5705e+01  1.1598e+02
5332.7168  2.4036e+01  1.1166e+02
5333.9673  1.0272e+02  1.0426e+02
5335.2178  7.7989e+01  1.0012e+02
5336.4678  -3.3160e+01  1.0162e+02
5337.7183  -1.0236e+02  1.0087e+02
5338.9688  2.4374e+02  1.0038e+02
5340.2188  3.6426e+01  9.9321e+01
5341.4692  -1.0423e+02  9.8024e+01
5342.7197  -6.6752e+01  9.7768e+01
5343.9697  -5.0779e+01  9.9699e+01
5345.2202  7.1138e+01  9.9545e+01
5346.4707  -6.8958e+00  9.9208e+01
5347.7207  -1.3117e+02  9.8600e+01
5348.9712  -7.0089e+01  9.9522e+01
5350.2217  8.1165e+01  1.0024e+02
5351.4722  -5.0247e+01  1.0144e+02
5352.7222  -9.3446e+01  9.9611e+01
5353.9727  1.0895e+02  9.9337e+01
5355.2231  1.2629e+02  9.9462e+01
5356.4731  6.0837e+01  1.0038e+02
5357.7236  1.1587e+01  9.9514e+01
5358.9741  5.3084e+00  9.9247e+01
5360.2241  3.2727e+02  9.8605e+01
5361.4746  5.7357e+02  9.9469e+01
5362.7251  5.5492e+02  9.8407e+01
5363.9751  5.2588e+02  9.6852e+01
5365.2256  2.1182e+02  9.7092e+01
5366.4761  1.7490e+02  9.6075e+01
5367.7261  1.5553e+02  9.7885e+01
5368.9766  2.2154e+02  9.7296e+01
5370.2271  1.5758e+02  9.7629e+01
5371.4771  -1.0897e+02  9.6797e+01
5372.7275  3.2876e+01  9.6681e+01
5373.9780  -8.2004e+00  9.7424e+01
5375.2280  -1.0704e+02  9.8210e+01
5376.4785  2.4535e+01  9.8909e+01
5377.7290  -7.7871e+01  9.7688e+01
5378.9795  3.2392e+01  9.7408e+01
5380.2295  1.0169e+02  9.7035e+01
5381.4800  -3.0813e+01  9.7758e+01
5382.7305  7.9825e+00  9.6772e+01
5383.9805  9.8482e+01  9.5758e+01
5385.2310  -1.1813e+01  9.6413e+01
5386.4814  -8.9483e+00  9.6793e+01
5387.7314  -1.2848e+01  9.7965e+01
5388.9819  -8.7602e+01  9.6941e+01
5390.2324  2.8366e+01  9.7236e+01
5391.4824  -8.0821e+00  9.6584e+01
5392.7329  -1.1969e+02  9.6334e+01
5393.9834  -3.3484e+01  9.5704e+01
5395.2334  -9.4014e+01  9.5736e+01
5396.4839  -1.2089e+02  9.5542e+01
5397.7344  -1.6321e+02  9.5666e+01
5398.9844  -2.4146e+01  9.5718e+01
5400.2349  -5.2717e+01  9.5380e+01
5401.4854  -3.0917e+01  9.4761e+01
5402.7358  4.1019e+00  9.6248e+01
5403.9858  1.0144e+02  9.5956e+01
5405.2363  6.0554e+01  9.3901e+01
5406.4868  5.7820e-01  9.4047e+01
5407.7368  -1.3216e+02  9.4879e+01
5408.9873  -4.9305e+01  9.5050e+01
5410.2378  -5.5141e+01  9.4704e+01
5411.4878  -1.3797e+02  9.4849e+01
5412.7383  2.8559e+01  9.5035e+01
5413.9888  -3.0025e+01  9.5701e+01
5415.2388  5.8368e+01  9.5384e+01
5416.4893  -1.0007e+02  9.4886e+01
5417.7397  -1.3148e+01  9.5240e+01
5418.9897  -4.5688e-01  9.6490e+01
5420.2402  -5.3785e+01  9.5810e+01
5421.4907  2.9977e+01  9.5829e+01
5422.7407  3.4646e+00  9.6011e+01
5423.9912  7.4086e+01  9.5416e+01
5425.2417  -7.0210e+01  9.4838e+01
5426.4922  -1.3383e+02  9.5198e+01
5427.7422  -1.2135e+02  9.5890e+01
5428.9927  -1.9727e+02  9.5900e+01
5430.2432  -3.2714e+01  9.5196e+01
5431.4932  8.3675e+01  9.5072e+01
5432.7437  5.1847e+01  9.4788e+01
5433.9941  -1.3799e+02  9.4746e+01
5435.2441  -1.3383e+02  9.5587e+01
5436.4946  4.5924e+01  9.7281e+01
5437.7451  8.1246e+01  9.8056e+01
5438.9951  3.3242e+01  9.8304e+01
5440.2456  3.4125e+00  9.5817e+01
5441.4961  -5.1083e+01  9.5828e+01
5442.7461  -1.3068e+02  9.5637e+01
5443.9966  -6.3651e+01  9.5482e+01
5445.2471  6.8403e+01  9.5120e+01
5446.4971  -5.6687e+01  9.4537e+01
5447.7476  7.2179e+00  9.4591e+01
5448.9980  -1.1468e+02  9.4294e+01
5450.2480  -8.3769e+01  9.4678e+01
