# SNR 8.6928
# Quality c
# flux_factor = 1.e-20
6007.8286  4.8146e+01  6.6609e+01
6009.0791  -6.5838e+00  6.5748e+01
6010.3291  -2.0691e+01  7.6121e+01
6011.5796  -4.9309e+01  6.5785e+01
6012.8301  7.3418e+01  6.8843e+01
6014.0801  -2.2746e+01  7.2741e+01
6015.3306  1.0255e+02  7.2276e+01
6016.5811  -1.5686e+01  6.4714e+01
6017.8311  -6.3992e+01  6.9585e+01
6019.0815  -1.1356e+02  9.3284e+01
6020.3320  -4.7891e+01  9.1325e+01
6021.5820  5.3138e+01  7.7467e+01
6022.8325  5.2510e+01  8.1594e+01
6024.0830  -5.4295e+00  6.3338e+01
6025.3335  3.6597e+01  6.8868e+01
6026.5835  2.9369e+01  7.2949e+01
6027.8340  -5.3622e+01  6.7378e+01
6029.0845  4.6593e+01  7.6045e+01
6030.3345  1.3084e+02  7.2056e+01
6031.5850  3.2117e+01  6.9414e+01
6032.8354  8.1098e+01  7.5486e+01
6034.0854  1.1363e+02  6.9259e+01
6035.3359  1.2239e+01  8.1539e+01
6036.5864  -3.3325e+01  6.9070e+01
6037.8364  6.8934e+01  7.3679e+01
6039.0869  -7.0938e+01  6.6918e+01
6040.3374  8.1256e+01  7.8836e+01
6041.5874  -5.0078e+01  7.1274e+01
6042.8379  5.1762e+01  6.3669e+01
6044.0884  -6.2546e+01  7.1834e+01
6045.3389  -3.4117e+01  6.3599e+01
6046.5889  -5.2271e+01  6.2492e+01
6047.8394  6.6283e+01  6.9237e+01
6049.0898  -3.2731e+01  7.3574e+01
6050.3398  -2.7733e+01  6.5385e+01
6051.5903  1.8687e+01  6.6469e+01
6052.8408  -1.1624e+01  6.3970e+01
6054.0908  6.4904e+01  8.2622e+01
6055.3413  -3.4829e+01  7.5569e+01
6056.5918  -3.4907e+01  7.2175e+01
6057.8418  5.0762e+01  6.6911e+01
6059.0923  -8.5391e+00  7.7978e+01
6060.3428  3.6458e+01  6.3152e+01
6061.5928  -1.8295e+02  7.1017e+01
6062.8433  -5.9883e+01  7.3309e+01
6064.0938  1.2425e+02  8.2839e+01
6065.3442  -1.1332e+00  6.9760e+01
6066.5942  2.2767e+01  7.3550e+01
6067.8447  3.2686e+01  7.4276e+01
6069.0952  -4.4887e+01  7.8690e+01
6070.3452  -8.6019e+01  6.7671e+01
6071.5957  -4.2075e+01  7.3456e+01
6072.8462  -1.0063e+02  6.4747e+01
6074.0962  5.3005e+01  6.8560e+01
6075.3467  -9.7647e+01  8.3126e+01
6076.5972  -1.2064e+02  7.7818e+01
6077.8472  1.2299e+02  7.7125e+01
6079.0977  -2.1061e+01  6.3066e+01
6080.3481  1.4375e+01  6.3434e+01
6081.5981  9.9843e+01  6.3351e+01
6082.8486  -8.5122e+01  8.3169e+01
6084.0991  2.0582e+01  6.8375e+01
6085.3491  2.2046e+01  8.3204e+01
6086.5996  -1.1097e+02  8.0859e+01
6087.8501  -8.8145e+01  7.8324e+01
6089.1006  -1.1871e+01  6.5825e+01
6090.3506  1.3016e+01  6.2944e+01
6091.6011  -1.2776e+02  7.1880e+01
6092.8516  -8.5277e+01  7.7971e+01
6094.1016  6.3971e+00  6.4717e+01
6095.3521  -5.6911e+01  7.1221e+01
6096.6025  -3.0119e+01  6.3620e+01
6097.8525  4.8442e+01  7.1127e+01
6099.1030  6.1375e+01  7.9311e+01
6100.3535  7.0771e+01  6.6046e+01
6101.6035  3.3512e+01  8.0714e+01
6102.8540  -2.9256e+01  8.5265e+01
6104.1045  2.9580e+01  6.3273e+01
6105.3545  7.7526e+00  6.4151e+01
6106.6050  2.4208e+02  6.4866e+01
6107.8555  3.3042e+02  6.4042e+01
6109.1060  3.9895e+02  7.4584e+01
6110.3560  3.5756e+02  6.6558e+01
6111.6064  2.7593e+02  6.2146e+01
6112.8569  1.6604e+02  6.2677e+01
6114.1069  1.6331e+02  6.6274e+01
6115.3574  8.1935e+01  7.5539e+01
6116.6079  1.1360e+02  7.3070e+01
6117.8579  -5.5669e+01  6.5956e+01
6119.1084  7.8563e+01  7.6480e+01
6120.3589  1.1097e+02  8.6490e+01
6121.6089  -1.6376e+01  6.9209e+01
6122.8594  9.5108e+01  6.4902e+01
6124.1099  4.8936e+01  7.4332e+01
6125.3599  1.0139e+02  7.6339e+01
6126.6104  1.4464e+02  6.9878e+01
6127.8608  5.5390e+01  6.4317e+01
6129.1113  7.1171e+01  7.2341e+01
6130.3613  5.2054e+01  7.3561e+01
6131.6118  8.5830e+01  6.1739e+01
6132.8623  -8.4148e+00  6.1301e+01
6134.1123  1.1507e+02  6.1000e+01
6135.3628  6.2518e+01  6.1934e+01
6136.6133  1.2709e+02  6.3267e+01
6137.8633  3.7387e+00  6.5527e+01
6139.1138  -6.2354e+01  6.6729e+01
6140.3643  -6.7031e+01  6.8586e+01
6141.6143  6.1190e+01  7.4602e+01
6142.8647  -7.3501e+01  8.2720e+01
6144.1152  -6.5857e+01  8.4703e+01
6145.3652  -9.7946e+00  7.1422e+01
6146.6157  3.7096e+01  7.0159e+01
6147.8662  1.4702e+01  6.2653e+01
6149.1167  8.5571e+01  7.1315e+01
6150.3667  5.4337e+00  7.3587e+01
6151.6172  -8.7229e+01  6.5163e+01
6152.8677  2.1801e+01  8.7596e+01
6154.1177  5.4956e+01  8.5956e+01
6155.3682  1.2055e+02  7.8835e+01
6156.6187  8.0913e+01  7.5191e+01
6157.8687  2.6949e+01  8.6554e+01
6159.1191  -1.0914e+02  8.9933e+01
6160.3696  -7.2220e+01  8.6732e+01
6161.6196  -1.5339e+01  7.1385e+01
6162.8701  3.4303e+01  6.3278e+01
6164.1206  1.9191e+01  6.0349e+01
6165.3706  1.6188e+02  7.1748e+01
6166.6211  8.2184e+01  5.9424e+01
6167.8716  4.5172e+01  5.8721e+01
6169.1216  8.4644e+01  6.0278e+01
6170.3721  8.5416e+01  7.5967e+01
6171.6226  3.0473e+01  7.5229e+01
6172.8730  -8.5310e+01  8.4063e+01
6174.1230  -4.6082e+01  8.0917e+01
6175.3735  6.5212e+00  6.7169e+01
6176.6240  8.1511e+01  8.7833e+01
6177.8740  -3.1372e+00  7.5429e+01
6179.1245  7.2392e+01  7.2169e+01
6180.3750  1.1141e+02  7.7924e+01
6181.6250  1.0990e+02  6.8282e+01
6182.8755  9.6820e+01  5.8765e+01
6184.1260  8.3846e+01  7.2585e+01
6185.3760  6.6037e+01  6.0488e+01
6186.6265  1.5943e+01  6.0489e+01
6187.8770  -1.1024e+02  6.2284e+01
6189.1270  1.0068e+01  6.0223e+01
6190.3774  3.8997e+01  6.6577e+01
6191.6279  3.4886e+01  6.5028e+01
6192.8784  8.0400e+00  6.9667e+01
6194.1284  1.5246e+02  6.5379e+01
6195.3789  8.4691e+01  7.2932e+01
6196.6294  2.8929e+00  6.6560e+01
6197.8794  7.9766e+01  6.5135e+01
6199.1299  5.2460e+01  7.3818e+01
6200.3804  3.9261e+01  5.7419e+01
6201.6304  1.7921e+01  5.9930e+01
6202.8809  -1.1302e+02  7.2223e+01
6204.1313  9.1778e+01  7.2001e+01
6205.3813  4.3854e+01  6.7121e+01
6206.6318  2.5217e+01  6.4003e+01
6207.8823  9.3332e+01  6.5396e+01
6209.1323  6.2947e+01  6.6037e+01
6210.3828  -7.0885e+01  6.7626e+01
