# SNR 8.2995
# Quality c
# flux_factor = 1.e-20
6503.1650  -2.2497e+02  1.1211e+02
6504.4155  -6.6994e+01  1.0535e+02
6505.6660  -3.2962e+01  1.1428e+02
6506.9160  1.6591e+02  1.2966e+02
6508.1665  -1.0626e+02  1.2082e+02
6509.4170  3.1882e+01  1.0414e+02
6510.6670  -1.2055e+01  1.0146e+02
6511.9175  -9.4823e+01  1.0139e+02
6513.1680  -2.8001e+01  1.0124e+02
6514.4180  7.5232e+00  1.0225e+02
6515.6685  5.1778e+01  1.0826e+02
6516.9189  7.0031e+01  1.0703e+02
6518.1689  3.3207e+01  1.0062e+02
6519.4194  7.9660e+01  9.9111e+01
6520.6699  1.4230e+01  9.9704e+01
6521.9199  -1.3917e+02  1.0091e+02
6523.1704  -1.4949e+01  1.1058e+02
6524.4209  -1.0868e+01  1.2285e+02
6525.6714  3.8977e+01  1.1502e+02
6526.9214  5.7322e+01  1.0367e+02
6528.1719  1.3622e+02  1.0295e+02
6529.4224  8.7530e+01  1.0296e+02
6530.6724  1.9697e+01  1.0032e+02
6531.9229  -1.5648e+02  1.0054e+02
6533.1733  -9.8303e+01  1.1254e+02
6534.4233  9.1711e+01  1.6912e+02
6535.6738  -1.0676e+02  1.7766e+02
6536.9243  -3.6368e+02  1.1879e+02
6538.1743  -5.6819e+01  1.0073e+02
6539.4248  3.7095e+01  9.9466e+01
6540.6753  6.9590e+01  1.0072e+02
6541.9253  5.3476e+01  1.0396e+02
6543.1758  7.8031e+01  1.0548e+02
6544.4263  5.9009e+01  1.1123e+02
6545.6768  1.4803e+02  1.2822e+02
6546.9268  6.1066e+01  1.2648e+02
6548.1772  1.5683e+01  1.0661e+02
6549.4277  2.4411e+01  1.0203e+02
6550.6777  1.2756e+02  1.0209e+02
6551.9282  1.3749e+01  1.0003e+02
6553.1787  -5.7484e+01  1.0447e+02
6554.4287  -9.2425e+01  1.3332e+02
6555.6792  -1.4272e+02  1.9211e+02
6556.9297  -1.2439e+02  1.3676e+02
6558.1797  -6.6468e+01  1.0400e+02
6559.4302  3.4568e+01  9.8859e+01
6560.6807  -9.4158e+00  9.7482e+01
6561.9312  -1.5208e+02  9.9602e+01
6563.1812  -2.3298e+02  1.2212e+02
6564.4316  1.0128e+02  1.9179e+02
6565.6821  -6.3265e+01  1.8385e+02
6566.9321  -9.1560e+01  1.1523e+02
6568.1826  -7.4092e+01  9.8320e+01
6569.4331  -7.2385e+01  1.0714e+02
6570.6831  2.7026e+01  1.2260e+02
6571.9336  -9.5262e+00  1.1868e+02
6573.1841  5.3880e+00  1.0449e+02
6574.4341  -8.9132e+01  1.0097e+02
6575.6846  1.9578e+01  1.0057e+02
6576.9351  -8.5495e+00  1.0362e+02
6578.1851  1.1320e+02  1.2367e+02
6579.4355  -3.7166e+01  1.7363e+02
6580.6860  -1.2516e+02  1.2605e+02
6581.9365  5.4148e+01  1.0284e+02
6583.1865  8.7866e+01  9.8509e+01
6584.4370  7.7339e+01  1.0145e+02
6585.6875  4.2484e+01  1.0423e+02
6586.9375  -1.1629e+02  1.0185e+02
6588.1880  -8.6887e+01  9.9189e+01
6589.4385  1.4057e+01  9.7645e+01
6590.6885  -5.9167e+01  9.8221e+01
6591.9390  2.5747e+01  9.8539e+01
6593.1895  -3.1391e+01  9.9765e+01
6594.4395  2.7097e+00  9.7997e+01
6595.6899  -1.8279e+01  9.7994e+01
6596.9404  7.5592e+00  1.0145e+02
6598.1904  6.6021e+01  1.1319e+02
6599.4409  -2.6490e+01  1.1226e+02
6600.6914  3.5172e+01  1.0024e+02
6601.9419  -8.1144e+00  9.8129e+01
6603.1919  3.3437e-01  9.8553e+01
6604.4424  -9.2489e+01  1.0583e+02
6605.6929  9.6361e+01  1.2648e+02
6606.9429  1.0954e+02  1.2693e+02
6608.1934  -2.8670e+01  1.0508e+02
6609.4438  -2.2405e+01  9.6764e+01
6610.6938  1.6088e+02  9.6584e+01
6611.9443  3.4475e+02  9.6960e+01
6613.1948  4.6425e+02  9.6828e+01
6614.4448  3.3097e+02  9.6734e+01
6615.6953  3.4071e+02  9.6512e+01
6616.9458  1.9012e+02  9.7475e+01
6618.1958  1.6749e+02  9.7463e+01
6619.4463  4.8340e+01  9.6769e+01
6620.6968  1.9772e-02  9.6515e+01
6621.9473  -5.8786e+01  9.7182e+01
6623.1973  1.6583e+01  9.7074e+01
6624.4478  3.5733e+01  9.6574e+01
6625.6982  3.2749e+01  9.5875e+01
6626.9482  3.4313e+01  9.7050e+01
6628.1987  5.0263e+00  9.9053e+01
6629.4492  6.4483e+00  1.0587e+02
6630.6992  -7.0711e+01  1.0283e+02
6631.9497  -2.1530e-01  9.8318e+01
6633.2002  2.3443e+01  9.7360e+01
6634.4502  1.9313e+01  1.0033e+02
6635.7007  3.4395e+01  1.1023e+02
6636.9512  -2.1032e+01  1.1084e+02
6638.2012  5.4571e+01  1.0021e+02
6639.4517  3.6212e+01  9.6926e+01
6640.7021  -8.9557e+01  9.7873e+01
6641.9526  3.7086e+01  9.7326e+01
6643.2026  -1.0209e+02  9.7099e+01
6644.4531  2.5114e+01  9.6346e+01
6645.7036  -2.1746e+01  9.5866e+01
6646.9536  -3.1944e+01  9.5673e+01
6648.2041  -4.4802e+01  9.5084e+01
6649.4546  7.2850e+01  9.5434e+01
6650.7046  3.4314e+00  9.6083e+01
6651.9551  8.5866e+01  9.7120e+01
6653.2056  7.5145e+01  9.7076e+01
6654.4556  -5.6190e+01  9.6200e+01
6655.7061  -1.2809e+01  9.6262e+01
6656.9565  2.5798e+01  9.5925e+01
6658.2070  -6.0800e+01  9.5871e+01
6659.4570  -2.0375e+02  9.6317e+01
6660.7075  5.2580e+01  9.5774e+01
6661.9580  3.0934e+01  9.5944e+01
6663.2080  4.5996e+01  9.8839e+01
6664.4585  9.5289e+01  9.8375e+01
6665.7090  1.7257e+01  9.7690e+01
6666.9590  -1.6985e+00  9.5799e+01
6668.2095  -8.3864e+00  9.7710e+01
6669.4600  8.7383e+00  1.0260e+02
6670.7100  6.7383e+01  1.0012e+02
6671.9604  -8.0884e+01  9.5452e+01
6673.2109  -4.0911e+01  9.4690e+01
6674.4609  1.3586e+01  9.5067e+01
6675.7114  -2.1874e+01  9.5538e+01
6676.9619  -6.9629e+01  9.4772e+01
6678.2124  6.8615e+01  9.4898e+01
6679.4624  1.8216e+02  9.4716e+01
6680.7129  1.1547e+02  9.4388e+01
6681.9634  6.1754e+01  9.4731e+01
6683.2134  2.0560e+01  9.4732e+01
6684.4639  -2.6604e-01  9.3593e+01
6685.7144  -4.4096e+01  9.5014e+01
6686.9644  -1.0865e+02  9.5328e+01
6688.2148  -7.2287e+01  9.5424e+01
6689.4653  7.9812e+01  9.5964e+01
6690.7153  -3.9642e+00  9.5177e+01
6691.9658  8.4071e+01  9.4148e+01
6693.2163  1.2120e+02  9.4376e+01
6694.4663  1.2132e+02  9.3859e+01
6695.7168  -6.5581e+01  9.3736e+01
6696.9673  9.0479e+00  9.3321e+01
6698.2178  -1.3188e+01  9.4000e+01
6699.4678  4.7191e+01  9.6711e+01
6700.7183  6.5360e+01  1.0004e+02
6701.9688  1.1286e+02  1.0044e+02
6703.2188  -5.0154e+01  9.6554e+01
6704.4692  1.1653e+01  9.5424e+01
6705.7197  2.8121e+01  9.7610e+01
6706.9697  -5.6084e+01  9.7616e+01
6708.2202  4.6249e+01  9.6135e+01
6709.4707  1.0098e+02  9.5102e+01
6710.7207  7.4384e+01  9.5208e+01
6711.9712  1.6655e+01  9.4729e+01
6713.2217  -1.0583e+02  9.4802e+01
6714.4722  -8.9957e+01  9.3713e+01
6715.7222  -5.6487e+01  9.4613e+01
6716.9727  1.6835e+02  9.5682e+01
6718.2231  -4.9954e+01  9.8497e+01
6719.4731  -6.3625e+00  9.9395e+01
6720.7236  -3.3549e+01  9.4765e+01
6721.9741  5.5807e+01  9.3145e+01
6723.2241  1.0143e+01  9.2633e+01
