# SNR 9.9697
# Quality c
# flux_factor = 1.e-20
5565.0396  -3.0256e+01  8.3035e+01
5566.2900  -1.4573e+01  8.4572e+01
5567.5405  -1.1079e+02  7.2515e+01
5568.7905  7.4308e+01  8.1636e+01
5570.0410  -3.1155e+01  8.8284e+01
5571.2915  9.9158e+01  7.6567e+01
5572.5415  -3.6783e+01  7.7880e+01
5573.7920  -5.1905e+01  7.8701e+01
5575.0425  2.1250e+01  1.1011e+02
5576.2925  1.4690e+01  2.8390e+02
5577.5430  1.3886e+01  5.4270e+02
5578.7935  8.7876e+00  5.6972e+02
5580.0435  1.3403e+01  3.3007e+02
5581.2939  -9.5715e+00  1.1011e+02
5582.5444  9.6617e+01  1.0927e+02
5583.7949  -3.4075e+01  8.5156e+01
5585.0449  2.8138e+01  7.0101e+01
5586.2954  4.6685e+01  9.6681e+01
5587.5459  2.1276e+01  8.3585e+01
5588.7959  6.0573e+01  7.2766e+01
5590.0464  -2.0833e+00  8.9844e+01
5591.2969  2.0695e+01  7.6020e+01
5592.5469  -1.3217e+02  6.7474e+01
5593.7974  -1.1361e+01  7.3527e+01
5595.0479  7.0595e+01  8.0217e+01
5596.2979  -3.6391e+01  7.4198e+01
5597.5483  8.8496e+01  6.4078e+01
5598.7988  1.3748e+01  9.8254e+01
5600.0488  1.1605e+02  7.6104e+01
5601.2993  -2.5380e+01  7.3771e+01
5602.5498  -7.6103e+01  7.8020e+01
5603.7998  1.8233e+01  8.9556e+01
5605.0503  1.1277e+01  6.7707e+01
5606.3008  1.0277e+02  9.2941e+01
5607.5513  4.1282e+01  8.0922e+01
5608.8013  -3.6217e+01  6.9393e+01
5610.0518  2.3691e+01  8.0007e+01
5611.3022  6.3748e+01  6.9982e+01
5612.5522  -1.2383e+01  7.6685e+01
5613.8027  5.3688e+01  6.5912e+01
5615.0532  6.5505e+01  6.7379e+01
5616.3032  6.4610e+00  6.3655e+01
5617.5537  -6.1828e+01  7.4913e+01
5618.8042  6.4262e+01  6.3942e+01
5620.0542  -6.3214e+01  6.9567e+01
5621.3047  -9.8369e+01  7.0222e+01
5622.5552  -6.5975e+01  7.4652e+01
5623.8052  1.7118e+01  6.9042e+01
5625.0557  7.3125e+01  7.7043e+01
5626.3062  1.6571e+01  8.6909e+01
5627.5562  -3.1264e+01  6.4801e+01
5628.8066  -3.1173e+01  8.3812e+01
5630.0571  -3.2710e+01  6.7847e+01
5631.3076  6.2953e+01  7.3292e+01
5632.5576  1.7707e+01  7.1667e+01
5633.8081  -8.3423e+00  7.8200e+01
5635.0586  3.1919e+01  6.9845e+01
5636.3086  -1.3195e+02  7.6498e+01
5637.5591  -6.3565e+01  8.9068e+01
5638.8096  7.3129e+01  6.7933e+01
5640.0596  2.6896e+01  6.5126e+01
5641.3101  -5.3098e+01  6.6320e+01
5642.5605  -6.0458e+01  6.3085e+01
5643.8105  -7.3556e+01  6.2313e+01
5645.0610  -4.4598e+01  7.5056e+01
5646.3115  1.3005e+00  7.1898e+01
5647.5615  -4.4902e+01  6.6561e+01
5648.8120  6.0646e+01  6.5019e+01
5650.0625  -7.7821e+01  7.8993e+01
5651.3125  -3.0247e+01  6.3160e+01
5652.5630  -9.6004e+01  9.1871e+01
5653.8135  -1.0920e+02  8.1574e+01
5655.0640  2.1519e+02  7.2106e+01
5656.3140  2.6390e+02  6.9368e+01
5657.5645  3.8382e+02  7.2776e+01
5658.8149  3.1492e+02  6.7852e+01
5660.0649  3.6748e+02  6.9087e+01
5661.3154  2.7873e+02  6.7946e+01
5662.5659  2.6176e+02  7.3057e+01
5663.8159  4.0140e+02  7.0334e+01
5665.0664  1.5065e+02  6.6834e+01
5666.3169  1.0772e+02  8.3948e+01
5667.5669  1.1567e+02  6.3192e+01
5668.8174  2.1192e+02  6.2334e+01
5670.0679  4.2397e+00  7.4463e+01
5671.3179  2.5566e+01  7.3964e+01
5672.5684  2.0213e+02  6.5798e+01
5673.8188  -1.6708e+01  7.2794e+01
5675.0688  2.1013e+01  7.8018e+01
5676.3193  -1.6775e+02  7.8346e+01
5677.5698  -1.1696e+01  7.8570e+01
5678.8203  1.1569e+02  7.2146e+01
5680.0703  3.6949e-01  8.0454e+01
5681.3208  9.9721e+01  7.5751e+01
5682.5713  -6.6204e+01  7.8479e+01
5683.8213  5.6448e+01  7.6777e+01
5685.0718  6.0273e+01  6.7090e+01
5686.3223  3.9682e+01  6.4707e+01
5687.5723  -6.8109e+01  8.9969e+01
5688.8228  -2.2899e+01  6.0999e+01
5690.0732  -4.1425e+01  6.8645e+01
5691.3232  -3.0663e+01  7.4179e+01
5692.5737  -1.7661e+02  6.1543e+01
5693.8242  2.5084e+01  6.2003e+01
5695.0742  1.4446e+01  7.7773e+01
5696.3247  -5.3742e+01  6.0185e+01
5697.5752  4.0406e+01  7.4379e+01
5698.8257  8.2480e+01  7.3810e+01
5700.0757  1.3217e+02  6.6167e+01
5701.3262  -5.6598e+01  7.0492e+01
5702.5767  -6.4790e+01  8.1530e+01
5703.8267  -4.2603e+01  6.7817e+01
5705.0771  3.0557e+01  6.8608e+01
5706.3276  -5.3977e+01  7.7784e+01
5707.5776  2.3840e+01  6.7453e+01
5708.8281  5.2479e+01  7.3187e+01
5710.0786  -4.0781e+00  7.8132e+01
5711.3286  5.9514e+01  6.3588e+01
5712.5791  1.0632e+02  7.8349e+01
5713.8296  7.4390e+01  5.9818e+01
5715.0796  -4.6617e+00  7.7063e+01
5716.3301  -4.4825e+01  7.1907e+01
5717.5806  6.2408e+01  6.7769e+01
5718.8306  8.6084e+01  6.8681e+01
5720.0811  1.3121e+02  6.8896e+01
5721.3315  -7.6711e+01  9.0087e+01
5722.5820  -5.0175e+01  6.4342e+01
5723.8320  1.0700e+02  7.0363e+01
5725.0825  -3.3230e+01  6.8451e+01
5726.3330  -3.2428e+01  6.5069e+01
5727.5830  -5.6842e+01  6.7885e+01
5728.8335  -6.4779e+01  7.6487e+01
5730.0840  -5.8746e+01  7.3134e+01
5731.3340  -2.4522e+01  7.6497e+01
5732.5845  8.1262e+01  7.9096e+01
5733.8350  1.9501e+01  6.6583e+01
5735.0850  1.4561e+01  6.6483e+01
5736.3354  -5.1582e+01  8.1978e+01
5737.5859  5.8846e+01  6.1617e+01
5738.8359  7.8185e+01  8.5575e+01
5740.0864  -2.8274e+01  8.3916e+01
5741.3369  1.0073e+02  9.1579e+01
5742.5869  -2.0092e+01  6.1750e+01
5743.8374  5.6031e+00  6.1862e+01
5745.0879  -1.8637e+02  6.7706e+01
5746.3384  -1.7217e+01  7.6416e+01
5747.5884  2.1287e+01  6.2169e+01
5748.8389  4.1079e+01  6.2807e+01
5750.0894  1.2675e+01  7.3766e+01
5751.3394  -1.0814e+01  6.7039e+01
5752.5898  1.5954e+00  7.8047e+01
