# SNR 17.6551
# Quality c
# flux_factor = 1.e-20
4969.1421  5.4758e+02  2.4891e+02
4970.3926  -1.6244e+02  2.4665e+02
4971.6426  3.8669e+02  2.4691e+02
4972.8931  -2.0823e+02  2.4966e+02
4974.1436  -3.0090e+01  2.5021e+02
4975.3940  -1.5375e+02  2.4791e+02
4976.6440  -6.8258e+01  2.4698e+02
4977.8945  -1.8661e+02  2.4506e+02
4979.1450  -7.1284e+01  2.4668e+02
4980.3950  -3.7987e+02  2.4495e+02
4981.6455  9.7936e+01  2.4307e+02
4982.8960  -3.9029e+01  2.4175e+02
4984.1460  -1.8470e+02  2.3793e+02
4985.3965  -1.3966e+02  2.3686e+02
4986.6470  4.2201e+01  2.3523e+02
4987.8970  2.7607e+01  2.3972e+02
4989.1475  2.2517e+02  2.4324e+02
4990.3979  -2.0073e+02  2.4203e+02
4991.6479  1.6723e+02  2.3986e+02
4992.8984  -1.2749e+02  2.4274e+02
4994.1489  -1.0888e+02  2.4190e+02
4995.3989  3.5404e+02  2.4176e+02
4996.6494  3.5473e+02  2.4215e+02
4997.8999  4.4998e+01  2.3922e+02
4999.1499  -7.7945e+01  2.3830e+02
5000.4004  3.5785e+02  2.3649e+02
5001.6509  2.1699e+02  2.3433e+02
5002.9009  1.1905e+02  2.3676e+02
5004.1514  8.3284e+00  2.3608e+02
5005.4019  1.9854e+01  2.3557e+02
5006.6523  8.7337e+01  2.3622e+02
5007.9023  1.6249e+02  2.3730e+02
5009.1528  1.4824e+01  2.4035e+02
5010.4033  1.8834e+02  2.3859e+02
5011.6533  5.8839e+01  2.3523e+02
5012.9038  -1.4135e+02  2.3478e+02
5014.1543  4.6251e+02  2.3189e+02
5015.4043  3.2089e+02  2.3100e+02
5016.6548  1.6533e+01  2.3208e+02
5017.9053  -1.7291e+02  2.3405e+02
5019.1553  2.7208e+01  2.3089e+02
5020.4058  1.3994e+02  2.3041e+02
5021.6562  2.9850e+01  2.3251e+02
5022.9062  2.5926e+02  2.3341e+02
5024.1567  2.1011e+02  2.3176e+02
5025.4072  -4.6217e+01  2.3228e+02
5026.6572  -1.2998e+02  2.3045e+02
5027.9077  -4.5491e+02  2.3151e+02
5029.1582  2.8851e+02  2.3068e+02
5030.4082  -1.8322e+02  2.3126e+02
5031.6587  -7.8889e+01  2.3145e+02
5032.9092  -2.5920e+02  2.3366e+02
5034.1592  7.3628e+01  2.3307e+02
5035.4097  1.6650e+02  2.3083e+02
5036.6602  -1.3205e+02  2.2958e+02
5037.9106  -3.0525e+02  2.2948e+02
5039.1606  -1.0763e+02  2.2859e+02
5040.4111  -1.5749e+02  2.2820e+02
5041.6616  -8.2617e+00  2.2624e+02
5042.9116  -1.6032e+01  2.2366e+02
5044.1621  1.8504e+02  2.2688e+02
5045.4126  1.3714e+01  2.2995e+02
5046.6626  2.0033e+02  2.3124e+02
5047.9131  5.8763e+02  2.3080e+02
5049.1636  3.2878e+02  2.2767e+02
5050.4136  7.9949e+02  2.2771e+02
5051.6641  1.7528e+03  2.2567e+02
5052.9146  2.4716e+03  2.2597e+02
5054.1646  1.8664e+03  2.2708e+02
5055.4150  1.2209e+03  2.2754e+02
5056.6655  4.5008e+02  2.2862e+02
5057.9155  2.5143e+02  2.2833e+02
5059.1660  5.4117e+02  2.2812e+02
5060.4165  3.5785e+02  2.2785e+02
5061.6665  -2.5026e+02  2.2820e+02
5062.9170  1.5616e+02  2.2862e+02
5064.1675  -1.5167e+02  2.3000e+02
5065.4180  2.7794e+00  2.2747e+02
5066.6680  2.2977e+02  2.2546e+02
5067.9185  1.9100e+02  2.2568e+02
5069.1689  4.8700e+01  2.2352e+02
5070.4189  -1.2620e+02  2.2680e+02
5071.6694  -6.8925e+01  2.2714e+02
5072.9199  -3.4705e+02  2.2682e+02
5074.1699  -2.5451e+02  2.2424e+02
5075.4204  1.2806e+02  2.2549e+02
5076.6709  -9.6859e+01  2.2497e+02
5077.9209  6.6165e+01  2.2656e+02
5079.1714  2.3467e+01  2.2658e+02
5080.4219  6.0954e+01  2.2384e+02
5081.6719  -8.8707e+01  2.2080e+02
5082.9224  -1.7329e+02  2.2305e+02
5084.1729  -9.0255e+01  2.2704e+02
5085.4229  2.5295e+02  2.2373e+02
5086.6733  -6.4438e+01  2.2649e+02
5087.9238  -1.4436e+02  2.2747e+02
5089.1738  1.1879e+02  2.2662e+02
5090.4243  8.1338e+01  2.2546e+02
5091.6748  1.9118e+02  2.2503e+02
5092.9248  7.9370e+01  2.2660e+02
5094.1753  3.1792e+02  2.2444e+02
5095.4258  8.4918e+01  2.2491e+02
5096.6763  1.2510e+01  2.2365e+02
5097.9263  1.2914e+02  2.2231e+02
5099.1768  7.4641e+01  2.2236e+02
5100.4272  -3.7108e+00  2.1847e+02
5101.6772  -1.8066e+02  2.2029e+02
5102.9277  -3.9470e+01  2.2131e+02
5104.1782  4.0075e+02  2.2336e+02
5105.4282  4.4104e+01  2.2138e+02
5106.6787  1.8029e+01  2.2104e+02
5107.9292  2.2066e+02  2.1989e+02
5109.1792  6.7318e+01  2.1832e+02
5110.4297  -1.6853e+02  2.1796e+02
5111.6802  -9.2209e+01  2.1774e+02
5112.9302  -1.5698e+02  2.1901e+02
5114.1807  4.6450e+00  2.1891e+02
5115.4312  2.9894e+02  2.2007e+02
5116.6812  -5.2189e+01  2.1782e+02
5117.9316  -2.2108e+02  2.1717e+02
5119.1821  -1.2868e+02  2.1864e+02
5120.4321  -9.0991e+01  2.1795e+02
5121.6826  1.4492e+02  2.1775e+02
5122.9331  2.4597e+02  2.1738e+02
5124.1836  -5.8714e+01  2.1673e+02
5125.4336  -1.0726e+02  2.1403e+02
5126.6841  2.1861e+02  2.1528e+02
5127.9346  1.8201e+02  2.1365e+02
5129.1846  -1.1986e+02  2.1273e+02
5130.4351  1.4909e+02  2.1415e+02
5131.6855  -9.6176e+01  2.1561e+02
5132.9355  -1.9713e+02  2.1687e+02
5134.1860  -1.0065e+02  2.1786e+02
5135.4365  1.3636e+02  2.1826e+02
5136.6865  5.0304e+01  2.1856e+02
