# SNR 12.0804
# Quality c
# flux_factor = 1.e-20
6348.9839  1.0449e+00  4.3581e+01
6350.2344  7.9146e+01  4.5645e+01
6351.4849  -2.4279e+01  3.6140e+01
6352.7349  2.7036e+01  3.4572e+01
6353.9854  6.0971e+01  3.7914e+01
6355.2358  8.4887e+00  4.6420e+01
6356.4858  3.2849e+01  5.7094e+01
6357.7363  6.4983e-01  5.8322e+01
6358.9868  -6.4915e+01  5.5039e+01
6360.2373  -2.6030e+01  4.0726e+01
6361.4873  1.0387e+00  3.9126e+01
6362.7378  1.1009e+01  5.2526e+01
6363.9883  -8.2836e+00  7.2160e+01
6365.2383  2.1374e+01  7.8001e+01
6366.4888  -1.3238e+01  6.6401e+01
6367.7393  6.8491e+01  4.0499e+01
6368.9893  -2.3343e+01  3.3642e+01
6370.2397  7.1467e+00  3.7994e+01
6371.4902  5.4359e+00  3.5463e+01
6372.7402  -1.5060e+01  4.3389e+01
6373.9907  2.3166e+00  3.5652e+01
6375.2412  -1.5034e+01  3.3822e+01
6376.4912  -4.3018e+01  4.3912e+01
6377.7417  -1.9504e+01  4.0302e+01
6378.9922  6.2609e+01  4.0418e+01
6380.2427  9.0382e+01  4.5643e+01
6381.4927  -7.2003e+00  3.9873e+01
6382.7432  1.1422e+01  4.1717e+01
6383.9937  1.7269e+01  3.4566e+01
6385.2437  -9.0080e+01  3.8349e+01
6386.4941  2.3229e+01  4.4012e+01
6387.7446  -3.9719e+01  5.7479e+01
6388.9946  -2.3247e+01  4.0650e+01
6390.2451  -1.6994e+01  4.6213e+01
6391.4956  -8.3556e+00  3.9630e+01
6392.7456  -4.6597e+01  3.5859e+01
6393.9961  -4.1914e+01  3.8181e+01
6395.2466  -5.8679e+01  4.2610e+01
6396.4966  6.7310e+00  3.3268e+01
6397.7471  5.2193e+01  4.0355e+01
6398.9976  5.8351e+01  3.3551e+01
6400.2480  2.4511e+00  3.3233e+01
6401.4980  -2.8089e+01  3.5355e+01
6402.7485  -4.5141e+01  3.7850e+01
6403.9990  -2.7311e+01  3.5874e+01
6405.2490  -5.3913e+00  4.2157e+01
6406.4995  5.5570e+01  3.3077e+01
6407.7500  -1.8738e+01  4.1436e+01
6409.0000  7.6141e+00  3.2785e+01
6410.2505  2.1471e+00  3.8136e+01
6411.5010  2.0779e+01  3.4430e+01
6412.7510  1.9202e+01  3.2651e+01
6414.0015  1.8466e-01  3.6052e+01
6415.2520  8.9980e+00  4.3008e+01
6416.5020  -1.4849e+01  3.7808e+01
6417.7524  -1.1165e+01  3.8381e+01
6419.0029  -4.8018e+01  3.3532e+01
6420.2534  -1.2155e+01  3.7214e+01
6421.5034  -1.0249e+01  3.9259e+01
6422.7539  -2.3242e+01  3.7962e+01
6424.0044  1.7828e+01  3.8762e+01
6425.2544  -6.8075e+00  3.3099e+01
6426.5049  -3.3455e+01  3.5597e+01
6427.7554  6.7508e+00  3.7459e+01
6429.0054  -2.4868e+01  3.3040e+01
6430.2559  6.2497e+00  3.6050e+01
6431.5063  2.2857e+01  3.6891e+01
6432.7563  7.3430e+00  3.2680e+01
6434.0068  1.4835e+01  3.5193e+01
6435.2573  8.1285e+01  3.3588e+01
6436.5073  4.5974e+01  3.7064e+01
6437.7578  -1.1276e+01  3.9501e+01
6439.0083  2.8659e+01  3.8729e+01
6440.2588  -3.3933e+00  3.4881e+01
6441.5088  -1.0625e+01  3.5883e+01
6442.7593  4.2522e+01  3.5181e+01
6444.0098  -6.4695e+00  3.8274e+01
6445.2598  -3.5980e+01  3.2933e+01
6446.5103  -1.5917e+01  3.7147e+01
6447.7607  8.1636e+01  3.4267e+01
6449.0107  4.6333e+01  4.0428e+01
6450.2612  -2.1573e+01  3.9843e+01
6451.5117  2.2508e+01  3.9846e+01
6452.7617  6.6676e+01  4.1454e+01
6454.0122  6.7440e+01  3.8156e+01
6455.2627  2.8078e+02  4.0116e+01
6456.5127  3.5752e+02  3.9896e+01
6457.7632  1.9778e+02  3.5673e+01
6459.0137  1.0230e+02  3.7334e+01
6460.2642  3.5594e+01  4.1212e+01
6461.5142  3.5785e+01  3.6888e+01
6462.7646  4.1532e+01  3.5734e+01
6464.0151  -1.6816e+00  4.6806e+01
6465.2651  -6.8617e+01  4.9296e+01
6466.5156  -1.2101e+02  5.4396e+01
6467.7661  -2.8075e+01  5.0626e+01
6469.0161  -3.6777e+01  3.8457e+01
6470.2666  -2.6933e+01  4.4251e+01
6471.5171  9.7648e+00  5.4906e+01
6472.7671  -5.2202e+01  5.1855e+01
6474.0176  -1.8837e+01  3.7086e+01
6475.2681  -7.4908e+01  4.0153e+01
6476.5186  -3.5701e+01  3.7043e+01
6477.7686  1.2456e+01  3.6953e+01
6479.0190  2.5832e+01  4.0477e+01
6480.2695  -1.1135e+01  4.2667e+01
6481.5195  3.9693e+01  3.4673e+01
6482.7700  4.8021e+01  3.6511e+01
6484.0205  2.7632e+00  3.6422e+01
6485.2705  3.1585e+01  4.6500e+01
6486.5210  -5.3904e+01  3.8314e+01
6487.7715  2.0044e+00  3.2180e+01
6489.0215  -2.7624e+01  4.3768e+01
6490.2720  3.8351e+01  3.6885e+01
6491.5225  -6.0549e+01  3.1586e+01
6492.7725  3.9148e+01  4.0308e+01
6494.0229  -3.0358e+01  3.6612e+01
6495.2734  1.7538e+00  3.2942e+01
6496.5239  -3.8119e+01  3.7600e+01
6497.7739  7.4825e-01  5.3477e+01
6499.0244  -2.9859e+01  6.7510e+01
6500.2749  3.8049e+01  6.9061e+01
6501.5249  -1.0536e+02  5.6304e+01
6502.7754  -7.1207e+00  3.3853e+01
6504.0259  1.2061e+01  3.5554e+01
6505.2759  -7.7964e+01  5.2069e+01
6506.5264  -1.1614e+01  4.6229e+01
6507.7769  -4.9145e+01  4.5736e+01
6509.0269  1.2406e+01  4.2376e+01
6510.2773  -1.1283e+01  3.8598e+01
6511.5278  3.9192e+01  3.1815e+01
6512.7778  -2.5366e+01  3.2089e+01
6514.0283  -1.2000e+01  4.7346e+01
6515.2788  -4.7926e+01  4.0424e+01
6516.5293  9.4132e+00  4.0335e+01
6517.7793  1.9385e+01  3.2740e+01
6519.0298  2.8063e+01  4.0122e+01
6520.2803  -2.4962e+01  3.4824e+01
6521.5303  -7.3371e+01  4.0673e+01
6522.7808  9.3671e+00  4.2502e+01
6524.0312  -2.0722e+01  4.7615e+01
6525.2812  -2.4552e+01  4.3279e+01
6526.5317  -3.4491e+01  3.2858e+01
6527.7822  -6.4118e+01  3.2647e+01
6529.0322  -9.0999e+00  3.3267e+01
6530.2827  1.0277e+01  3.5232e+01
6531.5332  -6.0747e+00  3.5526e+01
6532.7832  -2.3667e+01  4.9599e+01
6534.0337  3.2829e+01  6.3922e+01
6535.2842  -5.3462e+01  6.4268e+01
6536.5347  -6.2010e+01  3.9562e+01
6537.7847  -3.7844e+00  3.0525e+01
6539.0352  -4.1720e+01  3.1290e+01
6540.2856  -5.9470e+00  3.6040e+01
6541.5356  1.3829e+01  4.0811e+01
6542.7861  -8.5453e+00  3.4365e+01
6544.0366  -5.2561e+01  4.2622e+01
6545.2866  5.0540e+01  4.7217e+01
6546.5371  1.5576e+01  4.0389e+01
6547.7876  -3.0743e+01  3.6654e+01
6549.0376  -3.1329e+01  3.1506e+01
6550.2881  -3.7864e+01  3.8890e+01
6551.5386  -3.9608e+01  3.6924e+01
6552.7886  -4.2044e+01  4.8800e+01
6554.0391  -1.3842e+02  6.3716e+01
6555.2896  4.8127e+01  6.3960e+01
6556.5400  -7.5846e+01  4.1938e+01
6557.7900  -2.0916e+00  3.3704e+01
6559.0405  4.0274e+01  3.4161e+01
6560.2910  2.5851e+00  3.5633e+01
6561.5410  -1.2612e+01  4.8201e+01
6562.7915  1.8015e+01  5.4708e+01
