# SNR 8.5432
# Quality c
# flux_factor = 1.e-20
4752.4937  -5.5090e+01  1.7891e+02
4753.7441  2.2392e+02  1.7300e+02
4754.9946  -1.6737e+02  1.8808e+02
4756.2446  -4.1385e+01  1.5338e+02
4757.4951  -1.5434e+02  1.5545e+02
4758.7456  2.9735e+02  1.7067e+02
4759.9956  2.6593e+01  1.7713e+02
4761.2461  2.9807e+02  1.3329e+02
4762.4966  8.6300e+01  1.3830e+02
4763.7471  -1.0905e+02  1.3862e+02
4764.9971  -8.7794e+00  1.2508e+02
4766.2476  -1.0974e+02  1.6968e+02
4767.4980  8.2111e+01  1.5661e+02
4768.7480  -5.6694e+01  1.5083e+02
4769.9985  3.7197e+01  1.2365e+02
4771.2490  8.3069e+01  1.4537e+02
4772.4990  2.8070e+02  1.4962e+02
4773.7495  1.6706e+02  1.3005e+02
4775.0000  7.4343e+01  1.2731e+02
4776.2500  7.4536e+01  1.2344e+02
4777.5005  4.4950e+01  1.2849e+02
4778.7510  1.5600e+01  1.0598e+02
4780.0010  -1.7972e+02  1.4244e+02
4781.2515  -1.8887e+02  1.4981e+02
4782.5020  1.8327e+01  1.0860e+02
4783.7520  -1.9032e+01  1.2320e+02
4785.0024  1.0388e+02  1.1932e+02
4786.2529  3.0355e+02  1.4380e+02
4787.5029  -5.3999e+01  1.3616e+02
4788.7534  4.4805e+01  1.5166e+02
4790.0039  2.0430e+02  1.2371e+02
4791.2539  1.7145e+02  1.2544e+02
4792.5044  1.0509e+02  1.3277e+02
4793.7549  4.0432e-01  1.0756e+02
4795.0049  -5.9044e+01  1.2222e+02
4796.2554  1.0788e+02  1.1653e+02
4797.5059  7.0380e+01  1.2824e+02
4798.7563  1.4737e+02  1.2364e+02
4800.0063  -2.4927e+01  1.4707e+02
4801.2568  -4.4937e+01  1.4671e+02
4802.5073  -7.5835e+01  1.3332e+02
4803.7573  1.7884e+01  1.4377e+02
4805.0078  -5.7382e+01  1.2453e+02
4806.2583  1.8973e+02  1.5147e+02
4807.5083  1.9872e+02  1.2678e+02
4808.7588  -3.1138e+01  1.5380e+02
4810.0093  1.7288e+02  1.5643e+02
4811.2593  2.7574e+02  1.5223e+02
4812.5098  2.6703e+02  1.3493e+02
4813.7603  -3.2125e+01  1.1300e+02
4815.0103  3.1865e+02  1.3632e+02
4816.2607  1.1748e+02  1.5194e+02
4817.5112  -9.2614e+01  1.3575e+02
4818.7612  1.3494e+02  1.6424e+02
4820.0117  -7.3768e+01  1.2593e+02
4821.2622  9.7578e+01  1.2211e+02
4822.5122  1.7275e+02  1.3557e+02
4823.7627  1.7991e+02  1.3163e+02
4825.0132  1.1899e+02  1.1163e+02
4826.2632  2.7872e+02  1.5175e+02
4827.5137  3.3039e+02  1.1626e+02
4828.7642  1.1042e+02  1.1907e+02
4830.0142  2.7074e+02  1.1174e+02
4831.2646  8.5403e+02  1.2725e+02
4832.5151  7.5727e+02  1.2654e+02
4833.7656  8.1727e+02  1.1287e+02
4835.0156  5.8548e+02  1.1722e+02
4836.2661  1.8529e+02  1.2623e+02
4837.5166  2.2710e+02  1.1169e+02
4838.7666  1.3802e+02  1.1540e+02
4840.0171  1.2255e+02  1.4951e+02
4841.2676  4.0893e+02  1.5254e+02
4842.5176  2.3939e+02  1.3325e+02
4843.7681  2.3383e+02  1.1913e+02
4845.0186  5.8906e+01  1.3778e+02
4846.2686  2.4443e+02  1.6114e+02
4847.5190  9.5138e+01  1.2703e+02
4848.7695  2.7019e+02  1.3377e+02
4850.0195  1.6333e+02  1.0700e+02
4851.2700  7.1773e+01  1.4572e+02
4852.5205  -9.4393e+01  1.2221e+02
4853.7705  -5.1686e-02  1.3469e+02
4855.0210  -2.9839e+01  1.0705e+02
4856.2715  7.0529e+01  1.2881e+02
4857.5215  1.7973e+02  1.0457e+02
4858.7720  -5.1186e+01  1.0370e+02
4860.0225  1.0320e+02  1.2172e+02
4861.2725  -1.2892e+02  1.3643e+02
4862.5229  -3.6738e+01  1.1533e+02
4863.7734  6.1333e+01  1.2082e+02
4865.0234  9.5054e+01  1.2346e+02
4866.2739  9.5705e+00  1.2177e+02
4867.5244  1.6841e+02  1.1538e+02
4868.7749  1.3722e+02  1.2415e+02
4870.0249  3.6066e+01  1.2163e+02
4871.2754  2.4171e+02  1.1018e+02
4872.5259  -1.2501e+02  1.3067e+02
4873.7759  2.0475e+02  1.1743e+02
4875.0264  -2.6702e+01  1.3590e+02
4876.2769  -9.5317e+01  1.0352e+02
4877.5269  -1.7157e+02  1.2683e+02
4878.7773  -1.2682e+02  1.0547e+02
4880.0278  4.3028e+00  1.3371e+02
4881.2778  -1.7485e+02  1.0466e+02
4882.5283  -1.3288e+02  1.3573e+02
4883.7788  -2.1137e+02  1.0671e+02
4885.0288  1.5344e+02  1.1837e+02
4886.2793  1.4574e+02  1.0484e+02
4887.5298  3.1012e+01  1.2627e+02
4888.7798  1.8433e+02  1.2117e+02
4890.0303  1.6104e+02  1.5972e+02
4891.2808  -6.1857e+01  1.2862e+02
4892.5308  2.7960e+01  1.1662e+02
4893.7812  -1.0256e+02  1.2282e+02
4895.0317  3.2846e+02  1.4595e+02
4896.2817  1.0503e+02  1.4579e+02
4897.5322  3.9521e+01  1.0621e+02
4898.7827  5.2172e+01  1.3411e+02
4900.0332  4.1746e+02  9.9662e+01
4901.2832  2.5650e+01  1.3168e+02
4902.5337  2.7194e+01  1.0614e+02
4903.7842  2.2504e+01  1.0577e+02
4905.0342  -2.8465e+01  1.2289e+02
4906.2847  5.2648e+01  1.0639e+02
4907.5352  1.6272e+02  1.2007e+02
4908.7852  1.3305e+02  1.0388e+02
4910.0356  2.2800e+02  1.3112e+02
4911.2861  2.0276e+02  1.1749e+02
