# SNR 9.0773
# Quality c
# flux_factor = 1.e-20
6054.0386  -5.0534e+01  6.8108e+01
6055.2891  3.4847e+01  7.9066e+01
6056.5396  -7.8876e+01  9.1851e+01
6057.7896  1.5744e+01  6.9346e+01
6059.0400  -6.7079e+01  7.1771e+01
6060.2905  -9.2334e+01  7.2448e+01
6061.5405  -9.2272e+01  7.8700e+01
6062.7910  -1.3332e+02  6.7236e+01
6064.0415  -7.2110e+00  7.1453e+01
6065.2915  8.1404e+01  6.5023e+01
6066.5420  4.9558e+01  6.3315e+01
6067.7925  -1.9801e+02  7.5020e+01
6069.0430  5.7702e+01  6.8799e+01
6070.2930  -3.2741e+01  7.0858e+01
6071.5435  -8.4091e+01  6.4767e+01
6072.7939  -5.3675e+01  6.5466e+01
6074.0439  1.2242e-01  6.3810e+01
6075.2944  7.2332e+01  6.8729e+01
6076.5449  4.6857e+01  6.4384e+01
6077.7949  -4.8663e+01  6.6030e+01
6079.0454  2.3513e+01  6.7434e+01
6080.2959  -3.6614e+01  6.9979e+01
6081.5459  -3.4727e+01  7.4608e+01
6082.7964  -7.9682e+00  6.3576e+01
6084.0469  3.9792e+01  6.5484e+01
6085.2969  -4.0999e+01  7.0677e+01
6086.5474  -1.5378e+01  6.2948e+01
6087.7979  5.8057e+01  7.9398e+01
6089.0483  2.3576e+01  6.9126e+01
6090.2983  -8.4560e+01  7.9482e+01
6091.5488  -1.0148e+02  8.1583e+01
6092.7993  -7.3359e+01  7.2875e+01
6094.0493  -3.3853e+01  6.3919e+01
6095.2998  -7.8712e+01  6.4644e+01
6096.5503  -5.4264e+01  7.6063e+01
6097.8003  3.2252e+01  6.7510e+01
6099.0508  1.6750e+01  6.5241e+01
6100.3013  5.5065e+01  6.6653e+01
6101.5513  -1.3993e+01  6.7058e+01
6102.8018  -4.6126e+01  6.4035e+01
6104.0522  -5.2280e+01  6.4668e+01
6105.3022  -1.4678e+02  7.5639e+01
6106.5527  1.4234e+01  6.6980e+01
6107.8032  -7.4659e+01  7.0671e+01
6109.0537  1.2934e+02  7.3618e+01
6110.3037  3.1218e+01  7.7451e+01
6111.5542  -5.6157e+01  6.9880e+01
6112.8047  -6.3311e+01  6.5567e+01
6114.0547  -3.9238e+01  6.3586e+01
6115.3052  -2.5166e+01  7.2333e+01
6116.5557  -1.7061e+02  6.2621e+01
6117.8057  -2.7822e+01  6.1594e+01
6119.0562  -5.6031e+01  6.2892e+01
6120.3066  -1.4243e+02  6.3102e+01
6121.5566  -1.1740e+01  6.5686e+01
6122.8071  -1.4404e+02  7.7954e+01
6124.0576  -1.9215e+01  6.3656e+01
6125.3076  7.8575e+01  6.1475e+01
6126.5581  5.5463e+01  6.3070e+01
6127.8086  7.9998e+00  8.2508e+01
6129.0586  -5.1603e+01  6.1123e+01
6130.3091  -7.3396e+01  6.5547e+01
6131.5596  -1.9025e+01  7.4221e+01
6132.8101  4.7425e+01  6.6217e+01
6134.0601  5.5433e+01  6.7577e+01
6135.3105  3.6929e+01  7.2463e+01
6136.5610  -7.0215e+00  6.7529e+01
6137.8110  2.9265e+01  8.6221e+01
6139.0615  -1.3520e+02  6.9256e+01
6140.3120  4.1475e+01  7.8128e+01
6141.5620  3.7392e+01  7.0801e+01
6142.8125  -8.3841e+00  7.9250e+01
6144.0630  -2.8547e+01  7.1477e+01
6145.3130  -4.8616e+01  7.5940e+01
6146.5635  3.6523e+01  8.5382e+01
6147.8140  5.7580e+01  6.9171e+01
6149.0640  -1.1236e+02  6.8320e+01
6150.3145  -3.9398e+01  6.1230e+01
6151.5649  8.8087e+01  6.8502e+01
6152.8154  8.1377e+01  6.3229e+01
6154.0654  3.8290e+02  6.8615e+01
6155.3159  3.5531e+02  7.9703e+01
6156.5664  4.0652e+02  6.3722e+01
6157.8164  1.9263e+02  6.9272e+01
6159.0669  2.5033e+02  7.4688e+01
6160.3174  1.3688e+02  8.6170e+01
6161.5674  -1.5455e+01  6.1641e+01
6162.8179  -3.9896e+01  6.7137e+01
6164.0684  6.8453e+00  6.2419e+01
6165.3184  -1.9662e+01  6.0864e+01
6166.5688  -1.4939e+02  5.8010e+01
6167.8193  1.0650e+00  7.8503e+01
6169.0693  -7.9334e+01  7.5602e+01
6170.3198  -3.7010e+01  8.2730e+01
6171.5703  -1.5273e+02  9.6024e+01
6172.8208  -4.7489e+01  7.7783e+01
6174.0708  -2.5350e+01  7.7005e+01
6175.3213  -1.1924e+02  5.9437e+01
6176.5718  1.0918e+02  6.4363e+01
6177.8218  7.6754e+01  6.6084e+01
6179.0723  1.2606e+00  6.2641e+01
6180.3228  6.1953e+01  6.1527e+01
6181.5728  6.9040e+01  5.8370e+01
6182.8232  -5.3596e+01  6.6690e+01
6184.0737  -1.9442e+02  6.8338e+01
6185.3237  4.4254e+01  6.4511e+01
6186.5742  -1.2075e+02  6.0016e+01
6187.8247  -5.0453e+01  6.5909e+01
6189.0747  3.6502e+01  6.7304e+01
6190.3252  1.1072e+01  6.0118e+01
6191.5757  1.3664e+01  5.9969e+01
6192.8262  -3.1027e+01  7.0229e+01
6194.0762  -1.2595e+01  7.2121e+01
6195.3267  4.2270e+01  7.1309e+01
6196.5771  -1.9975e+01  6.7781e+01
6197.8271  -2.3494e+01  6.6310e+01
6199.0776  5.8697e+01  6.5538e+01
6200.3281  -9.1136e+01  5.6038e+01
6201.5781  -1.9198e+01  5.9988e+01
6202.8286  -1.3440e+02  6.8372e+01
6204.0791  -2.1083e+02  7.8332e+01
6205.3291  3.1089e+01  7.3597e+01
6206.5796  -3.9186e+01  6.0558e+01
6207.8301  -1.2229e+02  5.6999e+01
6209.0801  -7.0162e+01  6.5982e+01
6210.3306  -7.3797e+00  6.9702e+01
6211.5811  -1.5308e+01  6.3057e+01
6212.8315  1.1898e+01  5.9082e+01
6214.0815  -1.0115e+02  6.6281e+01
6215.3320  -6.3200e+01  7.6594e+01
6216.5825  1.4401e+01  7.0718e+01
6217.8325  5.7771e+01  6.1343e+01
6219.0830  1.4523e+02  5.7098e+01
6220.3335  7.4389e+01  5.6724e+01
6221.5835  -1.1719e+02  7.1881e+01
6222.8340  -4.1466e+01  8.2022e+01
6224.0845  8.1250e+01  7.4709e+01
6225.3345  -5.2336e+01  5.9579e+01
6226.5850  -3.3776e+01  6.1516e+01
6227.8354  1.3395e+01  6.1433e+01
6229.0854  -7.6083e+01  6.2086e+01
6230.3359  -1.2415e+02  6.3820e+01
6231.5864  -8.2741e+00  7.4117e+01
6232.8369  -2.7503e+01  7.8632e+01
6234.0869  1.6524e+01  8.7452e+01
6235.3374  -2.5881e+01  9.3384e+01
6236.5879  -1.7570e+01  1.1648e+02
6237.8379  5.2536e+01  1.1574e+02
6239.0884  -1.3142e+02  8.9079e+01
6240.3389  -1.7902e+02  8.5170e+01
6241.5889  -7.2415e+01  7.6481e+01
6242.8394  -6.7268e+01  7.9346e+01
6244.0898  -5.7677e+01  7.9067e+01
6245.3398  1.0631e+02  7.6757e+01
6246.5903  -9.5124e+01  6.6122e+01
6247.8408  6.1053e+01  5.9879e+01
6249.0908  -1.1050e+02  6.4040e+01
6250.3413  -2.0901e+01  8.5116e+01
6251.5918  7.8771e+01  5.8904e+01
6252.8418  -4.2841e+01  5.9297e+01
6254.0923  6.8046e+01  6.2639e+01
6255.3428  -6.0846e+01  5.6926e+01
6256.5933  -7.4977e+01  6.1491e+01
6257.8433  2.0086e+01  9.1911e+01
