# SNR 10.6096
# Quality c
# flux_factor = 1.e-20
4883.7788  4.0838e+01  1.0661e+02
4885.0288  -1.2079e+02  1.1826e+02
4886.2793  3.6445e+01  1.0474e+02
4887.5298  1.6958e+02  1.2616e+02
4888.7798  2.7487e+02  1.2106e+02
4890.0303  1.0808e+01  1.5958e+02
4891.2808  -9.4781e+01  1.2850e+02
4892.5308  -8.9141e+00  1.1652e+02
4893.7812  -1.5688e+02  1.2271e+02
4895.0317  1.3421e+02  1.4582e+02
4896.2817  -4.0119e+01  1.4566e+02
4897.5322  1.8076e+02  1.0611e+02
4898.7827  8.4869e+01  1.3399e+02
4900.0332  -2.1739e+01  9.9572e+01
4901.2832  1.2953e+02  1.3156e+02
4902.5337  6.6584e+01  1.0604e+02
4903.7842  7.1172e+01  1.0567e+02
4905.0342  2.5611e+02  1.2278e+02
4906.2847  4.2292e+01  1.0629e+02
4907.5352  2.4047e+01  1.1996e+02
4908.7852  -1.8630e+02  1.0379e+02
4910.0356  -1.1295e+02  1.3100e+02
4911.2861  -6.4527e+01  1.1738e+02
4912.5361  1.4722e+01  1.2793e+02
4913.7866  1.5643e+01  1.1604e+02
4915.0371  -2.4092e-02  1.3059e+02
4916.2871  7.5683e+01  1.1657e+02
4917.5376  6.8942e+01  1.5329e+02
4918.7881  1.3493e+02  1.1952e+02
4920.0381  9.6204e+01  9.5760e+01
4921.2886  6.7726e+01  1.2073e+02
4922.5391  1.5313e+02  1.0758e+02
4923.7891  1.1599e+02  9.9950e+01
4925.0396  3.0471e+02  1.1334e+02
4926.2900  -2.3032e+01  1.2211e+02
4927.5400  1.7358e+02  1.1165e+02
4928.7905  -1.7733e+02  1.2555e+02
4930.0410  -1.3570e+02  1.5826e+02
4931.2915  2.2118e+02  1.1494e+02
4932.5415  -1.4435e+02  1.1627e+02
4933.7920  -3.4851e+01  1.0265e+02
4935.0425  -7.2701e+00  1.1712e+02
4936.2925  8.2110e+01  1.2097e+02
4937.5430  -1.0468e+02  1.2240e+02
4938.7935  -4.9962e+01  1.1169e+02
4940.0435  -3.5551e+01  1.1386e+02
4941.2939  -1.7239e+02  1.0121e+02
4942.5444  -1.7225e+02  1.0597e+02
4943.7944  -9.3408e+00  1.1993e+02
4945.0449  -7.3840e+01  1.0298e+02
4946.2954  -1.7955e+01  1.3180e+02
4947.5454  5.6209e+01  1.1902e+02
4948.7959  1.1920e+02  1.1964e+02
4950.0464  5.0636e+01  9.7481e+01
4951.2964  8.7035e+01  1.1538e+02
4952.5469  -1.4587e+02  1.1276e+02
4953.7974  1.1636e+02  1.1845e+02
4955.0474  2.0883e+02  1.3112e+02
4956.2979  2.9758e+02  1.0557e+02
4957.5483  2.8306e+02  1.2444e+02
4958.7983  -1.8146e+01  1.1254e+02
4960.0488  -2.5053e+02  1.3418e+02
4961.2993  -1.1707e+02  1.3400e+02
4962.5498  -1.7095e+01  1.2565e+02
4963.7998  3.5954e+02  1.0296e+02
4965.0503  7.6080e+02  9.9628e+01
4966.3008  8.4227e+02  1.0661e+02
4967.5508  5.9526e+02  1.0776e+02
4968.8013  4.7865e+02  1.1717e+02
4970.0518  1.7910e+02  1.3521e+02
4971.3018  3.7383e+02  1.1507e+02
4972.5522  4.6355e+01  1.0762e+02
4973.8027  -1.7668e+02  1.1284e+02
4975.0527  -2.3923e+02  1.2573e+02
4976.3032  1.6833e+02  1.5320e+02
4977.5537  -1.7100e+02  1.1787e+02
4978.8037  -9.6737e+01  1.2380e+02
4980.0542  -2.9088e+02  1.0527e+02
4981.3047  -1.3189e+02  1.2398e+02
4982.5547  1.7028e+01  1.2228e+02
4983.8052  -1.5745e+01  1.1124e+02
4985.0557  8.2971e+01  1.1738e+02
4986.3057  -5.1601e+01  1.0824e+02
4987.5562  6.4619e+01  9.8337e+01
4988.8066  -3.2116e+01  1.4874e+02
4990.0566  -1.6275e+02  1.1566e+02
4991.3071  -1.6067e+01  1.2354e+02
4992.5576  -1.5242e+02  1.3417e+02
4993.8081  3.9596e+01  1.0797e+02
4995.0581  1.2314e+01  1.0464e+02
4996.3086  -6.0599e+01  9.8703e+01
4997.5591  -5.8323e+01  1.2034e+02
4998.8091  -2.1700e+02  1.0253e+02
5000.0596  -1.0440e+02  1.2996e+02
5001.3101  -4.6927e+01  1.0062e+02
5002.5601  8.9831e+00  1.2212e+02
5003.8105  -1.3229e+02  1.1047e+02
5005.0610  -1.4643e+02  1.1792e+02
5006.3110  -8.0893e+01  1.0425e+02
5007.5615  5.0858e+01  1.1542e+02
5008.8120  4.1528e+01  1.1216e+02
5010.0620  -2.8289e+02  1.0189e+02
5011.3125  -1.5961e+02  1.0735e+02
5012.5630  8.9047e+01  1.1764e+02
5013.8130  1.7008e+02  1.1696e+02
5015.0635  -1.3739e+02  1.1665e+02
5016.3140  -5.0572e+00  1.1904e+02
5017.5640  -3.1204e+01  1.0804e+02
5018.8145  2.6585e+02  1.2002e+02
5020.0649  2.2987e+02  9.4058e+01
5021.3149  7.4221e+01  1.1039e+02
5022.5654  8.5262e+01  9.3897e+01
5023.8159  -1.0738e+02  1.2410e+02
5025.0664  -3.4865e+01  9.3386e+01
5026.3164  2.2630e+02  1.0658e+02
5027.5669  7.2894e+01  9.3236e+01
5028.8174  7.6723e+01  1.1542e+02
5030.0674  8.2530e+00  1.1293e+02
5031.3179  -9.7232e+01  1.2395e+02
5032.5684  1.0661e+01  1.2212e+02
5033.8184  -8.3886e+01  9.9269e+01
5035.0688  -1.2031e+02  9.9722e+01
5036.3193  7.0038e+01  9.9730e+01
5037.5693  -1.1571e+02  1.1159e+02
5038.8198  -7.2519e+01  1.2822e+02
5040.0703  7.3753e+01  9.4378e+01
5041.3203  -2.1262e+01  1.1361e+02
5042.5708  6.2778e+01  8.8401e+01
5043.8213  2.7078e+01  8.7335e+01
5045.0713  1.0180e+02  1.0137e+02
5046.3218  -2.8602e+01  1.0274e+02
5047.5723  -2.6451e+01  1.2719e+02
