# SNR 13.6863
# Quality c
# flux_factor = 1.e-20
5078.5767  2.8844e+02  9.6405e+01
5079.8267  2.2818e+02  9.6276e+01
5081.0771  9.1763e+00  9.4836e+01
5082.3276  1.0792e+02  9.5609e+01
5083.5776  1.1512e+02  9.6613e+01
5084.8281  8.1936e+01  9.6609e+01
5086.0786  3.5582e+01  9.7023e+01
5087.3286  1.6204e+02  9.7629e+01
5088.5791  -8.5464e+01  9.7083e+01
5089.8296  1.1883e+01  9.6818e+01
5091.0796  -3.5346e+01  9.6676e+01
5092.3301  1.3205e+02  9.7018e+01
5093.5806  1.2779e+02  9.6026e+01
5094.8311  3.4340e+02  9.6297e+01
5096.0811  3.0770e+02  9.6245e+01
5097.3315  1.3309e+02  9.5846e+01
5098.5820  2.5270e+02  9.4790e+01
5099.8320  1.6536e+02  9.4530e+01
5101.0825  1.1244e+02  9.4469e+01
5102.3330  7.6362e+01  9.5912e+01
5103.5830  3.7598e+01  9.6012e+01
5104.8335  -3.7080e+01  9.5494e+01
5106.0840  -5.4875e+00  9.5354e+01
5107.3340  5.1157e+01  9.4309e+01
5108.5845  1.4609e+02  9.3197e+01
5109.8350  7.7052e+01  9.3797e+01
5111.0850  7.8801e+01  9.3718e+01
5112.3354  9.8225e+01  9.4033e+01
5113.5859  5.0547e+01  9.5294e+01
5114.8359  1.2309e+01  9.3551e+01
5116.0864  1.9836e+02  9.4252e+01
5117.3369  7.5152e+01  9.2957e+01
5118.5869  1.1863e+02  9.4550e+01
5119.8374  -8.8618e+00  9.4825e+01
5121.0879  4.9294e+01  9.3846e+01
5122.3384  8.1209e+01  9.3464e+01
5123.5884  4.6324e+01  9.2075e+01
5124.8389  1.2193e+02  9.2292e+01
5126.0894  -3.7903e+01  9.1485e+01
5127.3394  -3.1087e+01  9.2724e+01
5128.5898  1.2794e+02  9.2775e+01
5129.8403  -9.6264e+01  9.3349e+01
5131.0903  -9.7309e+01  9.3747e+01
5132.3408  -8.4197e+00  9.4729e+01
5133.5913  -1.6531e+02  9.5521e+01
5134.8413  5.0860e+01  9.6013e+01
5136.0918  1.4371e+01  9.5359e+01
5137.3423  2.2198e+01  9.4190e+01
5138.5923  6.3395e+01  9.4221e+01
5139.8428  1.1383e+02  9.3311e+01
5141.0933  9.6942e+01  9.4267e+01
5142.3433  6.3079e+01  9.4922e+01
5143.5938  4.3387e+01  9.4495e+01
5144.8442  1.1979e+02  9.4547e+01
5146.0942  4.4373e+01  9.4922e+01
5147.3447  1.5884e+02  9.4922e+01
5148.5952  -1.3890e+01  9.3103e+01
5149.8457  4.4352e+01  9.3468e+01
5151.0957  -3.8116e+01  9.4558e+01
5152.3462  5.9306e+01  9.3670e+01
5153.5967  5.8960e+01  9.3560e+01
5154.8467  8.5606e+01  9.2984e+01
5156.0972  1.6222e+02  9.3524e+01
5157.3477  8.5437e+01  9.4111e+01
5158.5977  1.1816e+02  9.3702e+01
5159.8481  3.2735e+01  9.3675e+01
5161.0986  1.8894e+02  9.3761e+01
5162.3486  3.9890e+02  9.3483e+01
5163.5991  7.4694e+02  9.2785e+01
5164.8496  7.6739e+02  9.1727e+01
5166.0996  6.8190e+02  9.0995e+01
5167.3501  4.3775e+02  8.8959e+01
5168.6006  4.6422e+02  8.8725e+01
5169.8506  2.6697e+02  9.0372e+01
5171.1011  1.7325e+02  8.9174e+01
5172.3516  1.3829e+02  8.7992e+01
5173.6016  1.0502e+02  8.7286e+01
5174.8521  1.9321e+02  8.9922e+01
5176.1025  1.1579e+02  9.1183e+01
5177.3530  7.9367e+01  9.2352e+01
5178.6030  1.2427e+02  9.1937e+01
5179.8535  1.3907e+02  9.1470e+01
5181.1040  7.6837e+01  9.0972e+01
5182.3540  6.6831e+01  8.8793e+01
5183.6045  2.6176e+00  8.7214e+01
5184.8550  1.0992e+02  8.6127e+01
5186.1050  6.0837e+01  8.9180e+01
5187.3555  8.2478e+01  9.4294e+01
5188.6060  -1.9269e+01  9.6447e+01
5189.8560  7.8868e+01  9.4961e+01
5191.1064  -6.1558e+01  9.3328e+01
5192.3569  6.5702e+00  9.0538e+01
5193.6069  1.9053e+02  9.0262e+01
5194.8574  2.8342e+02  9.1099e+01
5196.1079  2.4461e+02  9.1225e+01
5197.3579  -5.9946e-01  9.8114e+01
5198.6084  1.4345e+02  1.0366e+02
5199.8589  1.5445e+02  1.0284e+02
5201.1089  4.2480e+01  1.0085e+02
5202.3594  -1.3507e+02  9.9104e+01
5203.6099  5.6884e+00  9.8254e+01
5204.8604  -1.1111e+02  9.4434e+01
5206.1104  1.0342e+02  9.0418e+01
5207.3608  1.0890e+02  8.9136e+01
5208.6113  2.8838e+02  9.1052e+01
5209.8613  -1.9455e+01  9.1586e+01
5211.1118  1.8261e+02  9.0639e+01
5212.3623  5.2809e+01  9.0859e+01
5213.6123  6.8872e+01  9.0693e+01
5214.8628  -2.4305e+01  9.0142e+01
5216.1133  3.1879e+01  8.9880e+01
5217.3633  1.1111e+02  9.0523e+01
5218.6138  -1.3124e+01  9.2051e+01
5219.8643  4.8811e+01  9.1455e+01
5221.1143  -8.3247e+00  9.2592e+01
5222.3647  -2.7823e-01  9.2167e+01
5223.6152  1.3730e+02  9.5221e+01
5224.8652  1.7363e+02  9.7526e+01
5226.1157  1.0376e+02  9.2777e+01
5227.3662  -4.7355e+00  8.8332e+01
5228.6162  7.3702e+01  8.8273e+01
5229.8667  1.5401e+02  8.9197e+01
5231.1172  8.7182e+01  9.0764e+01
5232.3677  1.6168e+02  9.1202e+01
5233.6177  4.9865e+01  9.0089e+01
5234.8682  5.4773e+01  8.8425e+01
5236.1187  -5.4129e+01  8.8756e+01
5237.3687  1.0492e+02  9.1397e+01
5238.6191  1.5023e+02  9.6605e+01
5239.8696  1.1048e+02  9.6941e+01
5241.1196  9.9353e+01  9.2451e+01
5242.3701  8.9387e+01  8.9437e+01
5243.6206  -7.0749e+01  8.7992e+01
5244.8706  1.2052e+02  8.8177e+01
5246.1211  4.9129e+01  8.8169e+01
5247.3716  4.0872e+01  8.8850e+01
5248.6216  1.0196e+02  8.9754e+01
5249.8721  9.5690e+01  9.0333e+01
