# SNR 8.0835
# Quality c
# flux_factor = 1.e-20
5881.5449  -2.4364e+01  7.0966e+01
5882.7949  -2.0705e+01  7.3440e+01
5884.0454  3.9765e+01  8.1854e+01
5885.2959  5.9002e+01  7.3454e+01
5886.5459  -2.7608e+01  7.4294e+01
5887.7964  -1.0593e+02  9.9106e+01
5889.0469  -1.0484e+01  1.1532e+02
5890.2969  3.2974e+00  1.6695e+02
5891.5474  -8.1183e+00  1.8554e+02
5892.7979  1.2399e+02  1.4557e+02
5894.0483  -1.2044e+02  8.9162e+01
5895.2983  -1.0508e+02  9.8271e+01
5896.5488  2.9973e+01  1.3762e+02
5897.7993  -1.4799e+02  1.3996e+02
5899.0493  -7.2950e+01  1.1689e+02
5900.2998  -5.9672e+01  7.2586e+01
5901.5503  -2.1609e+01  9.0569e+01
5902.8003  9.3361e+01  7.1721e+01
5904.0508  4.1643e+01  9.0200e+01
5905.3013  -1.0838e+02  8.4854e+01
5906.5513  -2.0372e+01  7.7049e+01
5907.8018  -3.3383e+00  1.0043e+02
5909.0522  1.2071e+01  7.8728e+01
5910.3022  7.3224e+00  8.1361e+01
5911.5527  1.2515e+02  7.0717e+01
5912.8032  2.5851e+01  7.7837e+01
5914.0532  -2.3860e+01  7.2232e+01
5915.3037  3.7980e+01  8.4662e+01
5916.5542  1.0019e+02  9.9349e+01
5917.8047  6.5416e+01  9.8635e+01
5919.0547  -9.7888e+01  7.8823e+01
5920.3052  3.8988e+01  7.0265e+01
5921.5557  1.8071e+02  7.6571e+01
5922.8057  -2.2657e+01  8.9778e+01
5924.0562  -2.1523e+02  9.3809e+01
5925.3066  -4.0142e+01  8.4716e+01
5926.5566  1.0140e+02  8.4380e+01
5927.8071  -1.8731e+00  8.1334e+01
5929.0576  -1.4541e+01  8.2994e+01
5930.3076  2.2219e+02  8.2584e+01
5931.5581  1.2176e+01  7.1065e+01
5932.8086  -4.7009e+01  1.0409e+02
5934.0586  4.3319e+00  1.0621e+02
5935.3091  2.9380e+01  1.0274e+02
5936.5596  7.4059e+00  8.6515e+01
5937.8101  -8.4810e+01  8.1174e+01
5939.0601  -1.0372e+02  7.0702e+01
5940.3105  -7.1715e+00  8.5558e+01
5941.5610  1.3592e+02  8.3339e+01
5942.8110  -5.5151e+01  8.4314e+01
5944.0615  -2.6967e+01  9.0010e+01
5945.3120  3.5944e+01  8.4635e+01
5946.5620  1.8401e+02  8.0228e+01
5947.8125  -4.8520e+01  8.4700e+01
5949.0630  -4.0780e+01  8.5601e+01
5950.3130  -1.9785e+00  7.5818e+01
5951.5635  2.6840e+01  7.0507e+01
5952.8140  -2.9652e+01  7.7685e+01
5954.0640  -1.3396e+01  9.7852e+01
5955.3145  -6.8289e+00  1.1330e+02
5956.5649  1.5113e+02  8.1640e+01
5957.8149  1.1405e+02  9.2352e+01
5959.0654  1.7755e+02  7.6023e+01
5960.3159  -7.3149e+01  7.9097e+01
5961.5664  4.5983e+01  8.2744e+01
5962.8164  -2.7825e+01  8.7411e+01
5964.0669  1.3376e+02  7.0816e+01
5965.3174  9.5372e+01  7.5276e+01
5966.5674  1.5463e+02  7.0267e+01
5967.8179  6.4929e+00  7.1637e+01
5969.0684  1.0970e+01  7.1097e+01
5970.3184  6.2842e+01  7.5422e+01
5971.5688  5.5957e+01  8.9583e+01
5972.8193  9.2848e+01  8.7850e+01
5974.0693  7.9470e+01  7.2243e+01
5975.3198  -1.4694e+01  7.7881e+01
5976.5703  -3.4904e+01  8.4735e+01
5977.8203  2.6537e+01  1.0128e+02
5979.0708  3.3019e+02  1.0485e+02
5980.3213  4.1043e+02  9.1390e+01
5981.5718  4.3867e+02  7.5018e+01
5982.8218  3.5075e+02  6.9195e+01
5984.0723  2.3544e+02  8.8758e+01
5985.3228  2.6594e+02  7.9305e+01
5986.5728  1.0137e+02  7.0816e+01
5987.8232  2.8648e+02  6.8213e+01
5989.0737  3.6428e+01  6.7737e+01
5990.3237  8.4470e+01  8.4319e+01
5991.5742  5.4237e+01  7.0569e+01
5992.8247  4.8419e+01  6.6984e+01
5994.0747  -1.6247e+01  7.1906e+01
5995.3252  -3.1834e+00  7.2463e+01
5996.5757  8.5374e-02  6.9019e+01
5997.8257  -5.9114e+01  7.7935e+01
5999.0762  -4.2642e+00  8.1640e+01
6000.3267  -8.7452e+00  8.3172e+01
6001.5767  -5.4865e+01  6.6752e+01
6002.8271  1.8770e+01  7.6437e+01
6004.0776  -1.0940e+02  8.9564e+01
6005.3281  1.0743e+02  1.0104e+02
6006.5781  -1.4041e+01  8.3925e+01
6007.8286  -4.7561e+01  6.6572e+01
6009.0791  7.0480e+01  6.5712e+01
6010.3291  -6.0333e+01  7.6079e+01
6011.5796  -6.2089e+01  6.5748e+01
6012.8301  -5.8831e+01  6.8805e+01
6014.0801  1.9602e+01  7.2700e+01
6015.3306  -2.4828e+00  7.2236e+01
6016.5811  -5.0797e+01  6.4678e+01
6017.8311  -6.4169e+01  6.9546e+01
6019.0815  1.0874e+02  9.3232e+01
6020.3320  1.0174e+02  9.1275e+01
6021.5820  -1.9114e+01  7.7424e+01
6022.8325  1.5361e+01  8.1549e+01
6024.0830  -3.3285e+01  6.3303e+01
6025.3335  6.4288e+01  6.8830e+01
6026.5835  -6.6934e+00  7.2908e+01
6027.8340  -4.1836e+01  6.7341e+01
6029.0845  -7.7470e+01  7.6003e+01
6030.3345  -3.2586e+01  7.2016e+01
6031.5850  3.2303e+00  6.9376e+01
6032.8354  -1.4322e+02  7.5444e+01
6034.0854  2.0543e+01  6.9221e+01
6035.3359  -1.6332e+02  8.1494e+01
6036.5864  2.3768e+01  6.9032e+01
6037.8364  7.5810e+01  7.3639e+01
6039.0869  -1.2311e+01  6.6881e+01
6040.3374  -3.5092e+00  7.8792e+01
6041.5874  1.2854e+02  7.1235e+01
6042.8379  2.4757e+01  6.3633e+01
6044.0884  4.8004e+01  7.1794e+01
6045.3389  -9.5899e+01  6.3564e+01
6046.5889  -4.5209e+01  6.2458e+01
6047.8394  4.0753e+01  6.9199e+01
6049.0898  8.2248e+01  7.3533e+01
6050.3398  -5.2276e+01  6.5349e+01
6051.5903  -9.3634e+01  6.6432e+01
6052.8408  1.3643e+02  6.3935e+01
6054.0908  7.8749e+01  8.2576e+01
6055.3413  -3.9342e+01  7.5527e+01
6056.5918  -2.5508e+01  7.2135e+01
6057.8418  5.3697e+01  6.6874e+01
6059.0923  -1.7920e+02  7.7935e+01
6060.3428  -5.6736e+01  6.3117e+01
6061.5928  -8.1395e+01  7.0978e+01
6062.8433  -1.5262e+02  7.3269e+01
6064.0938  7.1805e+00  8.2793e+01
6065.3442  -3.1635e+01  6.9721e+01
6066.5942  5.9428e+01  7.3509e+01
6067.8447  -2.1644e+02  7.4235e+01
6069.0952  1.1826e+02  7.8646e+01
6070.3452  5.2451e+00  6.7634e+01
6071.5957  1.5635e+02  7.3416e+01
6072.8462  3.4337e+00  6.4711e+01
6074.0962  1.0470e+01  6.8522e+01
6075.3467  -2.3201e+01  8.3080e+01
6076.5972  1.0274e+02  7.7775e+01
6077.8472  4.2880e+01  7.7082e+01
6079.0977  -3.6895e+00  6.3031e+01
