# SNR 11.9217
# Quality c
# flux_factor = 1.e-20
6964.7295  -5.4367e+00  6.8180e+01
6965.9800  -5.0140e+01  6.7767e+01
6967.2305  -7.4665e+01  6.6785e+01
6968.4805  2.3931e+01  6.9758e+01
6969.7310  2.1176e+01  6.9438e+01
6970.9814  -6.4002e+01  7.5478e+01
6972.2319  -9.1363e+01  9.5992e+01
6973.4819  -3.9973e+01  9.3251e+01
6974.7324  -7.4474e+01  7.3004e+01
6975.9829  -4.1301e+01  6.7012e+01
6977.2329  1.0720e+01  6.6915e+01
6978.4834  -2.5850e+01  6.8801e+01
6979.7339  -6.0930e+01  9.1855e+01
6980.9839  7.7663e+01  1.4245e+02
6982.2344  -2.0464e+02  1.0504e+02
6983.4849  -2.5241e+01  7.4405e+01
6984.7349  4.6784e+00  6.7095e+01
6985.9854  -8.5272e+01  6.7788e+01
6987.2358  7.4001e+01  6.8241e+01
6988.4863  2.9829e+01  6.9012e+01
6989.7363  -1.9556e+01  6.8875e+01
6990.9868  2.2339e+01  6.7148e+01
6992.2373  4.7383e+01  6.6225e+01
6993.4873  -1.4775e+01  6.7075e+01
6994.7378  -1.9469e+01  6.7053e+01
6995.9883  -1.8878e+01  6.6474e+01
6997.2383  -1.1401e+02  6.6536e+01
6998.4888  -9.4121e+01  6.8379e+01
6999.7393  -4.8110e+01  6.8957e+01
7000.9893  -7.1075e+01  6.8083e+01
7002.2397  2.3924e+01  6.7619e+01
7003.4902  -7.3842e+01  6.7668e+01
7004.7402  2.5061e+00  6.9376e+01
7005.9907  -4.8953e+01  8.1912e+01
7007.2412  -5.2169e+01  8.4225e+01
7008.4917  -2.0927e+01  7.0241e+01
7009.7417  4.4197e+00  6.5785e+01
7010.9922  1.0267e+02  6.5418e+01
7012.2427  1.1277e+02  7.2124e+01
7013.4927  3.8581e+01  9.4100e+01
7014.7432  -2.7043e+00  9.7152e+01
7015.9937  -5.1419e+01  7.6161e+01
7017.2437  4.1421e+00  6.5192e+01
7018.4941  7.4621e+01  6.4011e+01
7019.7446  -8.7522e+01  6.4225e+01
7020.9946  -4.5861e+01  6.4318e+01
7022.2451  -9.7680e+01  6.5205e+01
7023.4956  1.5016e+01  6.5219e+01
7024.7461  4.2838e+01  6.4915e+01
7025.9961  3.9045e+01  6.4895e+01
7027.2466  -1.5271e+01  6.4904e+01
7028.4971  3.9694e+01  6.5063e+01
7029.7471  4.1307e+01  6.5369e+01
7030.9976  -7.3397e+01  6.6462e+01
7032.2480  7.6997e+01  6.7543e+01
7033.4980  7.0492e+01  6.7907e+01
7034.7485  2.3229e+01  6.9971e+01
7035.9990  1.3481e+02  6.9568e+01
7037.2490  4.9473e+01  6.5606e+01
7038.4995  1.1179e+00  6.4379e+01
7039.7500  -1.7669e+00  6.4915e+01
7041.0000  -1.6601e+00  6.4784e+01
7042.2505  1.9667e+01  6.6795e+01
7043.5010  9.7484e+01  7.5067e+01
7044.7515  8.6174e-01  7.5720e+01
7046.0015  -2.1781e+01  6.7796e+01
7047.2520  -6.6024e+01  6.7496e+01
7048.5024  2.0000e+01  7.3305e+01
7049.7524  7.2024e+01  8.3521e+01
7051.0029  9.1739e+01  8.9781e+01
7052.2534  1.7702e+01  8.3583e+01
7053.5034  -5.7868e+01  7.4761e+01
7054.7539  -2.7803e+01  7.2416e+01
7056.0044  -7.4614e+01  7.0960e+01
7057.2544  9.2073e+00  6.8991e+01
7058.5049  7.3699e+01  6.7666e+01
7059.7554  9.6427e+01  6.6314e+01
7061.0059  2.9671e+00  6.5042e+01
7062.2559  3.4113e-01  6.6302e+01
7063.5063  1.4578e+01  6.7869e+01
7064.7568  9.9311e-01  6.8909e+01
7066.0068  -5.7319e+00  7.0881e+01
7067.2573  -1.0236e+02  6.9777e+01
7068.5078  -5.9985e+01  7.0394e+01
7069.7578  -1.4178e+02  7.1402e+01
7071.0083  3.7149e+01  6.9471e+01
7072.2588  -2.4677e+01  7.0111e+01
7073.5088  -2.8283e+01  7.0389e+01
7074.7593  -8.4388e+01  6.7602e+01
7076.0098  -6.3897e+00  6.9569e+01
7077.2598  -8.8358e+01  7.0434e+01
7078.5103  7.1514e+01  6.7347e+01
7079.7607  2.5999e+02  6.7866e+01
7081.0112  3.8347e+02  7.1030e+01
7082.2612  4.5982e+02  6.8994e+01
7083.5117  3.4835e+02  6.8367e+01
7084.7622  2.0508e+02  7.4666e+01
7086.0122  2.3151e+02  7.4344e+01
7087.2627  4.0604e+01  6.6912e+01
7088.5132  -2.7268e+01  6.5168e+01
7089.7632  -4.3871e+01  7.0865e+01
7091.0137  -4.9823e+01  7.8620e+01
7092.2642  -9.7818e+01  7.8043e+01
7093.5142  5.1536e+01  7.1595e+01
7094.7646  4.2607e+01  6.8690e+01
7096.0151  -1.8738e+01  6.7176e+01
7097.2656  -1.0864e+01  6.5644e+01
7098.5156  -2.1502e+01  6.5140e+01
7099.7661  -1.1247e+02  6.4780e+01
7101.0166  4.2167e+01  6.5411e+01
7102.2666  3.3833e+01  6.4966e+01
7103.5171  1.1471e+02  6.5608e+01
7104.7676  -1.1639e+01  6.5352e+01
7106.0176  -7.8606e+00  6.5885e+01
7107.2681  -6.4166e+01  6.6152e+01
7108.5186  -1.1676e+02  6.5124e+01
7109.7686  -5.2745e+01  6.5347e+01
7111.0190  8.8397e+01  6.5479e+01
7112.2695  1.3195e+02  6.5364e+01
7113.5195  2.8360e+01  6.5650e+01
7114.7700  -4.9371e+01  6.6089e+01
7116.0205  -9.3261e+01  6.5369e+01
7117.2710  2.1322e+01  6.5031e+01
7118.5210  -1.0253e+02  6.5005e+01
7119.7715  3.4132e+01  6.5680e+01
7121.0220  -2.7869e+01  6.5061e+01
7122.2720  -8.4307e+01  6.4632e+01
7123.5225  -8.3767e+01  6.4215e+01
7124.7729  5.3161e+01  6.4295e+01
7126.0229  5.1568e+01  6.4407e+01
7127.2734  -6.5062e+01  6.4803e+01
7128.5239  -2.0867e+01  6.5971e+01
7129.7739  -4.0067e+01  7.0997e+01
7131.0244  -1.5903e+01  7.1811e+01
7132.2749  -8.9364e+01  6.7136e+01
7133.5254  1.6251e+01  6.5906e+01
7134.7754  -7.2844e+00  6.9870e+01
7136.0259  -6.6083e+01  7.2529e+01
7137.2764  -6.2592e+01  6.8164e+01
7138.5264  2.8309e+01  6.4702e+01
7139.7769  -1.0000e+02  6.4324e+01
7141.0273  -3.6055e+01  6.4119e+01
7142.2773  -4.3359e+01  6.4592e+01
7143.5278  -2.6466e+01  6.8037e+01
7144.7783  2.8359e+01  7.3040e+01
7146.0283  -5.9674e+01  7.5690e+01
7147.2788  -3.8236e+01  7.5856e+01
7148.5293  -6.3977e+01  7.4299e+01
7149.7793  -1.6897e+01  7.2902e+01
7151.0298  -4.8891e+01  7.0550e+01
7152.2803  -1.2445e+01  6.9031e+01
7153.5308  -7.3230e+01  6.7645e+01
7154.7808  3.7900e+01  6.6158e+01
7156.0312  -1.8119e+01  6.4930e+01
7157.2817  1.4939e+01  6.4911e+01
7158.5317  7.3201e+01  6.5810e+01
7159.7822  -7.8608e+01  6.6664e+01
7161.0327  4.2523e+01  6.8426e+01
7162.2827  -6.7190e+01  6.8726e+01
7163.5332  8.4675e+01  6.8389e+01
7164.7837  1.0131e+02  7.0478e+01
7166.0337  6.2878e+01  6.9461e+01
7167.2842  3.5195e+01  6.7756e+01
7168.5347  -3.0802e+01  7.2174e+01
7169.7852  -8.9059e+01  7.0844e+01
7171.0352  -1.4254e+01  6.9968e+01
7172.2856  -8.4343e+01  7.2700e+01
7173.5361  -3.8858e+01  7.3026e+01
7174.7861  3.4739e+01  7.1137e+01
7176.0366  -7.8819e+01  7.3805e+01
7177.2871  4.9250e+01  7.8987e+01
7178.5371  4.9867e+01  7.9566e+01
7179.7876  5.0921e+01  7.9527e+01
7181.0381  -2.9503e+01  7.7659e+01
7182.2881  2.7429e+01  7.5784e+01
7183.5386  -9.1641e+01  7.6475e+01
7184.7891  1.1080e+02  7.4796e+01
7186.0391  -3.2000e+01  7.2388e+01
7187.2896  -7.8971e+00  7.0347e+01
7188.5400  4.4126e+01  6.9075e+01
7189.7905  1.6635e+01  6.7747e+01
7191.0405  -6.6225e+01  6.8223e+01
7192.2910  4.5274e+01  6.7171e+01
7193.5415  -4.6492e+01  6.6906e+01
7194.7915  2.9939e+01  6.7335e+01
7196.0420  -2.4394e+01  6.6938e+01
7197.2925  -7.0483e+00  6.6823e+01
7198.5425  -9.1129e+01  6.6158e+01
7199.7930  6.6248e+01  6.5495e+01
