# SNR 14.6723
# Quality c
# flux_factor = 1.e-20
5480.0015  5.7638e+01  6.2015e+01
5481.2515  9.0879e+00  5.6675e+01
5482.5020  -6.0365e+00  5.3700e+01
5483.7524  -3.8075e+01  6.2121e+01
5485.0024  -8.5445e+01  5.7414e+01
5486.2529  -9.3017e+01  6.4724e+01
5487.5034  1.0097e+02  5.1325e+01
5488.7539  4.8221e+01  6.5737e+01
5490.0039  3.3780e+01  6.5474e+01
5491.2544  -7.1317e+00  5.8330e+01
5492.5049  -4.8456e+01  5.5609e+01
5493.7549  5.0598e+01  6.6995e+01
5495.0054  -3.5849e+01  5.4318e+01
5496.2559  2.0546e+01  6.6050e+01
5497.5059  3.8805e+00  5.6804e+01
5498.7563  5.3115e+01  6.2277e+01
5500.0068  2.7726e+01  5.4708e+01
5501.2568  1.1080e+01  5.1553e+01
5502.5073  4.4169e+00  5.2354e+01
5503.7578  1.0072e+02  5.0688e+01
5505.0078  2.0229e+01  5.3189e+01
5506.2583  8.7182e+01  5.2546e+01
5507.5088  2.2099e+01  5.1294e+01
5508.7588  6.3925e+01  5.0664e+01
5510.0093  6.0367e+01  5.1462e+01
5511.2598  2.9201e+01  6.0431e+01
5512.5103  -6.3673e+01  6.2549e+01
5513.7603  8.6349e+01  5.3910e+01
5515.0107  3.3449e+01  5.0863e+01
5516.2612  8.8519e+00  6.1889e+01
5517.5112  1.2922e+02  5.1384e+01
5518.7617  9.1474e+01  4.9420e+01
5520.0122  -2.3307e+01  5.6209e+01
5521.2622  7.0560e+01  6.1445e+01
5522.5127  -2.2351e+01  5.9479e+01
5523.7632  -2.1577e+01  5.9073e+01
5525.0132  -4.7755e+01  5.6024e+01
5526.2637  6.5940e+01  6.1356e+01
5527.5142  2.4481e+01  6.7680e+01
5528.7642  1.2568e+01  4.8905e+01
5530.0146  -2.8823e+01  5.7087e+01
5531.2651  -1.4726e+01  5.6874e+01
5532.5151  -1.7296e+01  6.0422e+01
5533.7656  2.6531e+01  5.2610e+01
5535.0161  4.6642e+01  5.6569e+01
5536.2666  -5.4107e+01  4.8149e+01
5537.5166  -5.7214e+01  5.6007e+01
5538.7671  -2.0790e-01  5.5635e+01
5540.0176  6.4830e+01  7.7861e+01
5541.2676  5.3306e+01  5.8078e+01
5542.5181  -8.2577e+00  5.2046e+01
5543.7686  -6.1384e+01  7.4186e+01
5545.0186  5.5659e+01  6.6562e+01
5546.2690  -2.0878e+00  6.2552e+01
5547.5195  -8.8075e+01  6.4594e+01
5548.7695  -1.4524e+01  5.7700e+01
5550.0200  -8.9104e+01  5.7334e+01
5551.2705  -2.8317e+01  5.5722e+01
5552.5205  1.5066e+01  6.3156e+01
5553.7710  7.3280e+01  5.5213e+01
5555.0215  2.4073e+01  5.6479e+01
5556.2715  -4.8368e+01  5.2259e+01
5557.5220  3.0386e+01  5.5702e+01
5558.7725  9.1545e+01  5.5029e+01
5560.0229  1.9927e+01  5.0046e+01
5561.2729  -8.6982e+01  4.9341e+01
5562.5234  -2.5960e+01  6.3941e+01
5563.7739  1.2043e+02  6.3541e+01
5565.0239  3.3685e+01  6.2549e+01
5566.2744  5.0718e+01  5.7916e+01
5567.5249  8.6352e+01  4.7119e+01
5568.7749  2.7550e+02  5.6639e+01
5570.0254  4.7995e+02  5.0229e+01
5571.2759  5.2945e+02  5.2834e+01
5572.5259  5.4988e+02  5.7971e+01
5573.7764  5.0293e+02  6.8591e+01
5575.0269  -8.0801e+01  7.0224e+01
5576.2769  4.5814e+01  2.0500e+02
5577.5273  3.2230e+01  4.0701e+02
5578.7778  3.4743e+01  4.4026e+02
5580.0278  4.0526e+01  2.5962e+02
5581.2783  5.0944e+01  8.7498e+01
5582.5288  8.4492e+01  7.7416e+01
5583.7793  1.6364e+02  7.1735e+01
5585.0293  1.0505e+02  5.4022e+01
5586.2798  5.6827e+01  5.6193e+01
5587.5303  -1.8348e+01  5.5005e+01
5588.7803  1.4665e+01  5.7404e+01
5590.0308  5.7830e+01  6.4481e+01
5591.2812  7.6493e+01  6.1875e+01
5592.5312  9.1792e+01  6.6533e+01
5593.7817  6.1638e+01  6.4378e+01
5595.0322  2.4009e+01  6.7181e+01
5596.2822  1.4566e+01  5.6035e+01
5597.5327  -5.7775e+00  4.8425e+01
5598.7832  -8.8015e+01  5.9452e+01
5600.0332  -9.6068e+01  6.0060e+01
5601.2837  5.2031e+01  5.5217e+01
5602.5342  5.8863e+01  5.3804e+01
5603.7842  1.4836e+01  5.1252e+01
5605.0347  -7.8963e+00  5.5552e+01
5606.2852  -8.5413e+01  6.0871e+01
5607.5356  1.6281e+02  5.4807e+01
5608.7856  2.9627e+01  5.0052e+01
5610.0361  -9.0604e+00  4.8492e+01
5611.2866  7.4941e+01  4.9777e+01
5612.5366  -4.4293e+01  5.2103e+01
5613.7871  -1.0380e+01  4.9527e+01
5615.0376  2.0249e+01  4.7444e+01
5616.2876  -6.1029e+01  5.9994e+01
5617.5381  -7.8821e+00  5.1980e+01
5618.7886  6.3236e+01  5.7606e+01
5620.0386  3.2808e+01  4.9371e+01
5621.2891  6.6576e+01  4.8652e+01
5622.5396  -7.3005e+01  5.0725e+01
5623.7896  -4.7917e+01  5.8733e+01
5625.0400  4.6625e+01  7.1881e+01
5626.2905  3.0683e+01  5.8308e+01
5627.5405  -1.0933e+01  4.6845e+01
5628.7910  4.9063e+01  4.7319e+01
5630.0415  -7.3664e+00  6.4602e+01
5631.2920  -3.7568e+01  6.6183e+01
5632.5420  5.8741e+01  5.3506e+01
5633.7925  6.0797e+01  6.3136e+01
5635.0430  -5.7882e+01  5.6508e+01
5636.2930  4.6196e+01  5.8398e+01
5637.5435  5.9819e+01  5.4220e+01
5638.7939  9.6287e+00  4.8422e+01
5640.0439  4.8834e+01  5.1122e+01
5641.2944  2.0700e+01  5.3926e+01
5642.5449  -2.3344e+01  5.5286e+01
5643.7949  5.4308e+01  5.7612e+01
5645.0454  5.3004e+01  5.9290e+01
5646.2959  1.0946e+02  6.3791e+01
5647.5459  9.0681e+01  4.8255e+01
5648.7964  7.4125e+01  5.0284e+01
5650.0469  8.5618e+01  6.0441e+01
5651.2969  5.9140e+01  5.3079e+01
5652.5474  2.3583e+01  5.2591e+01
5653.7979  3.3681e+00  4.5774e+01
5655.0483  4.2307e+01  5.6204e+01
5656.2983  1.1551e+02  5.0706e+01
5657.5488  6.4513e+00  5.3578e+01
5658.7993  -7.0199e+00  5.2222e+01
5660.0493  7.6191e+01  5.1229e+01
5661.2998  5.1200e+01  4.9805e+01
5662.5503  7.1758e+01  5.8309e+01
5663.8003  -1.2502e+01  5.3147e+01
