# SNR 20.6284
# Quality c
# flux_factor = 1.e-20
7550.7305  8.7842e+01  4.5914e+01
7551.9810  2.8116e+01  4.1343e+01
7553.2310  7.2706e+00  4.3515e+01
7554.4814  1.2602e+02  4.2631e+01
7555.7319  -1.5166e+01  4.7890e+01
7556.9819  -7.5973e+01  5.5117e+01
7558.2324  -4.7397e+01  7.3533e+01
7559.4829  2.3249e+01  7.6101e+01
7560.7329  7.3137e+01  6.7493e+01
7561.9834  -7.0355e+01  4.1145e+01
7563.2339  -4.2742e+01  4.3046e+01
7564.4839  -5.0308e-01  4.4836e+01
7565.7344  -5.9630e+01  3.7972e+01
7566.9849  1.9495e+01  3.8273e+01
7568.2354  3.2055e+01  5.1065e+01
7569.4854  -2.6371e+01  5.0663e+01
7570.7358  -3.9038e+00  5.8578e+01
7571.9863  -1.2323e+02  1.0894e+02
7573.2363  -7.4298e+01  1.5586e+02
7574.4868  -1.3575e+02  1.1339e+02
7575.7373  -9.9962e+01  9.2265e+01
7576.9873  2.1784e+01  6.4340e+01
7578.2378  -3.9561e+00  5.0208e+01
7579.4883  3.7589e+01  4.1624e+01
7580.7383  1.4703e+02  4.4520e+01
7581.9888  -5.1798e+00  4.3375e+01
7583.2393  -1.8191e+00  4.4533e+01
7584.4893  -2.4528e+01  4.9075e+01
7585.7397  5.1012e+01  4.6533e+01
7586.9902  -7.0158e+01  7.8641e+01
7588.2407  1.0364e+02  9.7152e+01
7589.4907  5.0756e+01  5.9342e+01
7590.7412  1.3025e+01  4.9807e+01
7591.9917  1.1318e+01  4.9244e+01
7593.2417  1.9368e+01  5.5077e+01
7594.4922  -4.4012e+01  5.3926e+01
7595.7427  -1.1556e+01  9.2764e+01
7596.9927  4.6312e+01  9.0560e+01
7598.2432  1.3342e+02  1.4566e+02
7599.4937  4.1660e+01  2.0281e+02
7600.7437  -1.2035e+02  2.2481e+02
7601.9941  1.4917e+02  1.8736e+02
7603.2446  -1.9328e+01  1.3357e+02
7604.4951  -2.5465e+01  1.4583e+02
7605.7451  2.8838e+02  1.3777e+02
7606.9956  1.9768e+02  1.4684e+02
7608.2461  -1.1696e+02  1.2469e+02
7609.4961  3.4419e+01  1.4559e+02
7610.7466  -7.8330e+01  1.1320e+02
7611.9971  -2.8946e+01  1.2346e+02
7613.2471  -3.9548e+01  9.5621e+01
7614.4976  4.7350e+01  8.6789e+01
7615.7480  2.3398e+01  6.7085e+01
7616.9980  1.0853e+02  6.5307e+01
7618.2485  6.1423e+01  6.9598e+01
7619.4990  4.0641e+01  8.1520e+01
7620.7495  -4.3739e+01  7.7706e+01
7621.9995  1.0286e+01  6.2630e+01
7623.2500  -2.1519e+02  7.6688e+01
7624.5005  -1.2268e+02  7.8115e+01
7625.7505  4.9044e+01  7.3471e+01
7627.0010  2.3597e+01  7.4530e+01
7628.2515  6.2513e+01  9.7594e+01
7629.5015  6.4137e+00  1.4075e+02
7630.7520  8.1047e+01  1.4723e+02
7632.0024  6.7502e+01  1.1887e+02
7633.2524  1.5619e+02  6.9971e+01
7634.5029  3.4669e+01  6.9730e+01
7635.7534  -1.0709e+02  8.0898e+01
7637.0039  -5.6651e+00  6.9450e+01
7638.2539  1.8647e+00  7.6625e+01
7639.5044  3.5636e+01  5.5021e+01
7640.7549  4.8047e+01  7.2080e+01
7642.0049  -1.6999e+01  6.9051e+01
7643.2554  8.2238e+01  5.7456e+01
7644.5059  2.7540e+01  5.9508e+01
7645.7559  1.2156e+02  8.3987e+01
7647.0063  1.1952e+02  7.2879e+01
7648.2568  -1.5540e+01  6.7048e+01
7649.5068  2.8766e+01  5.5277e+01
7650.7573  -4.7176e+01  6.7419e+01
7652.0078  -2.8917e+01  5.5893e+01
7653.2578  -6.8067e+00  6.8190e+01
7654.5083  -8.9889e+01  8.8270e+01
7655.7588  1.2059e+02  7.8347e+01
7657.0093  -6.1657e+00  5.3681e+01
7658.2593  -3.1545e+01  5.3265e+01
7659.5098  -4.0063e+01  5.9460e+01
7660.7603  2.8388e+01  4.3701e+01
7662.0103  7.6394e+01  6.1909e+01
7663.2607  1.0945e+02  9.6637e+01
7664.5112  9.7139e+01  8.4924e+01
7665.7612  8.1893e+01  6.1866e+01
7667.0117  3.1728e+01  5.8513e+01
7668.2622  3.4392e+01  4.9938e+01
7669.5122  3.8718e+01  4.0589e+01
7670.7627  1.4698e+01  4.1777e+01
7672.0132  9.0736e+00  4.8929e+01
7673.2637  6.7336e+00  4.0506e+01
7674.5137  -7.3184e+00  4.0331e+01
7675.7642  2.6852e+02  5.5568e+01
7677.0146  7.1364e+02  4.6396e+01
7678.2646  7.5815e+02  4.8732e+01
7679.5151  4.9364e+02  4.5199e+01
7680.7656  4.2874e+02  5.5988e+01
7682.0156  4.5447e+02  6.5394e+01
7683.2661  3.4888e+02  5.2256e+01
7684.5166  2.9913e+02  5.5994e+01
7685.7666  1.4526e+02  4.1437e+01
7687.0171  1.1957e+02  4.4072e+01
7688.2676  1.5310e+02  5.0165e+01
7689.5181  9.5005e+01  4.9107e+01
7690.7681  7.8769e+01  4.9736e+01
7692.0186  9.3327e+01  5.7187e+01
7693.2690  3.6204e+01  5.4149e+01
7694.5190  3.7616e+01  5.3404e+01
7695.7695  -3.2716e+01  4.3851e+01
7697.0200  2.1952e+01  4.8500e+01
7698.2700  9.3269e+00  4.2276e+01
7699.5205  6.1258e+01  5.0912e+01
7700.7710  9.0453e+01  7.2106e+01
7702.0210  9.6983e+01  6.1016e+01
7703.2715  -7.3884e+01  5.1207e+01
7704.5220  3.9432e+01  5.2649e+01
7705.7725  6.6002e+00  4.5825e+01
7707.0225  1.1048e+01  3.9630e+01
7708.2729  -1.5887e+01  3.8674e+01
7709.5234  4.7741e+01  4.2837e+01
7710.7734  5.8800e+01  5.7997e+01
7712.0239  7.2496e+01  1.1590e+02
7713.2744  -2.6590e+01  1.5685e+02
7714.5244  -2.7946e+02  2.3509e+02
7715.7749  9.4602e+01  1.5368e+02
7717.0254  2.7440e+02  1.3689e+02
7718.2754  1.9104e+02  2.0043e+02
7719.5259  1.1840e+02  1.9186e+02
7720.7764  1.4000e+02  1.0939e+02
7722.0264  3.2541e-01  5.4880e+01
7723.2769  5.9167e+00  4.7512e+01
7724.5273  9.8428e+01  6.8549e+01
7725.7778  1.2444e+02  8.0528e+01
7727.0278  4.4228e+01  9.6147e+01
7728.2783  1.1756e+02  9.3215e+01
7729.5288  2.6900e+01  6.0060e+01
7730.7788  4.4529e+00  4.9906e+01
7732.0293  -3.2278e+00  4.4364e+01
7733.2798  -3.9144e+00  5.9466e+01
7734.5298  1.2499e-01  4.5568e+01
7735.7803  2.6112e+01  5.6170e+01
7737.0308  2.8205e+01  6.3172e+01
7738.2808  1.1278e+02  5.4982e+01
7739.5312  8.9492e+00  6.2895e+01
7740.7817  5.3262e+01  4.9836e+01
7742.0322  2.3186e+01  5.6944e+01
7743.2822  -8.3621e+01  4.5974e+01
7744.5327  -6.5538e+01  4.8805e+01
7745.7832  5.9984e+01  5.1227e+01
7747.0332  9.1765e+01  5.5819e+01
7748.2837  1.6619e+01  6.7864e+01
7749.5342  1.4582e+02  9.4631e+01
7750.7842  -1.0605e+01  1.5211e+02
7752.0347  -1.5235e+02  2.3092e+02
7753.2852  3.2050e+02  2.0966e+02
7754.5352  8.2395e+00  1.3950e+02
7755.7856  -3.5747e+01  6.0974e+01
7757.0361  -2.3764e+00  4.5910e+01
7758.2866  4.6258e+01  7.3477e+01
7759.5366  -1.6409e+01  8.1608e+01
7760.7871  3.8730e+01  1.1843e+02
7762.0376  7.1478e+01  1.4235e+02
7763.2876  1.6119e+02  9.6066e+01
7764.5381  -2.7986e+01  5.9028e+01
7765.7886  -4.1808e+01  5.2185e+01
7767.0386  -2.6246e+01  4.9335e+01
7768.2891  3.9204e+01  4.3374e+01
7769.5396  -4.2911e+01  4.6517e+01
7770.7896  -9.1215e-02  6.9296e+01
7772.0400  2.0829e+02  1.0468e+02
7773.2905  -9.1150e+01  1.3744e+02
7774.5410  -1.1029e+02  1.6191e+02
7775.7910  5.9541e+01  1.6325e+02
7777.0415  6.1743e+01  1.3449e+02
7778.2920  -4.8182e+01  9.5707e+01
7779.5420  1.0037e+02  4.7969e+01
7780.7925  1.3448e+02  8.5564e+01
7782.0430  1.5649e+01  1.1711e+02
7783.2930  1.8304e+02  1.1262e+02
7784.5435  1.2759e+01  6.7048e+01
7785.7939  -2.1920e+01  4.9518e+01
7787.0439  3.3839e+01  5.8003e+01
7788.2944  -3.5239e+01  6.1902e+01
7789.5449  -7.6329e+01  4.8144e+01
7790.7954  1.1858e+02  5.4899e+01
7792.0454  -1.5976e+01  7.3103e+01
7793.2959  1.4215e+02  1.1386e+02
7794.5464  -9.4690e+01  1.4306e+02
7795.7964  4.9863e+02  2.0721e+02
7797.0469  1.9133e+02  1.8228e+02
7798.2974  2.5645e+01  1.0164e+02
7799.5474  2.7600e+01  5.0665e+01
7800.7979  6.0564e+01  4.3935e+01
7802.0483  -2.4753e+01  4.6431e+01
7803.2983  7.8216e+01  4.1150e+01
7804.5488  7.1252e+01  4.2822e+01
