# SNR 9.7113
# Quality c
# flux_factor = 1.e-20
6562.9199  2.0138e+02  8.2718e+01
6564.1704  -4.9192e+01  1.0225e+02
6565.4204  1.2880e+01  8.5997e+01
6566.6709  1.1150e+02  7.3332e+01
6567.9214  -5.8970e+01  5.6970e+01
6569.1714  -1.8289e+01  7.8630e+01
6570.4219  -6.7793e+01  7.8122e+01
6571.6724  -7.9032e+00  7.1679e+01
6572.9229  6.3852e+01  6.2782e+01
6574.1729  7.1051e+01  5.8921e+01
6575.4233  -2.3228e+01  5.8893e+01
6576.6738  -3.2152e+01  6.4150e+01
6577.9238  -1.7445e+02  9.5208e+01
6579.1743  1.1833e+02  1.0142e+02
6580.4248  7.9571e+01  7.4155e+01
6581.6748  4.8216e+01  5.7053e+01
6582.9253  9.5569e+00  6.1951e+01
6584.1758  -6.0762e+01  7.4667e+01
6585.4258  8.4823e+01  6.0941e+01
6586.6763  1.6000e+01  5.8017e+01
6587.9268  -6.6690e+01  5.8754e+01
6589.1772  -5.5779e+01  5.5066e+01
6590.4272  -2.5011e+01  7.1112e+01
6591.6777  1.4955e+02  6.6210e+01
6592.9282  2.8844e+01  5.8765e+01
6594.1782  -5.1868e+01  5.9644e+01
6595.4287  6.1440e+01  5.7924e+01
6596.6792  1.6773e+01  6.9682e+01
6597.9292  5.1188e+01  8.1266e+01
6599.1797  -1.4070e+02  7.5560e+01
6600.4302  3.7065e+00  5.7421e+01
6601.6802  1.3542e+01  6.1047e+01
6602.9307  5.9494e+01  6.0920e+01
6604.1812  5.5604e+01  7.0077e+01
6605.4312  -8.4032e+00  8.5456e+01
6606.6816  -2.9243e+00  7.6983e+01
6607.9321  -9.4127e+01  5.8644e+01
6609.1826  4.3725e+01  6.6190e+01
6610.4326  8.9403e+00  6.4770e+01
6611.6831  2.8267e+01  5.6208e+01
6612.9336  -4.6780e+01  5.4993e+01
6614.1836  -7.1453e+01  5.6251e+01
6615.4341  7.2616e+01  5.5666e+01
6616.6846  4.7337e+01  5.4973e+01
6617.9346  -4.2033e+01  6.0096e+01
6619.1851  4.3175e+00  7.0052e+01
6620.4355  -1.0315e+01  5.6770e+01
6621.6855  -6.3849e+00  6.2598e+01
6622.9360  -1.1153e+01  5.8699e+01
6624.1865  6.0287e+01  5.5771e+01
6625.4365  4.1862e+01  5.5690e+01
6626.6870  8.0422e+01  5.5928e+01
6627.9375  1.8281e+01  6.0604e+01
6629.1880  1.4648e+02  7.4370e+01
6630.4380  1.0113e+02  6.4385e+01
6631.6885  5.8303e+01  6.0325e+01
6632.9390  -5.6183e+01  5.6777e+01
6634.1890  -3.1559e+01  7.2085e+01
6635.4395  7.5725e+01  7.2326e+01
6636.6899  -4.6333e+01  7.1194e+01
6637.9399  -3.9586e+01  6.2998e+01
6639.1904  -4.3295e+00  6.2713e+01
6640.4409  4.5699e+01  6.3668e+01
6641.6909  -3.3394e+01  5.5504e+01
6642.9414  4.7387e+01  5.5851e+01
6644.1919  -4.2328e+01  5.8929e+01
6645.4419  3.6171e+01  5.5116e+01
6646.6924  3.5959e+01  5.4907e+01
6647.9429  4.3402e+01  6.1983e+01
6649.1934  7.0804e+01  5.4024e+01
6650.4434  5.6173e+01  5.5833e+01
6651.6938  -1.8613e+01  5.7555e+01
6652.9443  6.6246e+01  7.0151e+01
6654.1943  6.4187e+01  5.9412e+01
6655.4448  1.1696e+02  6.3997e+01
6656.6953  3.0718e+01  5.5152e+01
6657.9453  6.4986e+01  5.6325e+01
6659.1958  2.2916e+01  6.4411e+01
6660.4463  -1.2667e+01  6.2200e+01
6661.6963  2.2674e+01  5.7061e+01
6662.9468  1.8508e+01  5.8902e+01
6664.1973  -4.3744e+00  5.8064e+01
6665.4473  -1.5847e+01  5.6001e+01
6666.6978  -4.0508e+01  5.8281e+01
6667.9482  -8.8464e+00  6.0184e+01
6669.1987  1.9625e+01  6.2779e+01
6670.4487  1.0102e+02  6.0429e+01
6671.6992  3.0779e+02  5.7366e+01
6672.9497  4.6821e+02  5.9437e+01
6674.1997  3.3070e+02  5.3910e+01
6675.4502  2.3599e+02  5.5230e+01
6676.7007  9.8088e+01  5.4360e+01
6677.9507  8.4843e+01  5.4702e+01
6679.2012  1.0809e+02  6.6886e+01
6680.4517  2.9776e+01  5.4143e+01
6681.7017  -7.3424e+01  5.2803e+01
6682.9521  4.5805e+00  5.6734e+01
6684.2026  1.0059e+02  5.4768e+01
6685.4531  1.1406e+01  5.4598e+01
6686.7031  1.0732e+02  6.3746e+01
6687.9536  -5.9197e+01  5.8166e+01
6689.2041  1.8970e+01  7.0985e+01
6690.4541  4.1269e+01  7.3151e+01
6691.7046  1.4529e+02  6.2832e+01
6692.9551  8.7281e+01  5.4099e+01
6694.2051  -5.8103e+01  5.7804e+01
6695.4556  2.6490e+01  5.5250e+01
6696.7061  5.2762e+01  5.6198e+01
6697.9561  4.3560e+01  6.0425e+01
6699.2065  7.9580e+00  5.6448e+01
6700.4570  9.5907e+01  6.1425e+01
6701.7070  6.5282e+01  6.6717e+01
6702.9575  1.0200e+02  6.8410e+01
6704.2080  -5.5670e+00  6.3316e+01
6705.4585  -2.3491e+01  6.5596e+01
6706.7085  5.8750e+01  5.7664e+01
6707.9590  9.3402e+01  6.0794e+01
6709.2095  5.0290e+01  5.4327e+01
6710.4595  1.9306e+01  6.0262e+01
6711.7100  -9.6649e+00  7.3058e+01
6712.9604  5.0548e+01  6.4192e+01
6714.2104  -6.7488e+01  6.3394e+01
6715.4609  -3.0487e+01  6.4875e+01
6716.7114  -8.7157e+00  6.0100e+01
6717.9614  3.0683e+01  7.5091e+01
6719.2119  -3.4365e+01  6.0007e+01
6720.4624  -2.8907e+01  5.4387e+01
6721.7124  -1.5088e+00  5.6885e+01
6722.9629  -3.5841e+01  7.0638e+01
6724.2134  -1.4201e+02  5.3690e+01
6725.4639  -1.4289e+01  5.8228e+01
6726.7139  -8.0478e+01  6.3680e+01
6727.9644  2.6614e+01  5.5075e+01
6729.2148  9.4985e+00  5.4984e+01
6730.4648  7.6433e+01  5.9433e+01
6731.7153  1.0188e+02  5.6858e+01
6732.9658  -9.7573e+01  5.8698e+01
6734.2158  6.6239e+01  6.3830e+01
6735.4663  4.3976e+01  5.6220e+01
6736.7168  -6.6568e+00  5.2192e+01
6737.9668  -1.8099e+01  5.3121e+01
6739.2173  4.4310e+01  5.2214e+01
6740.4678  3.6876e+01  5.3587e+01
6741.7183  4.0764e+01  6.3695e+01
6742.9683  -4.5997e+01  5.4166e+01
6744.2188  3.5615e+01  6.7054e+01
6745.4692  2.5793e+01  5.5853e+01
6746.7192  -2.2354e+01  5.6625e+01
6747.9697  -9.6232e+00  5.3088e+01
6749.2202  9.8637e+01  6.7124e+01
6750.4702  -2.0680e+01  5.2663e+01
6751.7207  -1.6373e+02  5.6062e+01
6752.9712  -6.1304e+01  5.4980e+01
6754.2212  -8.3256e+00  6.6382e+01
6755.4717  5.8182e+00  6.3265e+01
6756.7222  1.4907e+01  5.2574e+01
6757.9722  -4.8098e+01  7.1249e+01
6759.2227  -7.2217e+01  5.1690e+01
6760.4731  2.5992e+01  6.4400e+01
6761.7236  6.7801e+01  6.3693e+01
6762.9736  3.0966e+01  6.4543e+01
6764.2241  2.8200e+01  6.1343e+01
6765.4746  4.9332e+01  5.3413e+01
6766.7246  2.1664e+01  4.9646e+01
6767.9751  -3.9553e+01  5.5060e+01
6769.2256  1.0580e+01  5.0324e+01
6770.4756  5.6522e+01  5.1204e+01
6771.7261  3.5496e+01  6.4900e+01
6772.9766  2.7016e+00  6.2658e+01
6774.2266  1.5526e+02  5.2676e+01
6775.4771  8.5812e+01  5.1879e+01
6776.7275  6.4104e+01  5.1621e+01
6777.9775  2.8233e+01  5.9418e+01
6779.2280  1.7848e+01  5.0233e+01
6780.4785  1.4386e+02  5.2957e+01
6781.7290  8.0908e+01  5.6380e+01
6782.9790  -6.5553e+00  5.5554e+01
