# SNR 9.2654
# Quality c
# flux_factor = 1.e-20
6941.8164  1.8631e+01  9.1356e+01
6943.0664  1.2669e+00  5.8765e+01
6944.3169  -2.2585e+01  4.6188e+01
6945.5674  -1.7665e+00  4.0688e+01
6946.8179  7.5225e+01  5.4914e+01
6948.0679  1.6453e+01  6.3279e+01
6949.3184  1.5013e+02  1.0131e+02
6950.5688  -9.7739e+01  1.2217e+02
6951.8188  -1.6805e+02  1.1331e+02
6953.0693  -7.5085e+01  7.0295e+01
6954.3198  -6.4508e+01  4.7483e+01
6955.5698  -5.9144e+01  4.7659e+01
6956.8203  6.4815e+00  5.0298e+01
6958.0708  -1.4745e+01  5.7888e+01
6959.3208  1.8168e+01  5.5247e+01
6960.5713  3.7323e+01  5.1707e+01
6961.8218  -6.9398e+00  5.2415e+01
6963.0723  -5.9004e+00  5.6807e+01
6964.3223  1.5273e+00  4.2041e+01
6965.5728  2.6095e+01  4.3386e+01
6966.8232  1.1268e+01  5.3099e+01
6968.0732  1.0431e+01  5.4669e+01
6969.3237  3.3625e+01  4.4809e+01
6970.5742  8.2860e+01  6.8944e+01
6971.8242  4.1431e+01  7.7294e+01
6973.0747  -7.9574e+00  6.0101e+01
6974.3252  -3.7960e+01  4.5382e+01
6975.5752  4.8499e+01  4.1907e+01
6976.8257  6.4764e+01  4.8478e+01
6978.0762  6.0142e+01  5.3772e+01
6979.3262  9.2801e+01  8.8780e+01
6980.5767  -8.5674e+00  9.2329e+01
6981.8271  -4.7778e+00  6.7802e+01
6983.0776  -3.1519e+01  5.9745e+01
6984.3276  -1.4375e+01  5.1547e+01
6985.5781  -2.9504e+01  4.7760e+01
6986.8286  -5.6405e+01  4.8531e+01
6988.0786  2.1988e+01  4.3440e+01
6989.3291  2.3076e+01  4.5606e+01
6990.5796  -3.0787e+01  4.2631e+01
6991.8296  -6.5474e+00  5.0973e+01
6993.0801  -4.4737e+01  4.2001e+01
6994.3306  -1.1496e+02  5.2588e+01
6995.5806  -6.9398e+01  5.0121e+01
6996.8311  5.2644e+01  4.8989e+01
6998.0815  -6.8435e+01  4.5471e+01
6999.3315  4.9414e+01  4.5335e+01
7000.5820  -4.6085e+01  4.1755e+01
7001.8325  8.5007e+00  4.6558e+01
7003.0830  5.0503e+01  5.1165e+01
7004.3330  -1.5515e+01  5.8506e+01
7005.5835  -5.5661e+01  6.4768e+01
7006.8340  -3.7706e+01  4.9535e+01
7008.0840  -2.5451e+01  4.0538e+01
7009.3345  3.6574e+01  4.5046e+01
7010.5850  1.5515e+02  4.6250e+01
7011.8350  2.0252e+02  5.8967e+01
7013.0854  -5.0968e-01  7.3959e+01
7014.3359  -1.2619e+02  6.3273e+01
7015.5859  -3.7564e+01  4.0715e+01
7016.8364  -1.6997e+01  4.5135e+01
7018.0869  4.3041e+01  4.3227e+01
7019.3374  1.1792e+02  5.2216e+01
7020.5874  9.7611e+01  4.0946e+01
7021.8379  2.8714e+01  4.5208e+01
7023.0884  -6.2052e+00  3.9231e+01
7024.3384  -1.3965e+01  4.4980e+01
7025.5889  -7.3586e+01  3.9981e+01
7026.8394  7.9148e+01  4.5685e+01
7028.0894  5.6218e+01  4.2553e+01
7029.3398  -3.7453e+01  5.1024e+01
7030.5903  1.2087e+02  5.2084e+01
7031.8403  9.9535e+01  5.3048e+01
7033.0908  -1.7030e+01  4.6849e+01
7034.3413  -2.0930e+01  4.8094e+01
7035.5913  -3.2671e+01  4.6658e+01
7036.8418  6.6265e+01  4.2310e+01
7038.0923  6.0100e+01  4.5711e+01
7039.3428  -1.7939e+01  3.8807e+01
7040.5928  -5.0509e+01  4.3451e+01
7041.8433  -3.0289e+01  4.9038e+01
7043.0938  -1.0307e+01  4.9433e+01
7044.3438  6.3050e+01  5.2009e+01
7045.5942  -5.2770e+01  4.3662e+01
7046.8447  5.1332e+01  5.2439e+01
7048.0947  1.2045e+02  5.8596e+01
7049.3452  8.0204e+01  6.2845e+01
7050.5957  -9.0186e+01  6.9134e+01
7051.8457  -6.6313e+01  5.7772e+01
7053.0962  5.8947e+01  4.8312e+01
7054.3467  1.9885e+02  4.9285e+01
7055.5972  2.2407e+02  5.2420e+01
7056.8472  2.8360e+02  4.6761e+01
7058.0977  2.1152e+02  4.4203e+01
7059.3481  2.5050e+02  5.1189e+01
7060.5981  2.8437e+02  4.3999e+01
7061.8486  2.2848e+02  4.5244e+01
7063.0991  2.4365e+02  4.3148e+01
7064.3491  2.6005e+02  4.5954e+01
7065.5996  1.1397e+02  4.7498e+01
7066.8501  1.4314e+02  4.4942e+01
7068.1001  8.2829e+01  5.6778e+01
7069.3506  1.2909e+02  5.2112e+01
7070.6011  1.2049e+02  4.4125e+01
7071.8511  1.5475e+02  6.0910e+01
7073.1016  5.6382e+01  5.4597e+01
7074.3521  -1.6230e+01  4.3834e+01
7075.6025  6.3623e+01  4.5749e+01
7076.8525  3.2180e+01  5.9113e+01
7078.1030  1.8413e+01  4.9011e+01
7079.3535  -4.4537e+00  4.9110e+01
7080.6035  6.1627e+01  4.6918e+01
7081.8540  3.5737e+01  4.9883e+01
7083.1045  6.7701e+01  4.7657e+01
7084.3545  2.2318e+01  5.0039e+01
7085.6050  -4.4495e+01  4.8874e+01
7086.8555  -2.8928e+01  3.9666e+01
7088.1055  4.0405e+01  4.2879e+01
7089.3560  6.1352e+00  5.1592e+01
7090.6064  7.2730e+01  5.2154e+01
7091.8569  1.3027e+02  4.7277e+01
7093.1069  3.1112e+01  4.6611e+01
7094.3574  5.2869e+01  4.7249e+01
7095.6079  -3.8040e+01  5.1760e+01
7096.8579  1.2965e+02  5.1480e+01
7098.1084  1.1398e+01  3.9593e+01
7099.3589  3.9516e+00  4.7291e+01
7100.6089  -5.7868e+01  5.1790e+01
7101.8594  3.3657e+01  4.7977e+01
7103.1099  3.3328e+01  3.9260e+01
7104.3599  1.7650e+01  4.4071e+01
7105.6104  -3.7759e+01  4.8420e+01
7106.8608  -8.2039e+01  4.3025e+01
7108.1108  3.3279e+01  3.9479e+01
7109.3613  1.3782e+02  5.2932e+01
7110.6118  5.8652e+01  5.2255e+01
7111.8623  -6.9950e+01  4.6401e+01
7113.1123  -3.6618e+01  4.8809e+01
7114.3628  -4.3853e+01  4.2866e+01
7115.6133  -4.7818e+00  4.3808e+01
7116.8633  5.8431e+01  4.2811e+01
7118.1138  7.2736e+01  5.0543e+01
7119.3643  2.6579e+01  5.1917e+01
7120.6143  4.9957e+01  3.9916e+01
7121.8647  1.0592e+02  4.6844e+01
7123.1152  -5.6815e+00  4.8848e+01
7124.3652  4.1250e+01  4.5585e+01
7125.6157  6.4639e+01  4.1652e+01
7126.8662  2.0559e+01  4.6950e+01
7128.1167  4.0541e+01  5.7579e+01
7129.3667  -2.1458e+01  5.5123e+01
7130.6172  3.1753e+01  4.7996e+01
7131.8677  -5.7213e+00  4.7237e+01
7133.1177  -3.0725e+01  4.5540e+01
7134.3682  2.2864e+01  5.5681e+01
7135.6187  -6.0114e+00  4.7371e+01
7136.8687  4.2706e+01  5.0732e+01
7138.1191  -2.7070e+01  4.5109e+01
7139.3696  1.1690e+01  4.5722e+01
7140.6196  -7.5776e+01  4.2452e+01
7141.8701  -3.5899e+01  4.4622e+01
7143.1206  -4.3413e+01  4.5555e+01
7144.3706  -9.4240e+01  5.7159e+01
7145.6211  -9.2173e+01  5.3864e+01
7146.8716  2.9043e+01  5.2884e+01
7148.1221  2.0419e+01  5.7750e+01
7149.3721  1.0380e+02  4.9100e+01
7150.6226  1.6037e+01  5.9608e+01
7151.8730  -3.7814e+01  4.3188e+01
7153.1230  7.6555e+01  4.8770e+01
7154.3735  7.8727e+01  4.6112e+01
7155.6240  -9.9973e+00  4.1610e+01
7156.8740  1.1486e+01  4.4851e+01
7158.1245  6.6071e+00  4.2425e+01
7159.3750  -1.0691e+02  5.5157e+01
7160.6250  1.7271e+00  5.4020e+01
7161.8755  6.9294e+01  5.0871e+01
7163.1260  -1.7987e+01  4.8783e+01
7164.3765  -1.0143e+02  5.2247e+01
7165.6265  -7.4768e+01  4.7810e+01
7166.8770  5.7935e+01  5.7714e+01
7168.1274  1.7343e+01  4.6141e+01
7169.3774  5.0993e+01  4.5399e+01
7170.6279  1.7153e+01  5.4068e+01
7171.8784  -1.3348e+02  5.7745e+01
7173.1284  1.2191e+01  4.6050e+01
7174.3789  -2.0838e+01  4.4476e+01
7175.6294  -6.2966e+01  4.7825e+01
