# SNR 13.7223
# Quality c
# flux_factor = 1.e-20
7526.8169  6.5389e+01  8.5313e+01
7528.0669  1.5689e+02  5.4363e+01
7529.3174  -3.7214e+01  4.7132e+01
7530.5679  -4.7795e+01  5.7205e+01
7531.8179  8.1629e+01  7.6269e+01
7533.0684  -2.1368e+01  6.4552e+01
7534.3188  3.9473e+01  4.5391e+01
7535.5688  -6.0929e+00  4.9056e+01
7536.8193  -5.1377e+01  5.1674e+01
7538.0698  4.6820e+01  4.1697e+01
7539.3203  -6.0608e+01  4.0920e+01
7540.5703  -2.5992e+01  4.6272e+01
7541.8208  3.4494e+01  5.0856e+01
7543.0713  4.2298e+01  4.9930e+01
7544.3213  1.1978e+01  4.8229e+01
7545.5718  3.6150e+01  3.6557e+01
7546.8223  8.5945e+01  3.7244e+01
7548.0723  7.3290e+01  3.8308e+01
7549.3228  4.8497e+00  4.3531e+01
7550.5732  6.0466e+01  3.8873e+01
7551.8232  2.5027e+01  4.2353e+01
7553.0737  6.5629e+01  4.4405e+01
7554.3242  3.7762e+01  4.0922e+01
7555.5747  -6.3244e+00  4.9982e+01
7556.8247  -2.7682e+01  4.1932e+01
7558.0752  3.6588e+01  6.2933e+01
7559.3257  1.9904e+02  6.5527e+01
7560.5757  8.1270e+01  5.1142e+01
7561.8262  4.1106e+01  3.8373e+01
7563.0767  1.2140e+02  4.4869e+01
7564.3267  2.7537e+01  4.4854e+01
7565.5771  5.1040e+01  3.7256e+01
7566.8276  -1.9933e+01  4.2864e+01
7568.0776  5.4230e+01  4.8837e+01
7569.3281  8.7025e+01  5.2025e+01
7570.5786  7.7251e+01  5.3545e+01
7571.8286  1.9230e+02  1.0398e+02
7573.0791  -3.1270e+00  1.1333e+02
7574.3296  1.1092e+02  1.1924e+02
7575.5801  4.6741e+01  6.0992e+01
7576.8301  1.1405e+02  4.8867e+01
7578.0806  -4.8140e+01  4.8189e+01
7579.3311  5.2453e+01  4.4390e+01
7580.5811  7.0500e+00  3.7899e+01
7581.8315  -2.2632e+01  4.3825e+01
7583.0820  2.0365e+01  4.7103e+01
7584.3320  -5.6366e+01  5.4163e+01
7585.5825  2.1069e+01  5.2823e+01
7586.8330  5.1187e+01  7.2597e+01
7588.0830  1.5920e+01  7.4612e+01
7589.3335  4.9169e+01  5.7128e+01
7590.5840  1.0928e+01  4.1386e+01
7591.8345  1.7749e+01  4.4318e+01
7593.0845  7.4167e+01  4.8325e+01
7594.3350  4.2999e+01  5.9003e+01
7595.5854  4.8806e+01  7.8684e+01
7596.8354  -2.0532e+02  7.2938e+01
7598.0859  8.5475e+01  1.1224e+02
7599.3364  -7.7548e+01  1.7156e+02
7600.5864  1.3769e+02  1.7342e+02
7601.8369  9.8151e+01  1.1678e+02
7603.0874  4.4677e+01  1.0118e+02
7604.3374  5.0736e+01  1.0167e+02
7605.5879  1.2680e+02  1.0308e+02
7606.8384  7.6255e+01  9.6654e+01
7608.0889  3.0790e+02  1.0592e+02
7609.3389  -5.8340e+01  1.0340e+02
7610.5894  8.9094e+01  1.1029e+02
7611.8398  -6.5431e+00  1.1474e+02
7613.0898  -3.6487e+01  7.9095e+01
7614.3403  1.2473e+02  7.7493e+01
7615.5908  4.6890e+01  7.1908e+01
7616.8408  -6.3442e+01  6.9353e+01
7618.0913  5.9739e+01  6.6565e+01
7619.3418  7.6150e+00  7.0358e+01
7620.5918  7.9044e+01  6.8682e+01
7621.8423  2.4280e+01  5.6711e+01
7623.0928  1.1041e+02  8.3284e+01
7624.3433  1.1360e+02  7.0119e+01
7625.5933  5.8337e+01  7.4635e+01
7626.8438  2.5403e+01  8.5168e+01
7628.0942  1.2127e+02  9.2076e+01
7629.3442  1.0578e-01  1.2388e+02
7630.5947  -4.4573e+01  1.1702e+02
7631.8452  1.8189e+01  8.5503e+01
7633.0952  -2.7376e+01  6.0678e+01
7634.3457  5.2837e+01  6.3669e+01
7635.5962  1.6633e+01  6.3741e+01
7636.8462  -6.9828e+01  6.9270e+01
7638.0967  1.4828e+01  5.7235e+01
7639.3472  -6.5778e+01  6.1806e+01
7640.5972  -7.6155e+01  6.7907e+01
7641.8477  1.1521e+01  5.5940e+01
7643.0981  1.3996e+01  5.2938e+01
7644.3486  -3.0605e+00  6.4465e+01
7645.5986  7.6126e+01  6.1545e+01
7646.8491  1.8198e+01  5.6207e+01
7648.0996  3.0301e+01  5.5642e+01
7649.3496  1.8224e+02  5.0035e+01
7650.6001  1.3426e+02  5.4854e+01
7651.8506  3.3693e+02  5.4452e+01
7653.1006  5.5081e+02  4.8476e+01
7654.3511  7.2164e+02  7.8313e+01
7655.6016  5.9513e+02  9.0121e+01
7656.8516  3.4177e+02  5.8454e+01
7658.1021  2.4601e+02  4.3188e+01
7659.3525  2.1227e+02  5.7373e+01
7660.6030  1.5659e+02  5.0797e+01
7661.8530  1.1616e+02  6.3475e+01
7663.1035  -5.1226e+01  7.5187e+01
7664.3540  3.8943e+01  7.1370e+01
7665.6040  6.6410e+01  4.9634e+01
7666.8545  -4.7686e+01  3.8292e+01
7668.1050  3.5127e+01  3.7406e+01
7669.3550  7.3079e+01  5.1388e+01
7670.6055  5.3418e+01  4.9044e+01
7671.8560  1.5268e+01  3.8186e+01
7673.1060  -2.6455e+01  4.3272e+01
7674.3564  8.0537e+01  3.8296e+01
7675.6069  5.5024e+01  4.3950e+01
7676.8574  2.2732e+01  4.3989e+01
7678.1074  4.2267e+01  4.6623e+01
7679.3579  4.6873e+01  4.5142e+01
7680.6084  4.0633e+01  5.2467e+01
7681.8584  1.0963e+02  5.4037e+01
7683.1089  2.5370e+01  5.8865e+01
7684.3594  1.2975e+01  5.0347e+01
7685.6094  3.9671e+01  4.6802e+01
7686.8599  1.3112e+02  4.2079e+01
7688.1104  9.9208e+01  5.4611e+01
7689.3604  5.4676e+01  4.9268e+01
7690.6108  5.0977e+01  4.9627e+01
7691.8613  6.6748e+01  5.4430e+01
7693.1118  1.0635e+02  4.8185e+01
7694.3618  4.6217e+01  5.1512e+01
7695.6123  -1.5532e+01  4.2475e+01
7696.8628  -3.1660e+01  3.9736e+01
7698.1128  7.3897e+01  4.1553e+01
7699.3633  1.1389e+02  4.5786e+01
7700.6138  9.6104e+00  6.0894e+01
7701.8638  -4.6864e+00  5.1185e+01
7703.1143  1.6895e+01  4.0466e+01
7704.3647  5.4124e+01  4.5656e+01
7705.6147  -8.5812e+00  5.0534e+01
7706.8652  1.5738e+00  3.9970e+01
7708.1157  9.5625e+01  4.2654e+01
7709.3657  5.8789e+01  4.0342e+01
7710.6162  -1.0293e+01  4.8054e+01
7711.8667  -8.9324e+01  1.0664e+02
7713.1172  -1.6427e+02  1.3597e+02
7714.3672  -3.1809e+02  1.4363e+02
7715.6177  2.5356e+00  1.3179e+02
7716.8682  -2.8950e+01  1.2560e+02
7718.1182  1.7963e+02  1.5282e+02
7719.3687  1.7902e+02  1.4172e+02
7720.6191  1.7056e+02  8.2088e+01
7721.8691  8.8964e+01  4.6841e+01
7723.1196  -1.8881e+01  4.7937e+01
7724.3701  -1.0867e+02  6.5699e+01
7725.6201  -1.7690e+02  7.5259e+01
7726.8706  4.2523e+00  8.7013e+01
7728.1211  -4.4443e+01  7.4279e+01
7729.3716  3.1155e+01  6.4517e+01
7730.6216  -9.4646e+01  4.6498e+01
7731.8721  4.3049e+01  4.8420e+01
7733.1226  6.3154e+01  4.4378e+01
7734.3726  4.4551e+00  4.5568e+01
7735.6230  4.6108e+01  5.9131e+01
7736.8735  5.6622e+01  6.2466e+01
7738.1235  -8.9590e+01  4.5740e+01
7739.3740  4.8777e+01  4.8590e+01
7740.6245  4.0180e+01  4.0950e+01
7741.8745  9.2078e+01  5.2884e+01
7743.1250  -2.6498e+01  5.3717e+01
7744.3755  5.1304e+01  4.7930e+01
7745.6260  5.5605e+01  4.4244e+01
7746.8760  7.3805e+01  4.7470e+01
7748.1265  4.5638e+01  5.9310e+01
7749.3770  -9.1846e+01  8.4604e+01
7750.6270  8.5676e+01  1.4781e+02
7751.8774  3.9289e+01  1.9183e+02
7753.1279  -5.0609e+01  1.5446e+02
7754.3779  2.2199e+02  7.6810e+01
7755.6284  1.2274e+02  4.2243e+01
7756.8789  3.9016e+01  5.3756e+01
7758.1289  -7.2172e+01  4.9014e+01
7759.3794  -4.4633e+01  6.9712e+01
7760.6299  5.0650e+01  1.3408e+02
7761.8804  -9.3096e+01  1.1070e+02
7763.1304  7.0660e+01  8.4999e+01
7764.3809  6.5844e+01  4.4915e+01
7765.6313  7.9827e-01  4.6242e+01
7766.8813  5.7503e+00  3.6626e+01
7768.1318  2.1091e+01  4.3007e+01
7769.3823  7.1461e+01  4.3917e+01
7770.6323  4.9252e+01  4.7781e+01
7771.8828  -5.7127e+01  6.8760e+01
7773.1333  -2.8491e+01  1.1236e+02
7774.3833  8.6451e+01  1.1304e+02
7775.6338  -8.6942e+01  1.0536e+02
7776.8843  7.1741e+01  7.9469e+01
7778.1348  7.9686e+01  5.4122e+01
7779.3848  6.0127e+01  4.5233e+01
7780.6353  1.1886e+02  7.8416e+01
