# SNR 43.0358
# Quality a
# flux_factor = 1.e-20
5572.7134  -7.0907e+01  8.3477e+01
5573.9639  1.9504e+02  8.4982e+01
5575.2144  6.0149e+01  8.0677e+01
5576.4648  6.5221e+01  2.2203e+02
5577.7148  6.0729e+01  5.2283e+02
5578.9653  6.1290e+01  6.1869e+02
5580.2158  6.7695e+01  4.0202e+02
5581.4658  6.2386e+01  1.3431e+02
5582.7163  2.1545e+02  9.2877e+01
5583.9668  2.0612e+02  6.5044e+01
5585.2168  1.4533e+02  6.2374e+01
5586.4673  1.8393e+02  6.0507e+01
5587.7178  2.1889e+01  7.0457e+01
5588.9678  -9.2325e+01  7.1410e+01
5590.2183  1.0643e+02  6.8015e+01
5591.4688  1.7713e+02  6.7076e+01
5592.7188  6.3592e+01  6.3066e+01
5593.9692  5.0704e+01  5.9967e+01
5595.2197  4.8023e+01  6.3376e+01
5596.4697  1.8648e+01  7.4176e+01
5597.7202  6.8148e+01  6.0448e+01
5598.9707  1.7184e+01  7.8789e+01
5600.2212  2.4695e+01  6.6865e+01
5601.4712  2.6497e+01  7.2220e+01
5602.7217  2.0702e+01  7.1468e+01
5603.9722  5.2774e+01  7.2945e+01
5605.2222  1.7649e+02  6.5544e+01
5606.4727  1.8865e+02  7.0270e+01
5607.7231  1.1497e+02  6.6702e+01
5608.9731  6.4739e+01  7.4783e+01
5610.2236  2.3926e+01  6.2282e+01
5611.4741  -4.2535e+01  6.5928e+01
5612.7241  -5.5814e+01  6.4050e+01
5613.9746  -5.9505e+01  7.2131e+01
5615.2251  -3.4493e+01  6.2162e+01
5616.4751  1.9183e+01  6.6845e+01
5617.7256  -4.5895e+01  8.3301e+01
5618.9761  1.5398e+02  7.2843e+01
5620.2261  6.2781e+01  8.6501e+01
5621.4766  2.9873e+00  6.7772e+01
5622.7271  -3.5059e+01  7.0703e+01
5623.9775  1.1520e+01  7.0048e+01
5625.2275  -1.6200e+01  6.7183e+01
5626.4780  2.1006e+01  6.5193e+01
5627.7285  3.7449e+01  5.6913e+01
5628.9785  -2.8507e+01  6.7345e+01
5630.2290  9.2520e+00  7.3311e+01
5631.4795  -4.3275e+01  7.6745e+01
5632.7295  -1.0477e+02  6.5909e+01
5633.9800  -1.1508e+01  5.7209e+01
5635.2305  8.9732e+00  7.0575e+01
5636.4805  -4.2532e+01  5.5797e+01
5637.7310  -2.5752e+01  7.1487e+01
5638.9814  -4.5129e+01  6.7656e+01
5640.2314  -7.4631e+01  7.2968e+01
5641.4819  3.1141e+01  7.2229e+01
5642.7324  -2.7224e+01  5.5558e+01
5643.9824  -1.7013e+02  5.5971e+01
5645.2329  -4.2218e+01  7.6318e+01
5646.4834  -7.8671e+01  6.2003e+01
5647.7339  -5.4412e+01  9.4299e+01
5648.9839  -1.4324e+02  6.1752e+01
5650.2344  -1.1814e+01  7.9635e+01
5651.4849  -1.9452e+01  6.4779e+01
5652.7349  -1.3044e+02  7.0371e+01
5653.9854  5.7760e+01  6.7675e+01
5655.2358  2.0326e+02  6.4969e+01
5656.4858  3.1416e+02  6.4029e+01
5657.7363  1.4434e+02  6.2695e+01
5658.9868  1.0381e+02  6.3734e+01
5660.2368  2.2259e+02  6.2029e+01
5661.4873  8.4722e+02  6.4780e+01
5662.7378  1.1000e+03  6.2417e+01
5663.9878  1.2424e+03  5.7474e+01
5665.2383  1.3016e+03  6.5033e+01
5666.4888  1.4551e+03  6.2586e+01
5667.7388  1.4541e+03  5.7323e+01
5668.9893  1.1711e+03  7.0805e+01
5670.2397  1.1626e+03  7.2069e+01
5671.4902  9.8738e+02  6.1964e+01
5672.7402  8.3132e+02  6.5043e+01
5673.9907  6.5511e+02  6.3576e+01
5675.2412  7.8300e+02  6.4991e+01
5676.4912  4.6910e+02  5.7589e+01
5677.7417  5.0057e+02  6.5882e+01
5678.9922  3.3927e+02  5.9868e+01
5680.2422  1.4018e+02  7.2251e+01
5681.4927  2.6796e+02  6.1332e+01
5682.7432  1.5008e+02  7.2342e+01
5683.9932  1.7729e+02  7.1017e+01
5685.2437  -5.3085e+01  7.4373e+01
5686.4941  5.4218e+01  7.5963e+01
5687.7441  8.2132e+01  6.2488e+01
5688.9946  -5.4248e+00  6.8471e+01
5690.2451  -5.5520e+01  6.0958e+01
5691.4951  -1.7237e+00  5.7814e+01
5692.7456  -6.3256e+01  6.1644e+01
5693.9961  -1.0201e+02  6.9954e+01
5695.2466  -3.7664e+01  5.9054e+01
5696.4966  -5.2346e+01  7.2612e+01
5697.7471  -2.8867e+01  5.8607e+01
5698.9976  -1.4543e+02  6.2209e+01
5700.2476  -1.3444e+02  6.3023e+01
5701.4980  -5.0352e+01  6.8432e+01
5702.7485  -3.8883e+01  6.2554e+01
5703.9985  -1.3841e+02  5.6867e+01
5705.2490  -7.2426e+01  5.8615e+01
5706.4995  -1.0656e+00  6.9766e+01
5707.7495  -5.8519e+01  5.6893e+01
5709.0000  4.4730e+01  5.6406e+01
5710.2505  -3.5380e+01  6.5457e+01
5711.5005  -2.0228e+01  6.9703e+01
5712.7510  -3.8317e+01  5.5797e+01
5714.0015  -1.3005e+01  5.8134e+01
5715.2520  -2.8656e+01  6.0047e+01
5716.5020  -5.0164e+01  6.2560e+01
5717.7524  -9.8369e+01  6.6441e+01
5719.0029  -9.4442e+01  5.7098e+01
5720.2529  4.9062e+01  6.0640e+01
5721.5034  -4.5647e+01  6.5407e+01
5722.7539  7.3372e+01  7.2197e+01
5724.0039  3.6693e+01  5.8126e+01
5725.2544  7.1180e+01  7.1615e+01
5726.5049  -1.0939e+02  6.5637e+01
5727.7549  2.0731e+01  6.9893e+01
5729.0054  1.4955e+01  7.2486e+01
5730.2559  -5.7890e+01  5.7445e+01
5731.5059  7.4706e+01  7.2314e+01
5732.7563  2.2142e+01  7.0688e+01
5734.0068  6.9729e+00  5.6003e+01
5735.2568  5.0740e+01  5.7340e+01
5736.5073  -8.4001e+00  6.7086e+01
5737.7578  4.9122e+01  5.9045e+01
5739.0083  1.1284e+02  7.9924e+01
5740.2583  7.3089e+01  7.0737e+01
5741.5088  -1.7023e+00  5.5457e+01
5742.7593  -1.8385e+01  6.4240e+01
5744.0093  -3.4299e+01  6.0564e+01
5745.2598  5.3572e+01  6.5669e+01
5746.5103  2.2062e+01  7.3973e+01
5747.7603  -4.2975e+01  5.7857e+01
5749.0107  6.2194e+01  5.7906e+01
5750.2612  1.3086e+02  6.7445e+01
5751.5112  1.4184e+02  5.6018e+01
5752.7617  9.5840e+01  6.1301e+01
5754.0122  8.4279e+01  5.5777e+01
5755.2622  9.4354e+01  6.0892e+01
5756.5127  1.5375e+02  6.8179e+01
5757.7632  1.6015e+02  6.0945e+01
5759.0132  9.1623e+01  6.2697e+01
5760.2637  1.2749e+02  6.2694e+01
