# SNR 22.7650
# Quality c
# flux_factor = 1.e-20
6983.1597  2.2385e+01  5.0072e+01
6984.4097  -5.0736e-01  5.0046e+01
6985.6602  6.3377e+01  5.0900e+01
6986.9106  5.2581e+01  5.0615e+01
6988.1606  8.0220e+01  5.1669e+01
6989.4111  4.2861e+01  5.1012e+01
6990.6616  -1.8416e+01  4.9713e+01
6991.9116  -6.3660e+01  5.0304e+01
6993.1621  -1.5273e+01  4.9462e+01
6994.4126  1.4417e+01  4.8896e+01
6995.6626  -2.6019e+01  4.8986e+01
6996.9131  -1.2251e+02  5.0012e+01
6998.1636  6.8045e+00  5.1161e+01
6999.4141  6.4717e+01  5.0595e+01
7000.6641  3.4897e+01  5.0664e+01
7001.9146  -6.1090e+00  5.1831e+01
7003.1650  7.6993e+00  5.7552e+01
7004.4150  1.3227e+01  7.0314e+01
7005.6655  7.5468e+01  7.2593e+01
7006.9160  3.6968e+01  5.7917e+01
7008.1660  8.0936e+01  4.9316e+01
7009.4165  1.8268e+00  4.8671e+01
7010.6670  3.9246e+01  4.9600e+01
7011.9170  -1.6034e+01  6.7242e+01
7013.1675  1.2450e+01  8.4713e+01
7014.4180  -1.2831e+02  7.2353e+01
7015.6685  -1.0966e+02  5.0238e+01
7016.9185  -7.1511e+01  4.7757e+01
7018.1689  4.1094e+01  4.7795e+01
7019.4194  -1.2124e+01  4.7703e+01
7020.6694  6.2640e+01  4.8503e+01
7021.9199  8.6416e+00  4.8201e+01
7023.1704  4.0854e+01  4.8629e+01
7024.4204  2.2738e+01  4.8531e+01
7025.6709  2.5335e+01  4.8096e+01
7026.9214  2.0742e+01  4.8028e+01
7028.1714  -6.6933e+00  4.8825e+01
7029.4219  -1.9085e+01  4.8455e+01
7030.6724  -1.0846e+01  4.9822e+01
7031.9224  4.1342e+01  4.9987e+01
7033.1729  2.2532e+00  5.1144e+01
7034.4233  -2.5614e+01  5.1083e+01
7035.6738  6.2877e+01  4.9487e+01
7036.9238  -5.4249e+00  4.8204e+01
7038.1743  2.1364e+01  4.8477e+01
7039.4248  6.4799e+01  4.8080e+01
7040.6748  3.2727e+01  4.8306e+01
7041.9253  4.9981e+01  5.2746e+01
7043.1758  4.3023e+01  5.6544e+01
7044.4258  6.5960e+01  5.3081e+01
7045.6763  5.0884e+01  4.9453e+01
7046.9268  1.9825e+01  5.1024e+01
7048.1768  1.3660e+02  5.7394e+01
7049.4272  6.0528e+00  7.2708e+01
7050.6777  -7.8754e+01  7.2253e+01
7051.9282  -4.9944e+01  5.8095e+01
7053.1782  -3.6680e+01  5.4789e+01
7054.4287  -1.1976e+01  5.3366e+01
7055.6792  -5.5829e+01  5.2215e+01
7056.9292  2.9554e+01  5.0583e+01
7058.1797  1.1392e+01  4.9944e+01
7059.4302  -1.2721e+01  4.8453e+01
7060.6802  -3.3153e+01  4.8990e+01
7061.9307  -4.6426e+01  4.9996e+01
7063.1812  -2.6381e+00  5.0959e+01
7064.4312  7.0660e+01  5.2311e+01
7065.6816  2.5187e+01  5.2233e+01
7066.9321  -3.1422e+00  5.2030e+01
7068.1821  2.1990e+01  5.3030e+01
7069.4326  4.1424e+01  5.2600e+01
7070.6831  -4.0177e+01  5.1486e+01
7071.9336  -2.8362e+01  5.2982e+01
7073.1836  -6.2297e+00  5.1423e+01
7074.4341  6.9120e+01  5.1070e+01
7075.6846  6.8714e+01  5.2559e+01
7076.9346  -1.8611e-01  5.1021e+01
7078.1851  -1.1768e+01  4.9641e+01
7079.4355  -5.0247e+01  5.1646e+01
7080.6855  -1.3930e+01  5.2048e+01
7081.9360  -2.0197e+01  4.9937e+01
7083.1865  2.0337e+01  5.3163e+01
7084.4365  -6.9052e+01  5.6110e+01
7085.6870  -5.5973e+01  5.2024e+01
7086.9375  5.2223e+01  4.8765e+01
7088.1880  -6.9552e+00  5.0085e+01
7089.4380  2.3901e+01  5.5234e+01
7090.6885  -3.6662e+01  5.8745e+01
7091.9390  3.7683e+01  5.4312e+01
7093.1890  -3.6825e+01  5.0767e+01
7094.4395  -3.2458e+01  5.0197e+01
7095.6899  -3.0460e+01  4.8912e+01
7096.9399  1.2244e+02  4.8296e+01
7098.1904  3.9097e+02  4.8132e+01
7099.4409  6.5231e+02  4.8377e+01
7100.6909  5.6817e+02  4.8861e+01
7101.9414  5.0954e+02  4.8346e+01
7103.1919  4.6257e+02  4.8695e+01
7104.4419  3.8933e+02  4.8709e+01
7105.6924  3.4052e+02  4.8896e+01
7106.9429  2.4541e+02  4.8451e+01
7108.1934  1.7438e+02  4.8110e+01
7109.4434  9.8520e+01  4.8433e+01
7110.6938  9.9307e+01  4.8831e+01
7111.9443  1.1488e+02  4.8484e+01
7113.1943  6.4891e+01  4.8772e+01
7114.4448  7.2927e+01  4.8348e+01
7115.6953  4.2821e+01  4.8095e+01
7116.9453  3.8843e+01  4.8170e+01
7118.1958  2.7170e+00  4.8283e+01
7119.4463  -2.9859e+01  4.8599e+01
7120.6963  1.6570e+01  4.7986e+01
7121.9468  -3.1887e+01  4.7224e+01
7123.1973  2.2027e+01  4.7926e+01
7124.4478  -3.4983e+01  4.7784e+01
7125.6978  -1.9605e+01  4.7648e+01
7126.9482  2.3021e+01  4.8141e+01
7128.1987  5.7185e+01  5.1032e+01
7129.4487  1.5584e+01  5.3200e+01
7130.6992  4.0807e+01  5.1056e+01
7131.9497  2.3463e+00  4.8617e+01
7133.1997  4.6897e+01  4.9912e+01
7134.4502  9.5941e+01  5.2884e+01
7135.7007  9.1458e+01  5.1990e+01
7136.9507  7.9482e+01  4.9243e+01
7138.2012  -4.5804e+01  4.7809e+01
7139.4517  -5.5395e+01  4.7720e+01
7140.7017  1.5441e+01  4.8047e+01
7141.9521  3.5716e+01  4.8820e+01
7143.2026  6.5525e+00  5.1909e+01
7144.4531  -1.1135e+01  5.4946e+01
7145.7031  -6.5919e+01  5.6417e+01
7146.9536  -3.2928e+01  5.5567e+01
7148.2041  -3.1744e+00  5.4638e+01
7149.4541  2.9772e+01  5.3583e+01
7150.7046  -2.6964e+01  5.1879e+01
7151.9551  2.9355e+01  5.1024e+01
7153.2051  4.1806e+01  4.9792e+01
7154.4556  3.4728e+01  4.8697e+01
7155.7061  -5.2602e+01  4.7996e+01
7156.9561  4.8479e+01  4.8174e+01
7158.2065  -3.1152e+01  4.9051e+01
7159.4570  3.0675e+00  5.0233e+01
7160.7075  8.3809e+01  5.0786e+01
7161.9575  4.4742e+00  5.0411e+01
7163.2080  -4.6403e+01  5.1230e+01
7164.4585  3.4624e+01  5.2068e+01
7165.7085  3.4798e+01  5.0472e+01
7166.9590  1.2397e+00  5.2021e+01
7168.2095  3.9842e+01  5.3370e+01
7169.4595  4.6627e+01  5.1244e+01
7170.7100  3.7478e+01  5.2668e+01
7171.9604  3.7537e+01  5.4449e+01
7173.2104  2.5000e+01  5.2149e+01
7174.4609  2.4240e+01  5.2715e+01
7175.7114  -3.0120e+01  5.5479e+01
7176.9614  3.4040e+01  5.6632e+01
7178.2119  1.1143e+02  5.7331e+01
7179.4624  5.2741e+01  5.7664e+01
7180.7129  1.0266e+01  5.7596e+01
7181.9629  3.0118e+01  5.8206e+01
7183.2134  -4.1968e+01  5.8392e+01
7184.4639  1.7502e+01  5.6330e+01
7185.7139  1.6352e+01  5.4575e+01
7186.9644  3.6538e+01  5.4019e+01
7188.2148  3.0621e+01  5.2964e+01
7189.4648  3.7644e+01  5.1955e+01
7190.7153  -2.7180e+00  5.1158e+01
7191.9658  6.0683e+01  5.0295e+01
7193.2158  2.1877e+01  5.0439e+01
7194.4663  -2.2176e+01  5.1194e+01
7195.7168  -4.3509e+01  5.0424e+01
7196.9673  5.6934e+01  5.0180e+01
7198.2173  5.3350e+01  4.9671e+01
7199.4678  4.7575e+01  4.9816e+01
7200.7183  3.8978e+00  5.0654e+01
7201.9683  -6.4410e+00  5.1951e+01
7203.2188  -2.8781e+01  5.1985e+01
7204.4692  3.5631e+01  5.0290e+01
7205.7192  6.0031e+01  4.9878e+01
7206.9697  3.2405e+01  5.0017e+01
7208.2202  4.3608e+01  4.9545e+01
7209.4702  5.2586e+01  4.9426e+01
7210.7207  -3.7179e+01  4.8739e+01
7211.9712  1.1526e+01  4.8619e+01
7213.2212  5.6267e+01  4.8265e+01
7214.4717  6.6171e+00  4.7833e+01
7215.7222  -1.0845e+00  4.7555e+01
7216.9727  8.1320e+01  4.8129e+01
7218.2227  2.4947e+00  4.8376e+01
