# SNR 27.4712
# Quality c
# flux_factor = 1.e-20
6580.2935  6.1516e+00  4.0800e+01
6581.5435  -9.6170e+01  4.4218e+01
6582.7939  -2.7277e+01  4.5694e+01
6584.0444  1.9274e+01  4.4905e+01
6585.2944  -5.3775e+01  3.8819e+01
6586.5449  -3.5736e+00  3.7801e+01
6587.7954  -3.2959e+01  3.4937e+01
6589.0454  -1.0995e+01  3.7384e+01
6590.2959  -3.4745e+01  3.6861e+01
6591.5464  5.6091e+00  3.7109e+01
6592.7964  4.1181e+01  4.2369e+01
6594.0469  3.2272e+00  4.0160e+01
6595.2974  2.6657e+01  4.1083e+01
6596.5479  4.2350e+00  4.4088e+01
6597.7979  -5.2750e+01  4.8718e+01
6599.0483  -4.7038e+01  3.7700e+01
6600.2988  3.9937e+00  3.6060e+01
6601.5488  1.9650e+01  3.6257e+01
6602.7993  -3.0506e-01  3.4629e+01
6604.0498  8.5373e+01  4.4317e+01
6605.2998  1.8279e+01  5.0762e+01
6606.5503  -7.9942e+01  4.2595e+01
6607.8008  -2.9670e+01  3.3595e+01
6609.0508  2.8668e+01  3.6915e+01
6610.3013  -6.2216e+00  3.6029e+01
6611.5518  1.1028e+01  4.0306e+01
6612.8022  -2.7438e+01  3.5274e+01
6614.0522  -6.7724e+01  3.9388e+01
6615.3027  2.6096e+01  3.8990e+01
6616.5532  -1.4921e+01  3.2742e+01
6617.8032  3.3402e+01  3.8929e+01
6619.0537  2.0567e+00  4.0406e+01
6620.3042  2.9881e+01  3.2802e+01
6621.5542  -2.4050e+01  3.3219e+01
6622.8047  -5.5338e+01  4.3974e+01
6624.0552  -3.7437e+01  3.2632e+01
6625.3052  1.1713e+01  3.5220e+01
6626.5557  1.9122e+00  3.6530e+01
6627.8062  -3.7370e+00  4.1015e+01
6629.0562  1.1706e+01  4.4696e+01
6630.3066  -2.6482e+01  4.0194e+01
6631.5571  -2.8863e+01  4.2034e+01
6632.8076  6.8119e+01  3.5356e+01
6634.0576  3.7868e+01  4.4769e+01
6635.3081  -3.5046e+01  5.2373e+01
6636.5586  -6.0399e+00  3.7454e+01
6637.8086  4.3402e+01  3.3719e+01
6639.0591  9.7241e+00  3.8260e+01
6640.3096  -6.3725e+01  3.4124e+01
6641.5596  -3.7710e+01  3.3466e+01
6642.8101  3.7488e+01  3.5939e+01
6644.0605  -3.4263e+01  4.0080e+01
6645.3105  -2.1574e+01  3.1976e+01
6646.5610  5.0765e+01  4.6482e+01
6647.8115  6.6808e+01  5.0091e+01
6649.0615  -1.8604e+00  3.2096e+01
6650.3120  -7.4543e+01  3.5663e+01
6651.5625  2.5568e+01  4.1214e+01
6652.8130  -6.5600e+00  4.2265e+01
6654.0630  -2.6524e+00  3.6847e+01
6655.3135  -4.2751e+01  4.0646e+01
6656.5640  -5.3190e+01  3.1666e+01
6657.8140  -2.8398e-01  4.1330e+01
6659.0645  1.4707e+01  3.5618e+01
6660.3149  -5.8989e+00  3.5358e+01
6661.5649  5.1000e+00  3.9136e+01
6662.8154  2.0652e+01  3.7949e+01
6664.0659  6.3793e+01  4.0351e+01
6665.3159  3.8208e+01  4.0520e+01
6666.5664  3.7495e+00  3.3834e+01
6667.8169  6.6321e+01  3.7560e+01
6669.0669  3.1109e+01  3.9461e+01
6670.3174  6.5357e+01  5.0042e+01
6671.5679  2.1422e+01  3.7075e+01
6672.8184  7.2091e+00  4.0027e+01
6674.0684  -1.2171e+01  3.5055e+01
6675.3188  6.4721e+01  3.4665e+01
6676.5693  6.4969e+01  3.0980e+01
6677.8193  -1.7891e+01  3.4081e+01
6679.0698  3.8594e+00  3.8280e+01
6680.3203  -3.2106e+01  3.4717e+01
6681.5703  -2.1665e+01  3.7289e+01
6682.8208  9.3187e+01  3.6150e+01
6684.0713  2.7244e+01  3.7042e+01
6685.3213  1.8818e+00  4.4177e+01
6686.5718  1.6615e+01  3.1585e+01
6687.8223  1.7439e+02  3.1897e+01
6689.0728  3.9490e+02  3.3935e+01
6690.3228  5.7530e+02  3.1774e+01
6691.5732  5.8559e+02  3.7030e+01
6692.8237  4.2123e+02  3.1184e+01
6694.0737  2.6349e+02  3.1956e+01
6695.3242  1.7788e+02  3.0925e+01
6696.5747  1.4534e+02  3.5957e+01
6697.8247  8.5799e+01  3.3420e+01
6699.0752  7.4493e+01  3.6181e+01
6700.3257  5.1794e+01  4.0268e+01
6701.5757  -1.0285e+01  4.5364e+01
6702.8262  5.0687e+00  3.2803e+01
6704.0767  -2.4443e+00  3.5334e+01
6705.3267  -4.2338e+00  3.3196e+01
6706.5771  -1.9868e+01  3.5770e+01
6707.8276  2.2104e+01  3.9497e+01
6709.0781  -5.8547e+00  3.6385e+01
6710.3281  5.3589e-01  3.4538e+01
6711.5786  -1.5404e+01  3.3017e+01
6712.8291  -5.3722e+01  3.5080e+01
6714.0791  7.6754e+01  3.1514e+01
6715.3296  1.6541e+01  3.1395e+01
6716.5801  -3.1278e+01  3.4306e+01
6717.8301  1.5057e+01  3.6019e+01
6719.0806  2.2166e+01  3.7478e+01
6720.3311  -2.8679e+01  3.7579e+01
6721.5811  -6.8940e+01  3.9064e+01
6722.8315  -1.9866e+01  3.2126e+01
6724.0820  2.2727e+01  3.4801e+01
6725.3320  2.0604e+01  3.0730e+01
6726.5825  7.2235e+00  3.6468e+01
6727.8330  2.2305e+00  3.8564e+01
6729.0835  3.9630e+01  3.1240e+01
6730.3335  2.6368e+01  3.9202e+01
6731.5840  -7.2179e+00  3.2608e+01
6732.8345  4.7383e+01  4.3493e+01
6734.0845  1.4288e+01  3.9819e+01
6735.3350  8.6650e+01  3.7583e+01
6736.5854  9.9055e+00  3.1212e+01
6737.8354  -4.6799e+01  3.8185e+01
6739.0859  6.9452e+01  3.7695e+01
6740.3364  4.4830e+01  3.2516e+01
6741.5864  5.3126e+00  4.0028e+01
6742.8369  1.5815e+01  3.2307e+01
6744.0874  3.9828e+01  4.3541e+01
6745.3379  3.8401e+01  3.7991e+01
6746.5879  -5.5939e+01  4.0630e+01
6747.8384  3.7006e+00  3.5199e+01
6749.0889  -4.0713e+01  3.1994e+01
6750.3389  -3.6317e+01  3.3818e+01
6751.5894  -5.1197e+01  3.8281e+01
6752.8398  -1.2533e+01  3.2694e+01
6754.0898  -3.2796e+01  3.5853e+01
6755.3403  2.4981e+01  3.8536e+01
6756.5908  3.8036e+00  3.2047e+01
6757.8408  -5.6962e+01  3.8248e+01
6759.0913  -6.2318e+01  3.2055e+01
6760.3418  -1.9056e+01  3.0875e+01
6761.5918  -3.6963e+01  3.1356e+01
6762.8423  -3.0433e+01  3.5856e+01
6764.0928  -2.1891e+01  3.6697e+01
6765.3433  1.7182e+01  3.0610e+01
6766.5933  2.0436e+01  3.3639e+01
6767.8438  -4.9807e+01  3.5348e+01
6769.0942  3.4583e+01  3.5640e+01
6770.3442  2.2442e+00  3.0602e+01
6771.5947  2.0564e+01  3.0766e+01
6772.8452  -4.6138e+01  3.0554e+01
6774.0952  -7.1124e+01  3.0787e+01
6775.3457  -1.5158e+01  3.3233e+01
6776.5962  -5.2920e+00  3.0886e+01
6777.8462  -3.6328e+01  3.4159e+01
6779.0967  2.2965e+00  3.3381e+01
6780.3472  -1.1789e+01  3.0905e+01
6781.5972  -9.3029e+01  3.4668e+01
6782.8477  -1.9522e+01  3.0587e+01
6784.0981  4.6556e+00  3.3069e+01
6785.3486  -2.1930e+01  3.3330e+01
6786.5986  5.6458e+01  3.1031e+01
6787.8491  -1.1763e+01  3.8026e+01
6789.0996  -3.0211e+01  3.2394e+01
6790.3496  -1.2173e+01  3.3232e+01
6791.6001  3.4470e+01  3.0541e+01
6792.8506  -5.2852e+01  3.2985e+01
6794.1006  -2.8057e+01  3.6701e+01
6795.3511  -2.4671e+00  3.0343e+01
6796.6016  -9.7309e+00  3.7083e+01
6797.8516  -7.7800e+00  3.9971e+01
6799.1021  -1.5541e+01  3.7539e+01
6800.3525  1.6524e+01  3.7280e+01
6801.6030  -3.3625e+01  4.1472e+01
