# SNR 9.1986
# Quality c
# flux_factor = 1.e-20
6474.0332  1.3515e+02  5.2517e+01
6475.2837  1.2445e+01  5.0511e+01
6476.5342  -1.0141e+00  5.5991e+01
6477.7842  -8.2450e+01  6.2948e+01
6479.0347  1.8267e+01  6.1696e+01
6480.2852  1.3171e+02  5.1542e+01
6481.5352  4.5353e+01  5.1528e+01
6482.7856  -2.7691e+00  5.2957e+01
6484.0361  3.2416e+01  5.0716e+01
6485.2861  1.7884e+01  5.2376e+01
6486.5366  4.6744e+00  4.7906e+01
6487.7871  4.6727e+01  4.5680e+01
6489.0371  7.2149e+01  5.3577e+01
6490.2876  7.8863e+01  4.4921e+01
6491.5381  1.2330e+02  4.9839e+01
6492.7881  9.5693e+01  5.5614e+01
6494.0386  5.6220e+01  4.7179e+01
6495.2891  4.1349e+01  5.3841e+01
6496.5396  7.0732e+01  5.1154e+01
6497.7896  -6.4508e+01  7.9078e+01
6499.0400  -1.3249e+02  8.7725e+01
6500.2905  3.8767e+01  9.3719e+01
6501.5405  4.8407e+01  7.6207e+01
6502.7910  -3.3625e+01  5.0978e+01
6504.0415  3.5086e+01  4.9926e+01
6505.2915  -3.6593e+01  6.1602e+01
6506.5420  -1.1178e+01  6.5041e+01
6507.7925  2.4654e+00  5.9363e+01
6509.0425  -2.9300e+01  4.9457e+01
6510.2930  2.6788e+01  4.6128e+01
6511.5435  -3.6470e+01  4.7648e+01
6512.7935  -4.0715e+01  5.6054e+01
6514.0439  2.7268e+01  5.0179e+01
6515.2944  4.9413e+01  6.4625e+01
6516.5449  7.4225e+01  5.4150e+01
6517.7949  5.0706e+01  4.8379e+01
6519.0454  8.4248e+01  4.7227e+01
6520.2959  6.6797e+01  4.9768e+01
6521.5459  3.5766e+01  5.2776e+01
6522.7964  -2.4453e+01  5.8104e+01
6524.0469  -6.1747e+01  6.0117e+01
6525.2969  2.2856e+01  6.0587e+01
6526.5474  2.8670e+01  5.2604e+01
6527.7979  -1.7691e+01  5.5207e+01
6529.0479  9.7155e+01  5.9276e+01
6530.2983  2.5560e+01  4.7050e+01
6531.5488  9.9825e+01  7.2458e+01
6532.7988  3.2606e+01  6.8738e+01
6534.0493  4.3890e+01  8.9715e+01
6535.2998  1.4009e+02  7.5131e+01
6536.5503  -2.2612e+01  5.7109e+01
6537.8003  9.6355e+01  5.1556e+01
6539.0508  1.2060e+01  4.5681e+01
6540.3013  2.0977e+01  5.5372e+01
6541.5513  6.3177e+00  5.7957e+01
6542.8018  -9.6847e-03  5.8297e+01
6544.0522  1.4356e+02  6.3370e+01
6545.3022  -4.3290e+01  6.8274e+01
6546.5527  4.1008e+01  5.7303e+01
6547.8032  4.6275e+01  4.8902e+01
6549.0532  -6.6917e+00  5.2556e+01
6550.3037  1.0706e+02  5.5628e+01
6551.5542  8.2348e+01  5.7036e+01
6552.8042  2.8849e+01  6.8053e+01
6554.0547  -1.4008e+02  8.9465e+01
6555.3052  6.8840e+00  9.3694e+01
6556.5557  -5.0994e+00  8.4668e+01
6557.8057  -2.2306e+00  5.0895e+01
6559.0562  5.6598e+00  6.0379e+01
6560.3066  4.4353e+01  5.1442e+01
6561.5566  4.4342e+01  6.1744e+01
6562.8071  -7.5930e+01  9.7613e+01
6564.0576  1.2998e+02  1.1118e+02
6565.3076  1.0971e+00  9.8279e+01
6566.5581  8.3719e+00  6.5978e+01
6567.8086  -2.6413e+01  4.9906e+01
6569.0586  3.2363e+01  7.2633e+01
6570.3091  5.9406e+01  7.0703e+01
6571.5596  6.7358e+01  6.9826e+01
6572.8096  6.3192e+01  4.9554e+01
6574.0601  2.9255e+01  5.3441e+01
6575.3105  -4.7864e+01  5.9259e+01
6576.5610  -1.8237e+01  6.5184e+01
6577.8110  4.1939e-01  8.5728e+01
6579.0615  1.3453e+02  8.4407e+01
6580.3120  9.8582e+01  5.9290e+01
6581.5620  2.1926e+02  4.8591e+01
6582.8125  4.1554e+02  4.9362e+01
6584.0630  3.0223e+02  4.9744e+01
6585.3130  1.4517e+02  6.1762e+01
6586.5635  1.1110e+02  5.5511e+01
6587.8140  -3.8105e+00  4.9297e+01
6589.0640  -1.5372e-01  5.4741e+01
6590.3145  1.2007e+02  4.7662e+01
6591.5649  1.2865e+02  5.5768e+01
6592.8154  1.4114e+02  5.3522e+01
6594.0654  7.1165e+00  4.9106e+01
6595.3159  -7.6292e+01  5.7808e+01
6596.5664  -5.6406e+01  6.4492e+01
6597.8164  6.9661e+01  6.7909e+01
6599.0669  5.4415e+01  5.1870e+01
6600.3174  -3.5544e+01  4.9646e+01
6601.5674  -5.8296e+00  5.7939e+01
6602.8179  1.3983e+02  4.8228e+01
6604.0684  2.1439e+01  6.1001e+01
6605.3184  -3.8575e+01  6.7560e+01
6606.5688  3.5153e+01  6.7246e+01
6607.8193  -1.3859e+02  5.8498e+01
6609.0693  -6.9582e+01  4.8716e+01
6610.3198  3.6006e+01  5.8966e+01
6611.5703  -1.8583e+01  5.1525e+01
6612.8208  3.7939e+01  5.1379e+01
6614.0708  8.6565e+00  4.7283e+01
6615.3213  3.3646e+01  4.6566e+01
6616.5718  8.3940e+01  5.3139e+01
6617.8218  -5.4292e+01  4.9351e+01
6619.0723  1.7019e+01  5.0965e+01
6620.3228  -2.4087e+01  5.4135e+01
6621.5728  -3.0776e+01  5.5011e+01
6622.8232  2.3451e+01  5.3272e+01
6624.0737  2.5045e+01  5.7188e+01
6625.3237  -3.8856e+01  5.5050e+01
6626.5742  -1.9258e+00  4.2420e+01
6627.8247  -4.4111e+01  4.9020e+01
6629.0747  3.3410e+00  5.1614e+01
6630.3252  -1.0764e+02  5.8530e+01
6631.5757  -5.4741e+01  4.7834e+01
6632.8262  1.0717e+01  5.2851e+01
6634.0762  5.5057e+01  5.7877e+01
6635.3267  3.8368e+01  5.8681e+01
6636.5771  1.0473e+02  4.9256e+01
6637.8271  3.8946e+01  4.9299e+01
6639.0776  8.2980e+01  5.4481e+01
6640.3281  3.1830e+01  5.7951e+01
6641.5781  3.3171e+01  5.7296e+01
6642.8286  1.0441e+02  4.7627e+01
6644.0791  9.5535e+01  4.2960e+01
6645.3291  4.0771e+00  5.2576e+01
6646.5796  -1.8409e+01  5.2081e+01
6647.8301  2.6884e+01  4.8304e+01
6649.0801  5.7594e+01  5.0757e+01
6650.3306  3.6950e+01  5.5224e+01
6651.5811  -4.9425e+01  5.0393e+01
6652.8315  7.9717e+01  4.9929e+01
6654.0815  -1.0014e+02  4.9255e+01
6655.3320  4.9009e+01  4.9982e+01
6656.5825  2.9927e+01  6.2601e+01
6657.8325  1.4575e+02  5.0419e+01
6659.0830  -1.9019e+00  4.3664e+01
6660.3335  2.1898e+01  4.5809e+01
6661.5835  3.4895e+01  6.0017e+01
6662.8340  7.2559e+00  5.7623e+01
6664.0845  -8.6415e+01  5.1412e+01
6665.3345  -3.8908e+01  4.7938e+01
6666.5850  3.8859e+01  5.0289e+01
6667.8354  1.1454e+02  5.5385e+01
6669.0859  3.3565e+00  5.3014e+01
6670.3359  -1.0812e+02  4.7860e+01
6671.5864  1.7305e+02  5.1918e+01
6672.8369  3.9953e+01  5.3905e+01
6674.0869  8.9373e-01  5.1531e+01
6675.3374  -1.9431e+01  5.1802e+01
6676.5879  -1.8267e+00  4.6973e+01
6677.8379  -1.5581e+01  4.8976e+01
6679.0884  5.2345e+01  4.8199e+01
6680.3389  4.7826e+01  4.1471e+01
6681.5889  1.0990e+02  5.1454e+01
6682.8394  1.2430e+02  4.4112e+01
6684.0898  2.9591e+01  4.9963e+01
6685.3398  3.2492e+01  4.8373e+01
6686.5903  4.0592e+01  4.4069e+01
6687.8408  1.2707e+02  4.7882e+01
6689.0913  -1.7509e+01  4.7052e+01
6690.3413  -2.0328e+00  4.8731e+01
6691.5918  7.2866e+01  4.8031e+01
