# SNR 8.7142
# Quality c
# flux_factor = 1.e-20
4859.8477  -1.0990e+01  8.9296e+01
4861.0977  6.5883e+01  1.0936e+02
4862.3481  -2.0120e+02  9.4520e+01
4863.5986  -2.2639e+02  9.5313e+01
4864.8486  -5.2995e+01  8.5011e+01
4866.0991  1.4282e+02  8.4325e+01
4867.3496  -7.1062e+01  8.4125e+01
4868.5996  5.4578e+01  8.0425e+01
4869.8501  -2.1469e+02  8.5709e+01
4871.1006  -1.7639e+01  1.2124e+02
4872.3506  -9.2039e+01  8.5313e+01
4873.6011  -4.4572e+01  9.0585e+01
4874.8516  -1.0029e+02  7.3516e+01
4876.1021  -4.9058e+01  1.0908e+02
4877.3521  -1.7636e+02  8.0748e+01
4878.6025  -5.7716e+01  7.3967e+01
4879.8530  -2.1313e+02  7.7727e+01
4881.1030  -5.6379e+01  8.4171e+01
4882.3535  -8.2507e+01  9.2158e+01
4883.6040  9.4391e+00  8.2232e+01
4884.8540  -7.8273e+01  9.3083e+01
4886.1045  -1.2017e+02  7.6052e+01
4887.3550  1.0240e+00  9.2762e+01
4888.6050  -1.2090e+02  8.5986e+01
4889.8555  -9.6949e+01  8.7558e+01
4891.1060  -9.1533e+01  7.1078e+01
4892.3560  8.9209e+01  9.1375e+01
4893.6064  4.5594e+00  9.1523e+01
4894.8569  -1.0809e+02  9.9589e+01
4896.1069  -2.1033e+02  8.6942e+01
4897.3574  -5.4635e+01  7.7822e+01
4898.6079  2.4046e+01  8.0935e+01
4899.8579  5.5086e+01  9.0725e+01
4901.1084  -1.4321e+01  9.0810e+01
4902.3589  -1.3318e+01  7.7558e+01
4903.6089  5.3228e+00  1.0089e+02
4904.8594  4.8295e+01  8.2147e+01
4906.1099  -1.9684e+01  8.0790e+01
4907.3604  2.2363e+01  8.5708e+01
4908.6104  2.2297e+01  7.4114e+01
4909.8608  2.4462e+01  7.5450e+01
4911.1113  -1.7087e+02  7.4120e+01
4912.3613  -1.4787e+02  8.8615e+01
4913.6118  -1.4889e+01  1.0133e+02
4914.8623  -6.7775e+01  8.4713e+01
4916.1123  -3.8088e-01  8.6305e+01
4917.3628  -7.7707e+00  6.6745e+01
4918.6133  -1.1731e+02  1.0321e+02
4919.8633  -1.3813e+01  6.8211e+01
4921.1138  6.2705e+00  7.6211e+01
4922.3643  5.5037e+01  8.5523e+01
4923.6143  6.9684e+00  9.5339e+01
4924.8647  -1.3631e+02  8.8600e+01
4926.1152  -9.0185e+01  7.7804e+01
4927.3652  -9.0264e+01  9.2254e+01
4928.6157  -4.5572e+01  7.0976e+01
4929.8662  -9.0449e+01  6.7916e+01
4931.1162  -6.6230e+01  1.0470e+02
4932.3667  -2.1010e+01  9.0632e+01
4933.6172  -6.4064e+01  7.9826e+01
4934.8672  -3.6786e+01  9.2181e+01
4936.1177  1.0810e+02  1.0477e+02
4937.3682  2.6284e+01  7.4895e+01
4938.6182  -1.4961e+02  6.7528e+01
4939.8687  6.2333e+01  7.2659e+01
4941.1191  3.5807e+02  7.9161e+01
4942.3696  4.6204e+02  7.1267e+01
4943.6196  2.3672e+02  9.5907e+01
4944.8701  1.3591e+02  8.4712e+01
4946.1206  7.1901e+01  7.6232e+01
4947.3706  8.9261e+00  7.8533e+01
4948.6211  4.4252e+01  8.1391e+01
4949.8716  7.7054e+01  7.9332e+01
4951.1216  -2.9776e+01  6.6589e+01
4952.3721  -8.0717e+00  6.7356e+01
4953.6226  -2.7034e+01  9.2049e+01
4954.8726  -6.2844e+01  9.1904e+01
4956.1230  -1.2731e+01  9.0980e+01
4957.3735  -6.1203e+01  8.9833e+01
4958.6235  8.1561e+00  8.0616e+01
4959.8740  -5.6456e+01  7.7004e+01
4961.1245  -1.0919e+02  9.7916e+01
4962.3745  4.3241e+00  8.2969e+01
4963.6250  1.3199e+01  1.0030e+02
4964.8755  -1.6115e+00  7.8978e+01
4966.1255  -1.3419e+02  8.5659e+01
4967.3760  -2.0421e+01  8.6704e+01
4968.6265  3.9435e+01  9.8251e+01
4969.8770  -2.5607e+01  9.7281e+01
4971.1270  -3.1565e+01  9.0861e+01
4972.3774  3.2791e+01  8.5019e+01
4973.6279  -2.8577e+01  8.3895e+01
4974.8779  -8.7356e+01  8.3545e+01
4976.1284  -2.1890e+01  8.5898e+01
4977.3789  -2.9831e+01  8.3857e+01
4978.6289  -6.8760e+01  9.1004e+01
4979.8794  -4.0667e+01  7.6775e+01
4981.1299  -8.0546e+01  8.2798e+01
4982.3799  -7.1594e+01  7.6395e+01
4983.6304  -8.8358e+01  7.8297e+01
4984.8809  -2.1096e-01  8.5584e+01
4986.1309  -4.6981e+01  7.4994e+01
4987.3813  8.7250e+01  8.0858e+01
4988.6318  -2.6467e-01  8.1129e+01
4989.8818  -2.7870e+01  6.4345e+01
4991.1323  -1.2161e+01  8.6401e+01
4992.3828  -7.9350e+01  7.3503e+01
4993.6328  9.8191e-01  8.3914e+01
4994.8833  -7.3255e+01  7.3544e+01
4996.1338  -7.2562e+01  6.1983e+01
4997.3838  -9.0063e+01  8.5174e+01
4998.6343  4.9019e+00  6.3772e+01
4999.8848  -7.3188e+01  6.6958e+01
5001.1353  -2.5510e+01  7.3064e+01
5002.3853  2.2185e+01  7.1515e+01
5003.6357  -1.1759e+02  7.6899e+01
5004.8862  -2.0200e+02  7.7290e+01
5006.1362  -1.3566e+02  8.4181e+01
5007.3867  -1.8619e+02  7.2656e+01
5008.6372  -1.7455e+01  7.4140e+01
5009.8872  -9.4669e+01  8.4796e+01
5011.1377  -1.6628e+01  9.2155e+01
5012.3882  -1.1550e+01  8.0732e+01
5013.6382  -2.2977e+01  7.2397e+01
5014.8887  -2.8632e+01  6.8511e+01
5016.1392  -4.2053e+00  8.4122e+01
5017.3892  5.6870e+01  7.1588e+01
5018.6396  -2.6142e+01  7.3233e+01
5019.8901  -5.7979e+01  7.4617e+01
5021.1401  6.7142e+01  7.1373e+01
5022.3906  -6.5211e+01  8.6408e+01
5023.6411  -7.4876e+01  8.7203e+01
