# SNR 12.3808
# Quality c
# flux_factor = 1.e-20
6824.6426  1.2323e+02  1.0024e+02
6825.8931  -2.4615e+01  1.0162e+02
6827.1436  5.4370e+01  1.0259e+02
6828.3936  -4.8669e+01  1.1596e+02
6829.6440  -9.2522e+00  1.7999e+02
6830.8945  4.0574e+01  2.3522e+02
6832.1445  1.0408e+02  2.5399e+02
6833.3950  3.8441e+01  1.9787e+02
6834.6455  3.3508e+01  1.2963e+02
6835.8955  9.6225e+01  2.1941e+02
6837.1460  5.2231e+00  2.5261e+02
6838.3965  -1.8180e+02  1.8400e+02
6839.6465  1.5081e+02  1.0875e+02
6840.8970  8.8112e+01  1.0376e+02
6842.1475  3.8529e+01  1.1085e+02
6843.3979  -8.3247e+01  1.2822e+02
6844.6479  -1.1794e+02  1.3845e+02
6845.8984  1.3398e+02  1.2141e+02
6847.1489  9.1806e+01  1.0250e+02
6848.3989  6.0984e+01  1.0015e+02
6849.6494  3.4441e+01  1.0044e+02
6850.8999  7.6154e+01  1.0139e+02
6852.1499  1.0996e+01  1.0423e+02
6853.4004  7.5652e+01  1.0635e+02
6854.6509  -9.2957e+00  1.0247e+02
6855.9009  3.9846e+01  1.0069e+02
6857.1514  2.2581e+01  1.0031e+02
6858.4019  7.0100e+01  1.0103e+02
6859.6519  6.1910e+00  1.0046e+02
6860.9023  7.3088e+01  1.0042e+02
6862.1528  6.6224e+01  1.0171e+02
6863.4033  9.8253e+01  1.0887e+02
6864.6533  2.4737e+02  1.8377e+02
6865.9038  9.2063e+01  3.1626e+02
6867.1543  9.6600e+00  3.1823e+02
6868.4043  -1.1645e+02  1.8649e+02
6869.6548  1.3304e+02  1.2065e+02
6870.9053  7.5762e+01  1.3135e+02
6872.1553  1.0110e+02  1.6085e+02
6873.4058  -2.0439e+01  1.9448e+02
6874.6562  6.0494e+01  1.7201e+02
6875.9062  1.7770e+02  1.2196e+02
6877.1567  -2.1979e+01  1.1770e+02
6878.4072  1.0148e+02  1.1541e+02
6879.6577  -5.1906e+01  1.1470e+02
6880.9077  -1.5687e+02  1.1363e+02
6882.1582  -4.2128e+01  1.2115e+02
6883.4087  1.3260e+02  1.3671e+02
6884.6587  -1.0474e+02  1.3045e+02
6885.9092  -7.9878e+00  1.1199e+02
6887.1597  8.8968e+01  1.0822e+02
6888.4097  9.0473e+01  1.1160e+02
6889.6602  -7.4093e+01  1.1591e+02
6890.9106  -1.7130e+02  1.4440e+02
6892.1606  -9.4560e+01  1.9760e+02
6893.4111  -6.0097e+01  1.3475e+02
6894.6616  5.4013e+01  1.1206e+02
6895.9116  3.5962e+01  1.1359e+02
6897.1621  3.5035e+01  1.1702e+02
6898.4126  3.9215e+01  1.1252e+02
6899.6631  -3.2638e+00  1.0715e+02
6900.9131  1.5793e+02  1.0894e+02
6902.1636  1.2447e+02  1.3656e+02
6903.4141  1.1832e+02  2.0330e+02
6904.6641  -9.2394e+01  1.3953e+02
6905.9146  -5.0277e+01  1.1219e+02
6907.1650  1.0491e+02  1.0799e+02
6908.4150  1.1230e+02  1.0494e+02
6909.6655  1.8681e+02  1.0311e+02
6910.9160  8.1390e+01  1.0511e+02
6912.1660  -9.1786e+01  1.0638e+02
6913.4165  6.8284e+01  1.2085e+02
6914.6670  6.9659e+00  1.9931e+02
6915.9175  -1.0600e+02  2.0304e+02
6917.1675  8.0965e+00  1.2084e+02
6918.4180  1.3169e+02  1.0160e+02
6919.6685  4.5538e+01  1.0206e+02
6920.9185  7.3189e+01  1.0324e+02
6922.1689  7.3349e+01  1.0261e+02
6923.4194  5.1068e+01  1.1204e+02
6924.6694  -3.0985e+01  2.1260e+02
6925.9199  8.6279e+01  2.7561e+02
6927.1704  -3.0495e+01  2.0729e+02
6928.4204  6.3886e+01  1.0978e+02
6929.6709  -3.0299e+01  1.0282e+02
6930.9214  2.9773e+01  1.0454e+02
6932.1714  -8.7211e+01  1.0278e+02
6933.4219  -1.4590e+00  1.0151e+02
6934.6724  1.2103e+02  1.0009e+02
6935.9229  2.0231e+02  1.0059e+02
6937.1729  3.0775e+02  1.0017e+02
6938.4233  7.8501e+02  1.0006e+02
6939.6738  8.5587e+02  1.0491e+02
6940.9238  6.9918e+02  1.3734e+02
6942.1743  1.8225e+02  1.9893e+02
6943.4248  9.3972e+01  1.3960e+02
6944.6748  2.1924e+02  1.0756e+02
6945.9253  1.1597e+02  1.0128e+02
6947.1758  9.9197e+01  1.0043e+02
6948.4258  9.2244e+01  1.0071e+02
6949.6763  1.8555e+02  1.2585e+02
6950.9268  -7.9957e+01  2.5352e+02
6952.1768  1.1831e+02  2.7305e+02
6953.4272  -1.5327e+02  1.4393e+02
6954.6777  1.4186e+02  1.0793e+02
6955.9282  1.0019e+02  1.0279e+02
6957.1782  3.4101e+01  1.0273e+02
6958.4287  1.2107e+02  1.0532e+02
6959.6792  5.9133e+01  1.0424e+02
6960.9292  1.2392e+02  1.0322e+02
6962.1797  5.5659e+00  1.0211e+02
6963.4302  6.7154e+01  1.0206e+02
6964.6802  -1.5776e+02  1.0109e+02
6965.9307  8.7739e+01  1.0014e+02
6967.1812  3.1804e+01  1.0051e+02
6968.4312  8.0186e+01  1.0422e+02
6969.6816  1.1305e+02  1.0401e+02
6970.9321  3.4328e+02  1.1400e+02
6972.1826  8.3531e+01  1.3293e+02
6973.4326  1.0821e+02  1.3048e+02
6974.6831  -1.4406e+02  1.0642e+02
6975.9336  -2.2348e+01  9.9105e+01
6977.1836  -6.1319e+01  1.0041e+02
6978.4341  1.1344e+02  1.0434e+02
6979.6846  1.1348e+02  1.3801e+02
6980.9346  1.3351e+02  2.2110e+02
6982.1851  -2.0901e+02  1.8723e+02
6983.4355  1.5765e+02  1.0793e+02
6984.6855  -9.6169e+01  1.0004e+02
6985.9360  1.9585e+01  1.0146e+02
6987.1865  -4.1947e+01  1.0124e+02
6988.4365  1.2256e+02  1.0167e+02
6989.6870  1.2351e+01  1.0263e+02
6990.9375  1.0915e+02  1.0008e+02
6992.1880  2.2515e+01  9.8880e+01
6993.4380  -8.3494e-01  1.0015e+02
6994.6885  1.4512e+02  9.9083e+01
6995.9390  5.7215e+01  9.8386e+01
6997.1890  3.0134e+01  9.8713e+01
6998.4395  -5.3344e+01  1.0115e+02
6999.6899  5.4548e+01  1.0320e+02
7000.9399  6.5450e+01  1.0118e+02
7002.1904  2.6045e+00  1.0063e+02
7003.4409  4.7747e+01  1.0109e+02
7004.6909  1.0790e+02  1.0494e+02
7005.9414  1.1720e+01  1.2334e+02
7007.1919  1.0364e+01  1.2410e+02
7008.4424  2.0826e+02  1.0332e+02
7009.6924  1.6461e+02  9.7457e+01
7010.9429  1.5005e+02  9.8329e+01
7012.1934  -3.0202e+01  1.0952e+02
7013.4434  -2.0700e+01  1.3984e+02
7014.6938  2.5767e+01  1.4287e+02
7015.9443  -6.5604e+01  1.1028e+02
7017.1943  -3.3901e+01  9.7626e+01
7018.4448  3.5606e+01  9.6324e+01
7019.6953  -6.3328e+00  9.6551e+01
7020.9453  6.6679e+00  9.7999e+01
7022.1958  -6.7316e+00  9.6774e+01
7023.4463  8.4356e+01  9.7215e+01
7024.6963  -1.4803e+01  9.7337e+01
7025.9468  -4.8326e+01  9.7057e+01
7027.1973  -4.0784e+01  9.6028e+01
7028.4478  1.3504e+02  9.7412e+01
7029.6978  4.8403e+01  9.7730e+01
7030.9482  -3.6006e+01  9.8552e+01
7032.1987  5.1910e+01  1.0064e+02
7033.4487  5.5735e+01  9.9159e+01
7034.6992  -1.1438e+02  9.7412e+01
7035.9497  -2.7320e+01  9.6833e+01
7037.1997  -6.2090e+01  9.6993e+01
7038.4502  -5.4301e+01  9.6941e+01
7039.7007  9.6310e+01  9.7485e+01
7040.9507  4.3136e+01  9.7805e+01
7042.2012  1.1509e+02  1.0044e+02
7043.4517  -6.2275e+01  1.1159e+02
7044.7021  -5.7558e+01  1.1180e+02
7045.9521  3.2285e+01  1.0110e+02
7047.2026  -1.5079e+01  1.0034e+02
7048.4531  -1.8032e+01  1.0844e+02
7049.7031  1.0168e+02  1.2482e+02
7050.9536  3.1297e+02  1.3266e+02
7052.2041  2.9426e+01  1.2250e+02
7053.4541  6.3072e+01  1.1038e+02
7054.7046  1.0239e+02  1.0788e+02
