# SNR 8.8421
# Quality c
# flux_factor = 1.e-20
5622.6631  3.8062e+01  7.9123e+01
5623.9131  -1.7511e+02  7.9456e+01
5625.1636  -2.7041e+01  9.9752e+01
5626.4141  2.7461e+00  8.3048e+01
5627.6646  -6.4172e+00  8.9846e+01
5628.9146  1.6509e+02  8.7380e+01
5630.1650  4.9826e+01  7.7528e+01
5631.4155  2.7472e+01  8.1896e+01
5632.6655  2.2397e+01  7.5411e+01
5633.9160  4.3221e+01  7.4123e+01
5635.1665  -4.4343e+01  7.1324e+01
5636.4165  -4.2389e+01  7.9657e+01
5637.6670  -1.2658e+02  8.4724e+01
5638.9175  -3.5145e+01  9.3148e+01
5640.1675  1.2300e+02  7.8166e+01
5641.4180  -9.6665e+01  7.7033e+01
5642.6685  -1.4435e+01  8.1086e+01
5643.9185  -8.1602e+01  7.0694e+01
5645.1689  6.1094e+01  8.4753e+01
5646.4194  3.0813e+01  9.4201e+01
5647.6694  -9.2211e+01  7.7509e+01
5648.9199  -4.3815e+01  8.2514e+01
5650.1704  1.1637e+02  7.4176e+01
5651.4209  1.7162e+01  7.0088e+01
5652.6709  -3.4140e+01  7.8869e+01
5653.9214  -4.9878e+01  9.1635e+01
5655.1719  -1.1502e+02  6.8477e+01
5656.4219  6.3633e+01  6.8903e+01
5657.6724  1.8059e+01  6.9256e+01
5658.9229  3.5808e+01  8.8781e+01
5660.1729  -5.6222e+01  7.4501e+01
5661.4233  -1.4861e+01  7.7549e+01
5662.6738  5.6698e+01  7.7626e+01
5663.9238  1.0410e+02  7.4098e+01
5665.1743  -1.5858e+01  7.8508e+01
5666.4248  -2.3496e+01  6.9176e+01
5667.6748  6.7320e+01  7.3117e+01
5668.9253  7.9678e+01  7.3894e+01
5670.1758  2.7314e+01  7.2002e+01
5671.4263  -7.0879e+00  7.7346e+01
5672.6763  7.0522e+01  7.0116e+01
5673.9268  -1.1052e+02  7.0552e+01
5675.1772  1.2833e+02  8.5582e+01
5676.4272  1.3050e+01  7.6888e+01
5677.6777  -1.3266e+02  7.0121e+01
5678.9282  -1.5180e+02  7.4944e+01
5680.1782  -1.0930e+02  6.9582e+01
5681.4287  5.1640e+01  7.1857e+01
5682.6792  4.5714e+01  7.4485e+01
5683.9292  -8.2260e+01  7.9597e+01
5685.1797  -2.0398e+00  8.3367e+01
5686.4302  5.8532e+01  8.5025e+01
5687.6802  5.2211e+01  7.2277e+01
5688.9307  4.2934e+00  6.9657e+01
5690.1812  4.7630e+01  8.0814e+01
5691.4312  5.6711e+01  7.4533e+01
5692.6816  3.3306e+01  7.5292e+01
5693.9321  1.2607e+02  9.1625e+01
5695.1826  1.9464e+01  7.0351e+01
5696.4326  4.1998e+01  8.3085e+01
5697.6831  1.1189e+01  7.4901e+01
5698.9336  4.2511e+01  7.1206e+01
5700.1836  -2.2863e+01  7.8878e+01
5701.4341  -1.4438e+02  8.2605e+01
5702.6846  1.6615e+02  7.6098e+01
5703.9346  4.9966e+01  8.3525e+01
5705.1851  -5.7909e+01  8.1563e+01
5706.4355  8.3280e+01  7.2939e+01
5707.6855  1.4148e+02  7.1046e+01
5708.9360  -4.1798e+01  8.0082e+01
5710.1865  -4.5211e+01  8.0125e+01
5711.4365  -4.6008e+01  6.9287e+01
5712.6870  5.7968e+01  7.1220e+01
5713.9375  1.5662e+02  7.0833e+01
5715.1875  3.0382e+02  7.8014e+01
5716.4380  4.1525e+02  8.3911e+01
5717.6885  5.0234e+02  7.2356e+01
5718.9390  2.4428e+02  7.6681e+01
5720.1890  1.5216e+02  8.8114e+01
5721.4395  1.0847e+02  9.4523e+01
5722.6899  5.6902e+01  8.0380e+01
5723.9399  -6.1403e+01  7.2274e+01
5725.1904  -2.3152e+01  8.7279e+01
5726.4409  7.1740e+01  7.2816e+01
5727.6909  6.3767e+01  7.4672e+01
5728.9414  2.7514e+01  7.1912e+01
5730.1919  -1.5462e+02  8.1024e+01
5731.4419  1.2674e+02  7.4112e+01
5732.6924  1.9785e+01  7.8492e+01
5733.9429  1.3851e+02  6.9273e+01
5735.1929  -9.4530e+00  7.1544e+01
5736.4434  -1.8991e+01  7.1319e+01
5737.6938  -9.7022e+01  7.2001e+01
5738.9438  1.4639e+02  9.0074e+01
5740.1943  3.6097e+01  7.1407e+01
5741.4448  -5.4931e+01  8.1498e+01
5742.6953  -6.1645e+01  7.3029e+01
5743.9453  1.3321e+01  9.6162e+01
5745.1958  -3.2363e+01  9.0029e+01
5746.4463  -1.3283e+02  6.9362e+01
5747.6963  -5.4213e+01  7.0010e+01
5748.9468  7.4565e+01  6.7596e+01
5750.1973  3.5068e+01  6.7528e+01
5751.4473  -1.7580e+01  6.8255e+01
5752.6978  -1.5395e+02  6.7565e+01
5753.9482  -2.9111e+01  7.5933e+01
5755.1982  -1.1717e+02  7.6755e+01
5756.4487  6.1065e+01  7.3243e+01
5757.6992  5.6297e+00  9.2029e+01
5758.9492  -6.7185e+00  6.9911e+01
5760.1997  6.6523e+01  7.7923e+01
5761.4502  3.8541e+01  6.7586e+01
5762.7007  7.1932e+01  7.4325e+01
5763.9507  -7.9776e+00  8.2244e+01
5765.2012  2.9405e+01  7.3969e+01
5766.4517  -1.6024e+01  7.5373e+01
5767.7017  2.4339e+01  6.8357e+01
5768.9521  -7.9880e+00  7.4270e+01
5770.2026  1.6902e+02  7.2584e+01
5771.4526  1.6334e+02  6.7515e+01
5772.7031  -1.0299e+02  8.2908e+01
5773.9536  6.9120e+00  7.7130e+01
5775.2036  1.7260e+02  7.0017e+01
5776.4541  -2.7972e+01  6.7344e+01
5777.7046  5.9343e+00  6.7981e+01
5778.9546  5.1919e+01  7.8741e+01
5780.2051  -6.4731e+01  6.7903e+01
5781.4556  2.0771e+01  7.3921e+01
5782.7056  8.5376e+01  7.8351e+01
5783.9561  -1.5673e+01  7.7599e+01
5785.2065  -3.7397e+00  7.8707e+01
5786.4570  -3.6768e+01  7.4460e+01
5787.7070  1.0004e+02  6.6629e+01
5788.9575  1.7277e+01  6.9229e+01
5790.2080  4.8545e+01  7.7530e+01
5791.4580  -3.5421e+01  7.6851e+01
5792.7085  -5.6590e+01  8.4193e+01
5793.9590  4.3981e+01  7.6422e+01
5795.2090  5.2872e+01  7.4962e+01
5796.4595  6.8917e+01  7.8691e+01
5797.7100  -4.5846e+01  6.9667e+01
5798.9600  2.2088e+01  6.9989e+01
5800.2104  1.1420e+02  7.2578e+01
5801.4609  2.0988e+01  6.8202e+01
5802.7109  4.1077e+01  8.3478e+01
5803.9614  8.7259e+01  8.2422e+01
5805.2119  7.4734e+01  7.7716e+01
5806.4619  6.7366e+00  6.9624e+01
5807.7124  -8.7762e+01  7.8725e+01
5808.9629  -5.0006e+01  7.4505e+01
5810.2134  7.9364e-01  7.0179e+01
5811.4634  -8.5620e+01  8.5835e+01
