# SNR 14.8616
# Quality c
# flux_factor = 1.e-20
7656.8433  2.2516e+01  4.7208e+01
7658.0938  4.2381e+01  3.2131e+01
7659.3442  1.0076e+01  3.3600e+01
7660.5947  2.6294e+01  3.9915e+01
7661.8447  -1.2644e+01  5.4461e+01
7663.0952  2.7376e+01  6.4114e+01
7664.3457  -1.6862e+01  5.5283e+01
7665.5957  7.8757e+01  4.3178e+01
7666.8462  -4.0764e+01  3.5552e+01
7668.0967  9.2901e+00  3.2412e+01
7669.3467  2.7712e+01  3.2266e+01
7670.5972  -1.8121e+01  3.5334e+01
7671.8477  -3.4544e+01  3.2729e+01
7673.0977  1.5465e+01  3.4166e+01
7674.3481  -9.7748e+00  3.6778e+01
7675.5986  5.4289e+01  2.9094e+01
7676.8491  4.6575e+01  3.1464e+01
7678.0991  3.1105e+01  3.4210e+01
7679.3496  4.4203e+01  3.5912e+01
7680.6001  5.1756e+01  3.0967e+01
7681.8501  4.4102e+01  3.3021e+01
7683.1006  5.2229e+01  3.9928e+01
7684.3511  4.2931e+01  3.3849e+01
7685.6011  -3.6326e+01  3.9167e+01
7686.8516  2.0608e+01  4.0061e+01
7688.1021  9.1997e+01  4.0007e+01
7689.3521  3.2659e+01  4.2714e+01
7690.6025  1.9492e+01  3.4168e+01
7691.8530  -2.4280e+01  3.7464e+01
7693.1035  3.2971e+01  4.7693e+01
7694.3535  -2.5169e+01  4.0450e+01
7695.6040  4.4372e+01  3.5871e+01
7696.8545  2.0301e+01  3.1619e+01
7698.1045  5.2565e+01  3.2480e+01
7699.3550  4.8687e+01  3.6642e+01
7700.6055  -2.6519e+01  5.2538e+01
7701.8555  -5.9414e+01  4.2573e+01
7703.1060  -1.8177e+01  3.2146e+01
7704.3564  6.6612e+01  3.7707e+01
7705.6064  9.6437e+00  3.7485e+01
7706.8569  -9.6680e+00  3.4310e+01
7708.1074  2.4497e+01  3.5394e+01
7709.3574  -6.5982e+01  3.5034e+01
7710.6079  -6.9898e+01  4.4391e+01
7711.8584  -9.9366e+00  5.6004e+01
7713.1089  -5.9422e+01  1.2249e+02
7714.3589  -2.3661e+01  1.1750e+02
7715.6094  1.6708e+01  9.0460e+01
7716.8599  -3.4363e+01  1.0385e+02
7718.1099  1.8477e+01  1.2601e+02
7719.3604  4.1724e+00  1.0409e+02
7720.6108  -3.3671e+01  6.5058e+01
7721.8608  -1.9810e+01  4.2710e+01
7723.1113  -4.3538e+01  4.4238e+01
7724.3618  -3.5228e+01  6.0575e+01
7725.6118  -7.7985e+01  6.1336e+01
7726.8623  -6.0161e+01  6.6510e+01
7728.1128  2.6533e+01  6.1748e+01
7729.3633  -5.3629e+01  4.5089e+01
7730.6133  3.6554e+01  3.7797e+01
7731.8638  1.4557e+01  3.4200e+01
7733.1143  4.0820e+01  3.8035e+01
7734.3643  -3.6324e+01  3.8553e+01
7735.6147  -7.6415e+01  4.9159e+01
7736.8652  4.1726e+01  4.2878e+01
7738.1152  -2.1049e+01  4.0789e+01
7739.3657  -1.5522e+01  4.0262e+01
7740.6162  4.8397e+01  4.0137e+01
7741.8662  2.6760e+00  4.4282e+01
7743.1167  4.5982e+01  3.3738e+01
7744.3672  1.8926e+01  3.3495e+01
7745.6177  -2.1308e+01  4.2545e+01
7746.8677  3.5564e+01  3.4978e+01
7748.1182  -1.3720e+01  3.9808e+01
7749.3687  -1.7016e+00  6.7361e+01
7750.6187  -5.7573e+01  1.2554e+02
7751.8691  -1.0854e+02  1.5492e+02
7753.1196  -1.0812e+02  1.4956e+02
7754.3696  9.2963e+01  9.7992e+01
7755.6201  3.7040e+01  3.6567e+01
7756.8706  -2.1560e+01  3.9891e+01
7758.1206  -2.5364e+01  4.5750e+01
7759.3711  -1.3900e+00  7.4492e+01
7760.6216  -9.5164e+01  8.6403e+01
7761.8721  -3.8833e+01  8.9651e+01
7763.1221  1.1410e+01  6.0020e+01
7764.3726  2.5915e+00  4.1119e+01
7765.6230  6.5386e+00  3.8302e+01
7766.8730  -3.2794e+01  2.9005e+01
7768.1235  -2.4529e+01  4.2714e+01
7769.3740  1.7967e+01  3.6579e+01
7770.6240  1.1829e+01  3.5000e+01
7771.8745  4.3795e+01  5.9574e+01
7773.1250  6.9809e+01  8.5239e+01
7774.3750  -4.0793e+01  8.5186e+01
7775.6255  4.5421e+01  7.9766e+01
7776.8760  3.9979e+01  6.2976e+01
7778.1260  -1.9223e+01  4.3381e+01
7779.3765  3.1838e+01  4.2344e+01
7780.6270  7.8044e+00  6.1998e+01
7781.8774  -7.3966e+01  7.6535e+01
7783.1274  1.0198e+01  5.4274e+01
7784.3779  2.5605e+02  3.9940e+01
7785.6284  4.0242e+02  3.4568e+01
7786.8784  3.9559e+02  4.0353e+01
7788.1289  2.4586e+02  3.6487e+01
7789.3794  1.7760e+02  4.1419e+01
7790.6294  2.0586e+01  3.9814e+01
7791.8799  3.9151e+01  5.5057e+01
7793.1304  1.0509e+01  8.0236e+01
7794.3804  1.4464e+02  1.3328e+02
7795.6309  -1.7072e+01  1.3202e+02
7796.8813  -5.3289e+01  1.1112e+02
7798.1318  7.1554e+01  5.3602e+01
7799.3818  3.4661e+01  3.8634e+01
7800.6323  2.0796e+01  3.4793e+01
7801.8828  -7.2592e+01  3.5056e+01
7803.1328  7.7150e+00  3.0549e+01
7804.3833  5.2768e+01  3.5433e+01
7805.6338  1.8009e+01  3.1952e+01
7806.8838  -7.0222e+01  4.0670e+01
7808.1343  -7.6463e+01  7.3664e+01
7809.3848  -3.3139e+01  8.7617e+01
7810.6348  -1.8049e+02  8.3768e+01
7811.8853  5.7647e+01  6.8723e+01
7813.1357  2.0055e+00  4.0520e+01
7814.3862  -3.5276e+01  3.3694e+01
7815.6362  -9.6750e+00  4.7593e+01
7816.8867  2.5569e+01  4.5759e+01
7818.1372  -2.0859e+01  3.5760e+01
7819.3872  -5.5500e+01  4.8527e+01
7820.6377  -1.4897e+02  7.4968e+01
7821.8882  6.8195e+01  1.4196e+02
7823.1382  -1.5643e+01  1.4226e+02
7824.3887  -4.5135e+01  1.2070e+02
7825.6392  -1.4344e+01  6.0608e+01
7826.8892  -2.7516e+01  3.9462e+01
7828.1396  -3.7916e-01  3.2610e+01
7829.3901  5.4673e+01  3.8183e+01
7830.6406  3.1906e+01  3.6286e+01
7831.8906  4.4521e+01  3.3492e+01
7833.1411  2.8535e+01  3.4355e+01
7834.3916  3.4398e+01  3.5892e+01
7835.6416  2.7972e+01  3.8549e+01
7836.8921  2.2856e+01  3.7523e+01
7838.1426  3.0078e+01  3.5898e+01
7839.3926  -1.5303e+01  4.6366e+01
7840.6431  -8.9015e+01  5.1675e+01
7841.8936  1.0574e+01  8.1829e+01
7843.1436  1.2685e+02  8.1341e+01
7844.3940  -4.1638e+01  5.8234e+01
7845.6445  -4.3667e+01  3.5963e+01
7846.8950  2.9610e+00  3.5658e+01
7848.1450  3.8254e+01  3.7550e+01
7849.3955  -5.7757e+01  5.7390e+01
7850.6460  -4.2382e+01  6.1066e+01
7851.8960  -1.2034e+02  7.5989e+01
7853.1465  -1.8026e+02  1.1472e+02
7854.3970  7.2402e+01  1.4812e+02
7855.6470  7.6988e+01  1.3839e+02
7856.8975  4.0962e+01  7.6646e+01
7858.1479  7.5152e+01  5.7810e+01
7859.3979  -2.7134e+01  6.5155e+01
7860.6484  1.2638e+02  7.5574e+01
7861.8989  1.0700e+02  9.3584e+01
7863.1494  -8.2743e+01  8.1528e+01
7864.3994  8.5389e+01  4.0290e+01
7865.6499  8.2370e+01  3.1599e+01
7866.9004  -4.3847e+01  3.6477e+01
7868.1504  -7.0785e+01  6.3345e+01
7869.4009  -3.5784e+01  6.9958e+01
7870.6514  1.6266e+01  7.6893e+01
7871.9014  -1.8228e+01  1.0162e+02
7873.1519  -1.3052e+02  7.9717e+01
7874.4023  1.7872e+01  4.8848e+01
7875.6523  -3.3975e+00  3.6159e+01
7876.9028  2.6258e+01  4.0007e+01
7878.1533  -3.0650e+01  4.5411e+01
7879.4033  4.0743e+01  7.3284e+01
7880.6538  4.7955e+01  7.5549e+01
7881.9043  5.8925e+01  7.9731e+01
7883.1548  5.0052e+01  8.3187e+01
7884.4048  -2.8828e+01  5.8211e+01
7885.6553  -8.8423e+01  4.0986e+01
7886.9058  2.1014e+00  3.9671e+01
7888.1558  4.9256e+01  4.3555e+01
7889.4062  -3.1881e+01  6.6936e+01
7890.6567  1.0825e+02  1.1028e+02
7891.9067  4.9037e+01  1.1106e+02
7893.1572  2.3038e+01  6.0421e+01
7894.4077  8.3338e+01  4.8466e+01
7895.6577  5.9831e+00  4.3607e+01
7896.9082  3.9252e+01  3.9108e+01
7898.1587  -3.0436e+01  3.8396e+01
7899.4092  8.9494e+00  3.6780e+01
7900.6592  -6.1049e+01  3.3055e+01
7901.9097  3.3446e+01  3.2173e+01
7903.1602  -1.4160e+00  3.7089e+01
7904.4102  2.2643e+01  3.7054e+01
7905.6606  -5.9316e+00  3.5039e+01
7906.9111  5.0419e+01  4.1319e+01
7908.1611  1.1601e+01  4.0778e+01
7909.4116  -2.9223e+01  4.4027e+01
7910.6621  -3.6358e+01  4.8771e+01
7911.9121  4.4107e+01  6.5429e+01
7913.1626  -2.9945e+02  1.1473e+02
7914.4131  -8.4502e+00  1.6551e+02
7915.6636  3.2790e+01  1.5693e+02
