# SNR 11.1977
# Quality c
# flux_factor = 1.e-20
5866.8818  -3.2022e+01  1.8904e+02
5868.1318  -1.2908e+02  2.0916e+02
5869.3823  -2.4045e+02  2.1401e+02
5870.6328  5.3501e+01  2.0418e+02
5871.8828  -3.2958e+01  1.8401e+02
5873.1333  1.2687e+02  1.7241e+02
5874.3838  4.2042e+01  1.7601e+02
5875.6338  -2.0767e+02  1.7650e+02
5876.8843  -4.8131e+02  1.7494e+02
5878.1348  -7.7379e+01  1.7175e+02
5879.3848  -1.2228e+02  1.6772e+02
5880.6353  -4.9997e+01  1.6801e+02
5881.8857  6.3385e+01  1.6754e+02
5883.1362  5.8136e+01  1.6886e+02
5884.3862  1.0147e+02  1.6876e+02
5885.6367  2.2351e+02  1.7006e+02
5886.8872  -2.7680e+01  1.7228e+02
5888.1372  1.3361e+02  1.8198e+02
5889.3877  -4.8448e+01  2.1708e+02
5890.6382  3.3493e+01  4.1576e+02
5891.8882  2.7073e+01  5.8241e+02
5893.1387  2.2005e+01  5.0893e+02
5894.3892  1.1736e+01  2.3056e+02
5895.6392  2.1770e+02  1.9291e+02
5896.8896  -1.3613e+01  3.6141e+02
5898.1401  3.8802e+01  4.6127e+02
5899.3901  3.9144e+00  3.6776e+02
5900.6406  9.2775e+01  1.8453e+02
5901.8911  -1.3446e+02  1.7137e+02
5903.1411  -3.6564e+01  1.7114e+02
5904.3916  9.9195e+01  1.7261e+02
5905.6421  1.2511e+02  1.7485e+02
5906.8926  -1.3298e+01  1.7455e+02
5908.1426  -2.0395e+02  1.8310e+02
5909.3931  -2.6843e+01  1.8416e+02
5910.6436  -1.0566e+02  1.7388e+02
5911.8936  2.3982e+02  1.6839e+02
5913.1440  2.2042e+02  1.6775e+02
5914.3945  -4.0266e+01  1.6902e+02
5915.6445  3.0943e+01  1.7808e+02
5916.8950  3.4318e+01  2.1159e+02
5918.1455  -2.2590e+02  2.1559e+02
5919.3955  2.0188e+02  1.8201e+02
5920.6460  1.7597e+02  1.6640e+02
5921.8965  -8.5113e+01  1.6714e+02
5923.1465  -2.0593e+02  1.6760e+02
5924.3970  -1.3821e+01  1.6839e+02
5925.6475  -6.0789e+01  1.8056e+02
5926.8979  1.1754e+02  1.8963e+02
5928.1479  1.0639e+02  1.8104e+02
5929.3984  9.0073e+01  1.6919e+02
5930.6489  -1.1926e+02  1.6722e+02
5931.8989  2.6035e+01  1.6780e+02
5933.1494  4.2624e+01  1.7855e+02
5934.3999  -8.4209e+01  2.1404e+02
5935.6499  -8.9287e+01  2.2029e+02
5936.9004  1.6018e+02  1.8558e+02
5938.1509  2.3029e+02  1.6639e+02
5939.4009  5.9587e+01  1.6363e+02
5940.6514  -1.6726e+01  1.6340e+02
5941.9019  -1.3621e+02  1.6403e+02
5943.1519  -9.3939e+01  1.6350e+02
5944.4023  -1.1095e+02  1.6165e+02
5945.6528  -1.4403e+02  1.6411e+02
5946.9028  5.3400e+01  1.7288e+02
5948.1533  5.2217e+01  1.8508e+02
5949.4038  -1.3209e+01  1.7684e+02
5950.6543  -8.4180e+01  1.6492e+02
5951.9043  1.3430e+02  1.6292e+02
5953.1548  -3.2519e+01  1.6572e+02
5954.4053  -2.1951e+02  1.8975e+02
5955.6553  -1.3759e+02  2.1166e+02
5956.9058  1.7862e+02  1.9538e+02
5958.1562  2.0214e+02  1.6677e+02
5959.4062  2.7105e+02  1.6440e+02
5960.6567  -1.0873e+02  1.6479e+02
5961.9072  2.4102e+02  1.6532e+02
5963.1572  1.8032e+02  1.6365e+02
5964.4077  9.3814e+02  1.6293e+02
5965.6582  1.1151e+03  1.6310e+02
5966.9082  8.8165e+02  1.6180e+02
5968.1587  3.9079e+02  1.5996e+02
5969.4092  1.5383e+02  1.6153e+02
5970.6597  1.3412e+02  1.6394e+02
5971.9097  -6.0249e+01  1.7588e+02
5973.1602  3.9680e+01  1.7470e+02
5974.4106  1.8061e+01  1.6384e+02
5975.6606  1.2199e+02  1.6061e+02
5976.9111  1.3992e+01  1.6290e+02
5978.1616  7.0492e+01  1.7961e+02
5979.4116  -5.3685e+01  1.9278e+02
5980.6621  -2.2334e+01  1.7813e+02
5981.9126  1.9667e+01  1.6287e+02
5983.1626  1.6167e+02  1.6081e+02
5984.4131  1.2552e+02  1.5990e+02
5985.6636  -3.2113e+01  1.5979e+02
5986.9136  -5.2333e+01  1.5761e+02
5988.1641  1.5469e+02  1.6088e+02
5989.4146  -9.1957e-02  1.6039e+02
5990.6650  5.4118e+01  1.5936e+02
5991.9150  1.2675e+02  1.5946e+02
5993.1655  -2.6342e+02  1.5794e+02
5994.4160  1.1571e+02  1.5835e+02
5995.6660  5.6807e+01  1.5794e+02
5996.9165  1.3099e+02  1.5762e+02
5998.1670  -4.3504e+01  1.5984e+02
5999.4170  3.6593e+01  1.6512e+02
6000.6675  3.1648e+01  1.6507e+02
6001.9180  -7.4362e+01  1.5919e+02
6003.1680  3.9577e+01  1.5803e+02
6004.4185  9.9798e+01  1.6171e+02
6005.6689  3.0265e+02  1.7375e+02
6006.9189  1.4369e+02  1.7363e+02
6008.1694  1.7534e+02  1.5991e+02
6009.4199  1.4255e+01  1.5521e+02
6010.6699  3.1069e+01  1.5460e+02
6011.9204  4.6811e+01  1.5473e+02
6013.1709  -9.2265e+01  1.5627e+02
6014.4214  1.2692e+01  1.5565e+02
6015.6714  -6.6151e+01  1.5506e+02
6016.9219  8.3896e+01  1.5443e+02
6018.1724  -7.8489e+00  1.5427e+02
6019.4224  6.6158e+00  1.5507e+02
6020.6729  -1.4221e+01  1.5426e+02
6021.9233  -1.5625e+01  1.5311e+02
6023.1733  1.7550e+02  1.5233e+02
6024.4238  8.4293e+01  1.5256e+02
6025.6743  2.5213e+02  1.5301e+02
6026.9243  1.5035e+02  1.5443e+02
6028.1748  3.8700e+01  1.5606e+02
6029.4253  4.7863e+01  1.5618e+02
6030.6753  1.2029e+02  1.5984e+02
6031.9258  1.4788e+02  1.5583e+02
6033.1763  2.7474e+01  1.5312e+02
6034.4268  5.3465e+01  1.5618e+02
6035.6768  -1.1848e+02  1.6244e+02
6036.9272  1.2460e+01  1.6248e+02
6038.1777  1.1772e+02  1.5614e+02
6039.4277  -2.3256e+01  1.5188e+02
6040.6782  -1.0450e+01  1.5313e+02
6041.9287  5.4281e+01  1.5341e+02
6043.1787  -4.6970e+01  1.5297e+02
6044.4292  -1.3331e+01  1.5314e+02
6045.6797  1.6871e+02  1.5286e+02
6046.9297  6.6120e+01  1.5351e+02
6048.1802  9.8535e+00  1.5394e+02
6049.4307  -7.9796e+00  1.5293e+02
6050.6807  -3.1976e+01  1.5367e+02
6051.9312  2.3171e+01  1.5186e+02
6053.1816  2.1052e+00  1.5191e+02
6054.4321  -2.6884e+02  1.5175e+02
6055.6821  1.4871e+02  1.5018e+02
6056.9326  7.7966e+00  1.5111e+02
6058.1831  1.4061e+02  1.5094e+02
6059.4331  -1.5194e+02  1.5120e+02
6060.6836  -6.7709e+01  1.5267e+02
6061.9341  6.7969e+01  1.5144e+02
6063.1841  -2.0821e+02  1.5232e+02
6064.4346  -7.7316e+01  1.5402e+02
