# SNR 13.2407
# Quality c
# flux_factor = 1.e-20
7328.5244  6.4092e+01  9.6309e+01
7329.7749  -1.2465e+02  1.1459e+02
7331.0254  3.5354e+02  1.9217e+02
7332.2754  -1.9789e+02  2.1850e+02
7333.5259  -1.6650e+02  1.5494e+02
7334.7764  -3.9262e+01  1.0510e+02
7336.0264  1.1657e+02  9.8729e+01
7337.2769  -3.0552e+01  9.6369e+01
7338.5273  3.1623e+01  9.6011e+01
7339.7773  -3.8544e+01  9.8188e+01
7341.0278  1.0894e+02  1.2099e+02
7342.2783  2.4469e+02  2.4533e+02
7343.5283  -2.7643e+02  4.2875e+02
7344.7788  -3.2774e+02  2.7980e+02
7346.0293  -2.0641e+02  1.3823e+02
7347.2793  -7.1518e+01  1.0417e+02
7348.5298  -5.7218e+01  1.0474e+02
7349.7803  8.7564e+00  1.0227e+02
7351.0308  9.3194e+01  1.0050e+02
7352.2808  5.8498e+01  1.0126e+02
7353.5312  4.6971e+01  1.0606e+02
7354.7817  -5.5836e+01  1.0679e+02
7356.0317  -2.8942e+01  1.0244e+02
7357.2822  8.1323e+01  9.8872e+01
7358.5327  -4.3024e+01  1.0202e+02
7359.7827  -8.8371e-01  1.3897e+02
7361.0332  -4.4335e+01  2.0384e+02
7362.2837  -5.9806e+01  1.9148e+02
7363.5337  1.1603e+02  1.2018e+02
7364.7842  -1.0480e+02  9.8828e+01
7366.0347  1.5684e+01  1.0045e+02
7367.2852  -3.6726e+01  1.0316e+02
7368.5352  -6.3293e+00  1.0315e+02
7369.7856  -4.5862e+01  1.2726e+02
7371.0361  2.1917e+02  2.4241e+02
7372.2861  3.2765e+02  3.7233e+02
7373.5366  -1.2846e+02  2.2671e+02
7374.7871  -1.5206e+02  1.1250e+02
7376.0371  -7.0636e+01  1.0539e+02
7377.2876  1.6311e+01  1.0696e+02
7378.5381  -9.1070e+01  9.9014e+01
7379.7881  2.6148e+00  9.6980e+01
7381.0386  5.3126e+00  9.8767e+01
7382.2891  3.1043e+01  9.8458e+01
7383.5396  -3.0747e+01  9.6769e+01
7384.7896  3.4680e+01  9.7250e+01
7386.0400  -7.4431e+01  9.8364e+01
7387.2905  5.1665e+01  9.6978e+01
7388.5405  9.0967e+01  9.4972e+01
7389.7910  1.7786e+00  9.6803e+01
7391.0415  5.4666e+01  9.8515e+01
7392.2915  7.0025e+01  1.0569e+02
7393.5420  2.2302e+02  1.3725e+02
7394.7925  2.2156e+02  1.7991e+02
7396.0425  3.7853e+01  1.5793e+02
7397.2930  5.4932e+01  1.0542e+02
7398.5435  5.3484e+01  9.6009e+01
7399.7935  1.4551e+02  9.5210e+01
7401.0439  -4.3611e+01  9.7574e+01
7402.2944  -6.3176e+01  1.1330e+02
7403.5449  1.7309e+02  1.9924e+02
7404.7949  -7.5076e+01  2.4268e+02
7406.0454  -4.2259e+01  1.8387e+02
7407.2959  8.6452e-01  1.0368e+02
7408.5459  -2.1327e+01  9.5426e+01
7409.7964  3.6289e+00  9.4489e+01
7411.0469  -1.0188e+02  9.3058e+01
7412.2969  -3.5340e+01  9.3156e+01
7413.5474  1.1451e+02  9.6622e+01
7414.7979  -1.3818e+01  1.0192e+02
7416.0479  8.1167e+01  1.0207e+02
7417.2983  1.2998e+02  9.7187e+01
7418.5488  4.7350e+01  9.7950e+01
7419.7993  -1.3719e+01  1.0022e+02
7421.0493  -1.3015e+01  9.6235e+01
7422.2998  6.2365e+00  9.4402e+01
7423.5503  9.2815e+01  9.4043e+01
7424.8003  1.7463e+02  9.5434e+01
7426.0508  -1.4680e+01  9.6610e+01
7427.3013  -1.1321e+02  9.5596e+01
7428.5513  -2.9854e+01  9.3907e+01
7429.8018  5.2962e+01  9.5424e+01
7431.0522  6.8344e+01  1.1540e+02
7432.3022  -5.1024e+01  1.4637e+02
7433.5527  -8.3977e+01  1.3546e+02
7434.8032  -3.7367e+01  1.0008e+02
7436.0532  1.4245e+02  9.4282e+01
7437.3037  2.0167e+02  9.4656e+01
7438.5542  -6.7413e+01  9.7467e+01
7439.8047  2.2929e+02  1.3645e+02
7441.0547  -1.3987e+02  1.8342e+02
7442.3052  -7.7311e+00  1.6345e+02
7443.5557  1.1021e+02  1.0704e+02
7444.8057  -3.1484e+01  9.4520e+01
7446.0562  1.4075e+02  9.3990e+01
7447.3066  -4.3501e+01  9.3825e+01
7448.5566  1.1645e+02  9.3734e+01
7449.8071  3.7989e+02  9.3285e+01
7451.0576  6.0440e+02  9.3758e+01
7452.3076  6.0799e+02  9.3358e+01
7453.5581  4.3303e+02  9.4548e+01
7454.8086  4.1946e+02  9.5232e+01
7456.0591  3.3991e+02  9.4725e+01
7457.3091  1.5954e+02  9.3073e+01
7458.5596  1.8145e+02  9.4101e+01
7459.8101  5.6948e+01  9.5439e+01
7461.0601  4.5737e+01  9.8335e+01
7462.3105  9.1499e+01  9.7742e+01
7463.5610  4.4181e+01  1.0002e+02
7464.8110  2.8596e+02  1.1100e+02
7466.0615  9.3440e+01  1.1141e+02
7467.3120  5.1685e+01  1.0693e+02
7468.5620  -4.9914e+00  1.2348e+02
7469.8125  1.9686e+01  1.2699e+02
7471.0630  7.3501e+01  1.0870e+02
7472.3135  -6.2427e+01  1.1015e+02
7473.5635  -1.1939e+02  1.3493e+02
7474.8140  4.7998e+01  1.4572e+02
7476.0645  -3.9148e+01  1.5679e+02
7477.3145  -1.1581e+02  1.4489e+02
7478.5649  -3.6086e-01  1.0614e+02
7479.8154  1.2842e+02  1.0181e+02
7481.0654  8.2084e+01  1.3267e+02
7482.3159  -7.3538e+01  1.6048e+02
7483.5664  -4.1867e+00  1.4219e+02
7484.8164  1.1457e+02  1.3396e+02
7486.0669  1.2877e+02  1.6878e+02
7487.3174  -7.1574e+00  1.5099e+02
7488.5679  1.9406e+00  1.0421e+02
7489.8179  -4.7231e+01  9.8592e+01
7491.0684  5.2509e+01  9.8448e+01
7492.3188  4.6994e+00  9.5694e+01
7493.5688  -3.4842e+01  9.4344e+01
7494.8193  1.8398e+02  1.0154e+02
7496.0698  3.0982e+01  1.2300e+02
7497.3198  -9.2482e+01  1.1951e+02
7498.5703  1.4502e+02  9.7550e+01
7499.8208  4.5468e+01  9.3107e+01
7501.0708  -1.0314e+00  9.4566e+01
7502.3213  1.4423e+00  9.5496e+01
7503.5718  -1.2251e+02  9.6545e+01
7504.8218  -4.0447e+01  9.5252e+01
7506.0723  3.1133e+01  9.5127e+01
7507.3228  1.8368e+02  9.3767e+01
7508.5732  7.6492e+01  9.3131e+01
7509.8232  -7.2936e+00  9.2573e+01
7511.0737  -3.8572e+01  9.3573e+01
7512.3242  -1.1325e+02  9.3399e+01
7513.5742  4.2768e+00  9.1630e+01
7514.8247  4.7157e+01  9.2020e+01
7516.0752  9.9263e+01  9.3525e+01
7517.3252  5.3424e+01  9.2986e+01
7518.5757  1.8891e+01  9.9806e+01
7519.8262  5.0203e+01  1.1636e+02
7521.0762  4.7020e+01  1.1242e+02
7522.3267  1.6569e+00  9.8380e+01
7523.5771  2.0709e+01  1.0194e+02
7524.8276  -3.1138e+00  1.4888e+02
7526.0776  7.3781e+01  2.4327e+02
7527.3281  -1.1811e+02  2.5703e+02
7528.5786  8.2362e+01  1.6879e+02
7529.8286  -3.5143e+01  1.0190e+02
7531.0791  5.5410e+01  1.0448e+02
7532.3296  3.9824e+01  1.3467e+02
7533.5796  -7.0321e+01  1.6040e+02
7534.8301  1.1070e+01  1.3212e+02
7536.0806  -5.3918e+01  9.6967e+01
7537.3306  -1.5572e+01  9.4220e+01
7538.5811  -7.0986e+01  9.5229e+01
7539.8315  -4.8905e+01  9.6574e+01
7541.0820  1.3975e+01  9.6712e+01
7542.3320  -8.3113e+01  1.1030e+02
7543.5825  3.6751e+01  1.1494e+02
7544.8330  2.9082e+01  1.0334e+02
7546.0830  3.1980e+01  9.4064e+01
7547.3335  -1.0669e+02  9.3605e+01
7548.5840  1.4495e+01  9.4193e+01
7549.8340  -1.0471e+01  9.5154e+01
7551.0845  1.7154e+01  9.4326e+01
7552.3350  -3.9160e+01  9.3578e+01
7553.5850  -9.8988e-01  9.3730e+01
7554.8354  4.4478e+01  9.6133e+01
7556.0859  6.4850e+01  9.7779e+01
7557.3359  -4.4374e+01  9.5234e+01
7558.5864  8.4911e+01  1.0598e+02
7559.8369  -4.5811e+01  1.3830e+02
7561.0874  1.8423e+02  1.3768e+02
7562.3374  -2.0784e+01  1.0482e+02
7563.5879  4.7444e+01  9.5762e+01
7564.8384  4.3061e+01  9.5235e+01
7566.0884  6.4056e+01  9.5018e+01
7567.3389  4.4493e+01  9.4494e+01
7568.5894  1.0716e+02  9.7053e+01
7569.8394  -8.4979e+01  1.0855e+02
7571.0898  -4.7233e+01  1.0958e+02
7572.3403  -9.0276e+01  1.1442e+02
7573.5903  6.7794e+01  1.9358e+02
7574.8408  4.7262e+02  2.2639e+02
