# SNR 16.7900
# Quality c
# flux_factor = 1.e-20
5163.6836  4.1556e+01  7.2577e+01
5164.9341  -2.2637e+02  7.5798e+01
5166.1841  -1.8906e+02  7.0981e+01
5167.4346  -5.2922e+00  7.8091e+01
5168.6851  1.0891e+02  7.2253e+01
5169.9351  1.9590e+01  6.0846e+01
5171.1855  -5.0644e+01  7.5723e+01
5172.4360  -5.0106e+01  8.4052e+01
5173.6865  5.3377e+01  6.7330e+01
5174.9365  -3.6639e+01  7.4323e+01
5176.1870  -1.4494e+02  6.9995e+01
5177.4375  -6.9462e+01  9.1741e+01
5178.6875  -7.2086e+00  6.5407e+01
5179.9380  -1.5327e+02  7.6783e+01
5181.1885  -1.0674e+01  6.8951e+01
5182.4385  -1.6913e+01  8.4410e+01
5183.6890  1.0923e+01  6.3606e+01
5184.9395  7.3691e+01  7.2483e+01
5186.1895  -2.9661e+01  7.0026e+01
5187.4399  1.1106e+02  6.4430e+01
5188.6904  8.3184e+01  7.2544e+01
5189.9404  -1.1312e+02  8.2683e+01
5191.1909  -4.7540e+01  8.9192e+01
5192.4414  -3.9823e+01  8.3192e+01
5193.6914  6.4730e+01  6.9503e+01
5194.9419  -9.9117e+01  6.1479e+01
5196.1924  1.4006e+02  8.5380e+01
5197.4424  -5.3745e+01  7.2209e+01
5198.6929  -1.2464e+02  8.8384e+01
5199.9434  5.0866e+01  7.7749e+01
5201.1938  3.2910e+01  8.2117e+01
5202.4438  -5.8722e+01  7.5815e+01
5203.6943  4.9847e+01  8.2151e+01
5204.9448  -8.0949e+01  7.0155e+01
5206.1948  -5.5458e+01  6.0533e+01
5207.4453  -1.3441e+02  8.1946e+01
5208.6958  -6.1566e+01  7.0267e+01
5209.9458  -5.1418e+01  7.0685e+01
5211.1963  -6.1890e+01  8.6029e+01
5212.4468  -1.0706e+02  6.2320e+01
5213.6968  4.0947e+01  7.5209e+01
5214.9473  -2.1115e+00  8.0145e+01
5216.1978  -1.8293e+02  8.3863e+01
5217.4478  -2.3880e+01  7.0589e+01
5218.6982  6.0112e+01  8.2253e+01
5219.9487  -1.2777e+02  6.6118e+01
5221.1987  -1.1272e+02  6.3757e+01
5222.4492  3.2088e+01  7.9655e+01
5223.6997  3.5937e+01  8.2001e+01
5224.9497  6.1914e+01  6.8976e+01
5226.2002  1.2133e+02  6.4803e+01
5227.4507  1.1841e+02  5.9332e+01
5228.7012  8.2848e+01  6.1938e+01
5229.9512  2.8970e+01  6.7053e+01
5231.2017  -3.4224e+01  7.1269e+01
5232.4521  -2.8782e+00  7.9558e+01
5233.7021  -4.0269e+00  6.0919e+01
5234.9526  5.2069e+01  7.5088e+01
5236.2031  1.1687e+02  8.7385e+01
5237.4531  1.0716e+02  7.6738e+01
5238.7036  2.2513e+02  7.7764e+01
5239.9541  1.1058e+02  8.1914e+01
5241.2041  1.3200e+02  6.5892e+01
5242.4546  9.5551e+01  7.1250e+01
5243.7051  6.3129e+01  8.6813e+01
5244.9551  -1.0098e+02  7.3506e+01
5246.2056  9.2854e+01  5.9504e+01
5247.4561  2.7440e+02  8.1116e+01
5248.7061  6.0025e+02  7.4731e+01
5249.9565  8.0021e+02  7.2069e+01
5251.2070  7.2578e+02  8.7973e+01
5252.4570  7.0581e+02  7.3256e+01
5253.7075  4.4586e+02  8.4330e+01
5254.9580  2.3413e+02  6.9896e+01
5256.2085  1.4095e+02  6.9093e+01
5257.4585  1.1544e+02  8.2418e+01
5258.7090  9.0011e+01  7.8294e+01
5259.9595  1.1840e+02  6.5654e+01
5261.2095  8.8900e+01  5.9189e+01
5262.4600  1.8237e+01  6.4658e+01
5263.7104  6.9017e+01  6.8244e+01
5264.9604  5.6720e+01  6.6270e+01
5266.2109  -5.3253e+01  5.7327e+01
5267.4614  -1.1154e+02  6.1697e+01
5268.7114  -4.5848e+01  6.4483e+01
5269.9619  -5.7204e+01  7.2929e+01
5271.2124  5.5792e+01  7.0704e+01
5272.4624  1.6401e+01  6.2732e+01
5273.7129  -1.8343e+01  7.8999e+01
5274.9634  -4.6132e+01  7.4026e+01
5276.2134  -1.2421e+02  7.8901e+01
5277.4639  2.0753e+01  8.8253e+01
5278.7144  7.3923e+01  8.2047e+01
5279.9644  2.6520e+01  6.7499e+01
5281.2148  2.3044e+00  6.7189e+01
5282.4653  1.1528e+02  6.9701e+01
5283.7158  1.1672e+02  6.2252e+01
5284.9658  1.1901e+02  7.2551e+01
5286.2163  2.5942e+01  7.2850e+01
5287.4668  7.6759e+01  6.2597e+01
5288.7168  -3.0824e+01  7.9132e+01
5289.9673  -1.1191e+02  7.4755e+01
5291.2178  -1.8532e+01  6.9394e+01
5292.4678  -1.4153e+01  7.3644e+01
5293.7183  -2.6042e+00  6.0053e+01
5294.9688  3.3172e+00  8.0813e+01
5296.2188  6.3891e+01  6.2576e+01
5297.4692  4.2140e+01  6.7206e+01
5298.7197  -8.1025e+01  8.1454e+01
5299.9697  -4.1668e+01  7.0361e+01
5301.2202  1.1354e+02  6.6114e+01
5302.4707  4.5392e+01  7.3360e+01
5303.7207  6.2171e+01  6.6192e+01
5304.9712  2.4507e+01  6.4510e+01
5306.2217  3.0902e+01  6.5250e+01
5307.4717  -3.9643e+01  6.9225e+01
5308.7222  -3.7532e+00  6.7584e+01
5309.9727  -1.4306e+00  6.3823e+01
5311.2231  5.9321e+01  6.6174e+01
5312.4731  -1.4456e+01  6.1379e+01
5313.7236  -8.0703e+01  6.2034e+01
5314.9741  -3.0986e+01  6.1441e+01
5316.2241  -6.3015e+01  6.7204e+01
5317.4746  -2.8936e+01  7.9796e+01
5318.7251  -1.7764e+01  5.9427e+01
5319.9751  -4.6339e+00  7.6061e+01
5321.2256  -4.8835e+01  7.4096e+01
5322.4761  -1.4466e+01  7.3169e+01
5323.7261  -6.8496e+01  7.0917e+01
5324.9766  -9.3108e+01  6.5590e+01
5326.2271  2.0798e+01  6.3188e+01
5327.4771  5.9696e+01  8.1167e+01
5328.7275  -4.8422e+00  6.8739e+01
5329.9780  -2.0206e+01  6.7754e+01
5331.2280  -8.4952e+01  6.8111e+01
5332.4785  -4.0642e+01  8.2752e+01
5333.7290  3.2849e+01  7.3164e+01
5334.9795  -8.4232e+00  7.3763e+01
5336.2295  -1.0885e+02  7.2204e+01
5337.4800  -5.4851e+01  7.1413e+01
