# SNR 10.5940
# Quality c
# flux_factor = 1.e-20
6576.9351  -1.0350e+02  1.0729e+02
6578.1851  -2.1945e+02  1.2805e+02
6579.4355  -2.5026e+01  1.7978e+02
6580.6860  -5.0680e+01  1.3052e+02
6581.9365  -1.5946e+01  1.0648e+02
6583.1865  2.8879e+01  1.0200e+02
6584.4370  -1.1733e+02  1.0504e+02
6585.6875  -1.9665e+01  1.0792e+02
6586.9375  -4.8072e+01  1.0546e+02
6588.1880  3.1501e+01  1.0270e+02
6589.4385  -1.1507e+02  1.0110e+02
6590.6885  -5.9928e+01  1.0170e+02
6591.9390  4.7641e+01  1.0203e+02
6593.1895  4.6651e+01  1.0330e+02
6594.4395  -2.1367e+01  1.0147e+02
6595.6899  -1.0389e+02  1.0133e+02
6596.9404  -1.1589e+02  1.0504e+02
6598.1904  -6.0972e+01  1.1720e+02
6599.4409  7.5120e+00  1.1624e+02
6600.6914  -6.3197e+01  1.0379e+02
6601.9419  1.0080e+02  1.0160e+02
6603.1919  -4.3363e+01  1.0204e+02
6604.4424  -9.8701e+01  1.0957e+02
6605.6929  -1.9210e+02  1.3096e+02
6606.9429  -1.0403e+02  1.3143e+02
6608.1934  4.1730e+01  1.0880e+02
6609.4438  -1.1712e+01  1.0019e+02
6610.6938  -7.3432e+01  1.0001e+02
6611.9443  1.2142e+02  1.0039e+02
6613.1948  5.2958e+00  1.0026e+02
6614.4448  -7.1824e+01  1.0016e+02
6615.6953  7.8109e+01  9.9931e+01
6616.9458  9.7545e-01  1.0093e+02
6618.1958  5.0722e+01  1.0092e+02
6619.4463  3.9746e+01  1.0020e+02
6620.6968  9.2952e+01  9.9934e+01
6621.9473  2.0170e+00  1.0062e+02
6623.1973  8.1247e+00  1.0051e+02
6624.4478  2.3118e+01  9.9994e+01
6625.6982  -3.2829e+00  9.9271e+01
6626.9482  5.4355e+01  1.0049e+02
6628.1987  6.9789e+01  1.0256e+02
6629.4492  6.3909e+01  1.0962e+02
6630.6992  5.5469e-01  1.0647e+02
6631.9497  -1.1576e+02  1.0180e+02
6633.2002  -1.2714e+01  1.0081e+02
6634.4502  -9.0886e+00  1.0389e+02
6635.7007  -1.4083e+01  1.1413e+02
6636.9512  3.3544e+01  1.1476e+02
6638.2012  -2.2346e+01  1.0376e+02
6639.4517  4.0215e+01  1.0036e+02
6640.7021  -3.7137e+00  1.0134e+02
6641.9526  -4.3200e+01  1.0077e+02
6643.2026  -3.3678e+01  1.0054e+02
6644.4531  9.6363e+01  9.9759e+01
6645.7036  6.8751e+01  9.9262e+01
6646.9536  4.1083e+00  9.9062e+01
6648.2041  1.4806e+02  9.8452e+01
6649.4546  1.3992e+02  9.8815e+01
6650.7046  4.9421e+01  9.9487e+01
6651.9551  -9.1073e+01  1.0056e+02
6653.2056  7.0845e+01  1.0051e+02
6654.4556  -7.8550e+01  9.9607e+01
6655.7061  -9.4829e+00  9.9672e+01
6656.9565  1.4840e+02  9.9323e+01
6658.2070  -5.4931e+01  9.9268e+01
6659.4570  1.8650e+01  9.9729e+01
6660.7075  -3.5941e+01  9.9167e+01
6661.9580  8.7804e+01  9.9343e+01
6663.2080  6.9848e+01  1.0234e+02
6664.4585  -4.0553e+01  1.0186e+02
6665.7090  1.8217e+02  1.0115e+02
6666.9590  5.6671e+01  9.9193e+01
6668.2095  2.5987e+01  1.0117e+02
6669.4600  1.4883e+02  1.0623e+02
6670.7100  -1.0952e+02  1.0367e+02
6671.9604  -2.5050e+01  9.8834e+01
6673.2109  -6.8890e+01  9.8045e+01
6674.4609  6.8643e+01  9.8435e+01
6675.7114  5.7557e+01  9.8922e+01
6676.9619  -4.9753e+01  9.8130e+01
6678.2124  -9.1239e+01  9.8259e+01
6679.4624  -8.5805e+01  9.8071e+01
6680.7129  -1.1302e+02  9.7732e+01
6681.9634  1.3096e+02  9.8087e+01
6683.2134  8.0636e+01  9.8088e+01
6684.4639  3.2193e+02  9.6909e+01
6685.7144  4.1020e+02  9.8379e+01
6686.9644  5.0983e+02  9.8705e+01
6688.2148  5.7423e+02  9.8804e+01
6689.4653  2.5453e+02  9.9363e+01
6690.7153  1.5026e+02  9.8549e+01
6691.9658  1.7807e+01  9.7483e+01
6693.2163  4.4500e+01  9.7720e+01
6694.4663  7.1945e+01  9.7184e+01
6695.7168  2.9419e+00  9.7057e+01
6696.9673  2.0531e+01  9.6626e+01
6698.2178  -5.3911e+01  9.7330e+01
6699.4678  4.7935e+01  1.0014e+02
6700.7183  -2.2780e+01  1.0358e+02
6701.9688  -1.1580e+02  1.0399e+02
6703.2188  -1.1067e+02  9.9974e+01
6704.4692  6.7239e+01  9.8805e+01
6705.7197  -4.1984e+01  1.0107e+02
6706.9697  1.5419e+01  1.0107e+02
6708.2202  5.2994e+01  9.9541e+01
6709.4707  1.9709e+01  9.8471e+01
6710.7207  2.8821e+01  9.8581e+01
6711.9712  1.0573e+02  9.8085e+01
6713.2217  6.6131e+01  9.8160e+01
6714.4722  -1.3800e+02  9.7033e+01
6715.7222  -7.1727e+01  9.7965e+01
6716.9727  2.2401e+01  9.9071e+01
6718.2231  -1.6691e+01  1.0199e+02
6719.4731  8.2813e+01  1.0292e+02
6720.7236  3.7310e+01  9.8123e+01
6721.9741  4.4985e+01  9.6445e+01
6723.2241  -3.0978e+01  9.5915e+01
6724.4746  -1.0827e+01  9.6862e+01
6725.7251  -1.9807e+00  9.7304e+01
6726.9751  -1.0197e+01  9.6634e+01
6728.2256  2.3947e+00  9.5842e+01
6729.4761  5.0843e+00  9.5704e+01
6730.7261  2.4980e+01  9.7427e+01
6731.9766  -1.2873e+02  9.8363e+01
6733.2271  2.0486e+02  1.0135e+02
6734.4775  6.9492e+01  9.9101e+01
6735.7275  -8.0695e+01  9.6539e+01
6736.9780  9.2346e+00  9.6646e+01
6738.2285  1.3622e+02  9.5814e+01
6739.4785  1.5619e+02  9.4969e+01
6740.7290  -9.0594e+00  9.6523e+01
6741.9795  5.4049e+01  9.8644e+01
6743.2295  -6.3595e+01  9.8496e+01
6744.4800  -5.0484e+01  9.8068e+01
6745.7305  6.2224e+00  9.9345e+01
6746.9805  1.8850e+01  9.9714e+01
6748.2310  -7.6753e+00  9.8375e+01
6749.4814  -5.5983e+01  9.5966e+01
6750.7314  -6.1081e+01  9.5826e+01
6751.9819  -9.3753e+01  9.6224e+01
6753.2324  4.9066e+01  9.5493e+01
6754.4829  -1.5947e+01  9.4164e+01
6755.7329  7.6344e+00  9.5165e+01
6756.9834  2.7898e+01  9.5367e+01
6758.2339  -1.1821e+02  9.5291e+01
6759.4839  3.0740e+01  9.5103e+01
6760.7344  2.5448e+00  9.4949e+01
6761.9849  -5.4762e+01  9.4787e+01
6763.2349  -7.8549e+01  9.5351e+01
6764.4854  1.6642e+01  9.4949e+01
6765.7358  1.2527e+02  9.4805e+01
6766.9858  6.4453e+01  9.4285e+01
6768.2363  -2.3315e+01  9.3691e+01
6769.4868  -3.3576e+01  9.4635e+01
6770.7368  -2.9222e+01  9.4449e+01
6771.9873  1.3382e+01  9.3828e+01
6773.2378  7.5862e+01  9.3312e+01
6774.4883  1.2322e+01  9.3630e+01
6775.7383  3.6966e+01  9.3687e+01
6776.9888  -3.7332e+01  9.4465e+01
6778.2393  8.1351e+01  9.4835e+01
6779.4893  -1.0231e+01  9.4501e+01
6780.7397  9.7971e+01  9.3502e+01
6781.9902  -2.1149e+01  9.2590e+01
6783.2402  9.4598e-01  9.2973e+01
6784.4907  -1.2933e+02  9.3475e+01
6785.7412  1.5725e+01  9.5163e+01
6786.9912  -4.5123e+01  9.5529e+01
6788.2417  -3.1810e+01  9.4335e+01
6789.4922  6.2568e+01  9.5398e+01
6790.7427  -1.7844e+01  9.5870e+01
6791.9927  3.5829e+01  9.4164e+01
6793.2432  -5.8457e+01  9.3143e+01
6794.4937  1.1016e+02  9.2238e+01
6795.7437  2.4894e+01  9.2717e+01
6796.9941  1.7815e+01  9.2578e+01
6798.2446  -1.5168e+01  9.3338e+01
