# SNR 8.0602
# Quality c
# flux_factor = 1.e-20
4863.5845  9.7602e+01  8.5809e+01
4864.8345  1.2662e+02  8.0228e+01
4866.0850  1.3107e+02  1.0252e+02
4867.3354  6.7802e+01  8.6159e+01
4868.5854  7.2792e+01  9.3650e+01
4869.8359  1.8562e+02  8.7825e+01
4871.0864  2.2843e+02  1.0893e+02
4872.3364  2.3915e+02  1.1688e+02
4873.5869  1.1988e+02  8.4334e+01
4874.8374  4.1760e+01  9.5897e+01
4876.0879  2.3869e+01  1.0283e+02
4877.3379  -4.8983e+01  8.2067e+01
4878.5884  -7.6829e+01  8.2673e+01
4879.8389  -9.8561e+01  9.3934e+01
4881.0889  1.3971e+02  8.6766e+01
4882.3394  2.0589e+02  1.1101e+02
4883.5898  -7.1726e+00  9.5776e+01
4884.8398  1.7586e+02  9.0580e+01
4886.0903  5.7977e+01  8.5465e+01
4887.3408  4.1675e+01  9.3800e+01
4888.5908  6.1084e+01  7.3923e+01
4889.8413  -7.4099e+01  9.0245e+01
4891.0918  7.7056e+01  8.2104e+01
4892.3418  1.6097e+02  1.0487e+02
4893.5923  1.3745e+02  7.3948e+01
4894.8428  1.9966e-01  8.5961e+01
4896.0928  -7.0078e+01  8.4435e+01
4897.3433  -1.2151e+02  8.1126e+01
4898.5938  4.4211e+01  9.6818e+01
4899.8438  3.7669e+01  7.4445e+01
4901.0942  1.2332e+02  9.0115e+01
4902.3447  1.2701e+02  8.6627e+01
4903.5947  1.6085e+02  7.7114e+01
4904.8452  9.1707e+01  9.6184e+01
4906.0957  -1.2821e+02  8.2228e+01
4907.3457  -4.4933e+01  7.5398e+01
4908.5962  -3.0635e+01  7.3792e+01
4909.8467  -5.0770e+00  9.0276e+01
4911.0972  -3.9058e+01  7.6150e+01
4912.3472  6.9250e+01  8.3936e+01
4913.5977  2.3738e+02  8.7457e+01
4914.8481  2.6912e+02  1.0024e+02
4916.0981  2.8002e+01  7.5187e+01
4917.3486  1.2061e+02  1.0174e+02
4918.5991  1.0693e+02  8.8567e+01
4919.8491  9.0817e+01  7.2538e+01
4921.0996  -4.1128e+01  8.3403e+01
4922.3501  7.5736e+01  8.6452e+01
4923.6001  -1.9874e+01  1.0275e+02
4924.8506  -2.7193e+01  8.9093e+01
4926.1011  -6.2413e+01  1.1247e+02
4927.3511  1.5662e+01  8.1671e+01
4928.6016  -2.3348e+01  9.3243e+01
4929.8521  4.3257e+01  8.5575e+01
4931.1021  7.1620e+01  8.2035e+01
4932.3525  2.3165e+02  7.6206e+01
4933.6030  2.5308e+02  8.4780e+01
4934.8530  2.2895e+02  1.0425e+02
4936.1035  2.0065e+02  1.0264e+02
4937.3540  1.6016e+02  8.1036e+01
4938.6040  7.7907e+01  8.4302e+01
4939.8545  2.1082e+02  7.7647e+01
4941.1050  2.6591e+02  8.4737e+01
4942.3555  3.3889e+02  7.5916e+01
4943.6055  5.0259e+02  8.6231e+01
4944.8560  5.3274e+02  9.0754e+01
4946.1064  5.1644e+02  8.3087e+01
4947.3564  3.1803e+02  8.9010e+01
4948.6069  1.0121e+02  9.3429e+01
4949.8574  2.3639e+02  8.6367e+01
4951.1074  1.4110e+01  7.7167e+01
4952.3579  2.1754e+02  7.8403e+01
4953.6084  1.8274e+02  9.6107e+01
4954.8584  2.3448e+02  8.7474e+01
4956.1089  1.1723e+02  8.2612e+01
4957.3594  4.9286e+01  7.8832e+01
4958.6094  1.2801e+02  7.4535e+01
4959.8599  1.2820e+02  6.8815e+01
4961.1104  1.4143e+02  7.6765e+01
4962.3604  2.1541e+02  8.8889e+01
4963.6108  2.0987e+02  7.1746e+01
4964.8613  9.1255e+01  7.6611e+01
4966.1113  2.3297e+02  8.1159e+01
4967.3618  1.9543e+02  8.2637e+01
4968.6123  8.3172e+01  7.3162e+01
4969.8623  8.1814e+01  1.0933e+02
4971.1128  1.9266e+01  7.0515e+01
4972.3633  1.1692e+02  7.3892e+01
4973.6138  1.7457e+02  8.4388e+01
4974.8638  3.2852e+01  8.0095e+01
4976.1143  2.1053e+02  7.0646e+01
4977.3647  1.2975e+02  6.9900e+01
4978.6147  1.1467e+02  8.2239e+01
4979.8652  1.2379e+02  7.5108e+01
4981.1157  1.8885e+02  7.0116e+01
4982.3657  1.2448e+02  8.8511e+01
4983.6162  1.8577e+02  7.7016e+01
4984.8667  5.4307e+01  8.6350e+01
4986.1167  3.7072e+01  8.0153e+01
4987.3672  8.9520e+01  7.6855e+01
4988.6177  1.4483e+02  7.4593e+01
4989.8677  1.3444e+02  8.6978e+01
4991.1182  1.7351e+02  7.7587e+01
4992.3687  2.1624e+02  9.9210e+01
4993.6187  1.6636e+02  9.0594e+01
4994.8691  2.3036e+02  8.2214e+01
4996.1196  2.4756e+02  8.1347e+01
4997.3696  2.1336e+01  8.7257e+01
4998.6201  2.5483e+02  7.3259e+01
4999.8706  1.5457e+02  9.3663e+01
5001.1211  2.2598e+02  7.4239e+01
5002.3711  1.5437e+02  1.0145e+02
5003.6216  1.4167e+02  9.0895e+01
5004.8721  1.7238e+02  6.9493e+01
5006.1221  1.8712e+02  8.6828e+01
5007.3726  1.7766e+02  8.2967e+01
5008.6230  1.3340e+02  8.4463e+01
5009.8730  1.7969e+02  8.5615e+01
5011.1235  2.5847e+02  7.0906e+01
5012.3740  -2.1544e+01  8.7941e+01
5013.6240  9.2158e+01  6.9473e+01
5014.8745  8.0388e+01  8.5587e+01
5016.1250  1.0286e+02  6.6506e+01
5017.3750  8.2994e+01  6.8505e+01
5018.6255  7.8242e+01  7.5035e+01
5019.8760  1.8736e+02  8.9298e+01
5021.1260  1.3660e+02  7.7229e+01
5022.3765  2.7654e+02  7.5021e+01
5023.6270  9.9156e+01  8.7724e+01
5024.8770  1.2002e+02  7.7280e+01
5026.1274  2.0375e+02  8.0771e+01
5027.3779  2.8301e+02  8.1257e+01
