# SNR 18.6587
# Quality c
# flux_factor = 1.e-20
6011.3906  5.7900e+01  4.3720e+01
6012.6411  2.3680e+01  5.1100e+01
6013.8911  1.2270e-01  4.7238e+01
6015.1416  8.4492e+01  4.0421e+01
6016.3921  -8.2317e-01  5.2583e+01
6017.6421  -1.2986e+01  5.1235e+01
6018.8926  2.2269e+01  4.7030e+01
6020.1431  9.9833e+01  5.1596e+01
6021.3931  8.1698e+01  4.2817e+01
6022.6436  5.7491e+01  4.5088e+01
6023.8940  1.4642e+01  4.0981e+01
6025.1440  1.2452e+01  5.4333e+01
6026.3945  1.6671e+02  4.7976e+01
6027.6450  8.3515e+01  4.9059e+01
6028.8950  4.2411e+01  4.3075e+01
6030.1455  5.2188e+01  4.6294e+01
6031.3960  6.9182e+01  4.1191e+01
6032.6465  -3.3165e+01  5.3026e+01
6033.8965  6.5122e+01  5.2972e+01
6035.1470  -5.5885e+00  5.8018e+01
6036.3975  -1.4466e+01  5.6055e+01
6037.6475  -6.0110e+01  4.7208e+01
6038.8979  8.0443e+01  4.7268e+01
6040.1484  4.7268e+01  6.0854e+01
6041.3984  3.5882e+01  4.5396e+01
6042.6489  1.8418e+01  4.9212e+01
6043.8994  2.4317e+01  5.8237e+01
6045.1494  7.7328e+01  4.4346e+01
6046.3999  -7.4110e+01  4.9310e+01
6047.6504  3.7877e+01  4.1553e+01
6048.9004  9.4111e+01  4.8014e+01
6050.1509  1.8564e+01  5.4204e+01
6051.4014  -1.0555e+01  5.6654e+01
6052.6519  1.1218e+02  4.4097e+01
6053.9019  1.5745e+02  4.5085e+01
6055.1523  6.9160e+01  4.6830e+01
6056.4028  -3.6318e+01  5.5315e+01
6057.6528  6.5480e+01  5.7950e+01
6058.9033  4.6975e+01  4.5080e+01
6060.1538  5.2419e+01  4.4220e+01
6061.4038  -1.6423e+01  4.5519e+01
6062.6543  -5.3802e+01  5.3830e+01
6063.9048  -2.8246e+01  4.5256e+01
6065.1548  1.8576e+01  5.1354e+01
6066.4053  2.9689e+01  5.2875e+01
6067.6558  5.3712e+01  4.6477e+01
6068.9058  1.0721e+01  4.5619e+01
6070.1562  2.4673e+01  4.7667e+01
6071.4067  1.0270e+02  4.5073e+01
6072.6572  2.2670e+01  5.8130e+01
6073.9072  7.3053e+00  5.8842e+01
6075.1577  -6.2629e+01  5.8286e+01
6076.4082  -6.6644e+00  4.2770e+01
6077.6582  1.2017e+02  4.2617e+01
6078.9087  4.3876e+01  4.2338e+01
6080.1592  5.2445e+01  4.8141e+01
6081.4092  2.3469e+01  4.8133e+01
6082.6597  -1.2342e+01  5.0602e+01
6083.9102  -1.9782e+01  5.0573e+01
6085.1602  1.4047e+02  4.1618e+01
6086.4106  7.5176e+01  4.1671e+01
6087.6611  1.8681e+00  4.7964e+01
6088.9111  1.5587e+02  4.2745e+01
6090.1616  2.6505e+01  5.0770e+01
6091.4121  4.1688e+01  4.5665e+01
6092.6626  5.0221e+01  4.6357e+01
6093.9126  8.8975e+01  4.1638e+01
6095.1631  2.9482e+01  4.0998e+01
6096.4136  1.0272e+02  4.1401e+01
6097.6636  8.8047e+01  5.2733e+01
6098.9141  1.3171e+01  4.1689e+01
6100.1646  -4.2709e+01  4.7560e+01
6101.4146  4.1329e+00  4.6639e+01
6102.6650  9.5678e+01  4.7591e+01
6103.9155  5.7114e+01  4.2520e+01
6105.1655  6.8557e+00  4.2205e+01
6106.4160  8.2854e+00  5.3957e+01
6107.6665  6.7222e+01  4.7384e+01
6108.9165  1.6772e-01  4.3180e+01
6110.1670  1.9768e+02  4.1103e+01
6111.4175  5.0078e+02  4.1346e+01
6112.6675  6.0140e+02  4.3581e+01
6113.9180  4.8319e+02  4.0688e+01
6115.1685  3.1564e+02  4.0792e+01
6116.4189  2.3377e+02  4.6915e+01
6117.6689  1.3183e+02  4.0661e+01
6118.9194  1.6724e+02  4.9863e+01
6120.1699  1.7170e+02  4.8454e+01
6121.4199  1.6062e+02  4.6425e+01
6122.6704  4.7373e+01  4.6197e+01
6123.9209  5.0988e+01  4.2338e+01
6125.1709  9.8122e+01  4.4867e+01
6126.4214  9.5579e+01  4.2977e+01
6127.6719  1.0311e+02  4.7146e+01
6128.9219  1.7366e+01  5.1748e+01
6130.1724  7.0322e+01  5.6818e+01
6131.4229  1.2051e+02  4.0245e+01
6132.6729  8.4209e+01  5.1089e+01
6133.9233  4.0452e+01  5.0218e+01
6135.1738  8.5854e+01  4.3112e+01
6136.4243  8.4130e+01  4.1181e+01
6137.6743  1.7466e+01  4.8153e+01
6138.9248  1.1229e+01  4.3526e+01
6140.1753  2.5302e+00  4.5232e+01
6141.4253  6.3127e+01  5.1451e+01
6142.6758  -3.1375e+01  4.4996e+01
6143.9263  3.0445e-01  4.3784e+01
6145.1763  2.6979e+01  5.4666e+01
6146.4268  -5.8016e+01  4.6246e+01
6147.6772  -4.2666e+01  4.8681e+01
6148.9272  3.6608e+01  4.9096e+01
6150.1777  5.1090e+00  4.4118e+01
6151.4282  -4.0432e+01  4.8236e+01
6152.6782  3.5748e+01  4.5245e+01
6153.9287  5.1486e+01  5.4967e+01
6155.1792  5.1541e+01  5.3197e+01
6156.4297  4.9861e+01  4.3261e+01
6157.6797  1.4806e+02  4.6372e+01
6158.9302  4.6463e+01  6.2670e+01
6160.1807  5.1552e+01  4.3405e+01
6161.4307  -7.2525e-01  4.6831e+01
6162.6812  6.7090e+01  4.7605e+01
6163.9316  5.9165e+01  4.4030e+01
6165.1816  1.0009e+02  3.8297e+01
6166.4321  -3.5228e+01  4.8010e+01
6167.6826  2.9391e+00  3.9179e+01
6168.9326  1.0437e+02  4.3669e+01
6170.1831  5.2734e+01  5.3297e+01
6171.4336  2.7814e+01  5.6028e+01
6172.6836  1.3105e+02  6.0895e+01
6173.9341  7.7575e+01  5.4330e+01
6175.1846  -1.0183e+01  4.3144e+01
6176.4351  7.3956e+00  5.0190e+01
6177.6851  6.1177e+01  4.7496e+01
6178.9355  3.1426e+01  4.4876e+01
6180.1860  6.8553e+01  4.0395e+01
6181.4360  3.5815e+01  4.4098e+01
6182.6865  6.7518e+01  4.1203e+01
6183.9370  7.7309e+01  3.9565e+01
6185.1870  7.1345e+01  4.9501e+01
6186.4375  1.3757e+02  5.2456e+01
6187.6880  2.8748e+01  4.5101e+01
6188.9380  3.7857e+01  4.3162e+01
6190.1885  9.9936e+00  4.0898e+01
6191.4390  2.0973e+01  4.4461e+01
6192.6890  3.8016e+01  4.8025e+01
6193.9395  3.2840e+01  5.3147e+01
6195.1899  9.7167e+01  4.2063e+01
6196.4404  9.6899e+01  4.7416e+01
6197.6904  -2.4690e-01  5.0976e+01
6198.9409  -1.3884e+01  5.2390e+01
6200.1914  5.9937e+01  4.2521e+01
6201.4414  1.2746e+02  3.9528e+01
6202.6919  1.0012e+00  4.9770e+01
6203.9424  -1.2206e+01  5.8451e+01
6205.1924  9.7249e-01  4.6148e+01
6206.4429  2.5330e+01  3.8478e+01
6207.6934  -4.5055e+01  4.2249e+01
6208.9434  -2.8589e+01  4.2215e+01
6210.1938  2.0406e+01  4.3574e+01
6211.4443  4.7475e+00  4.6542e+01
6212.6943  5.7942e+01  5.6464e+01
6213.9448  3.9618e-02  4.7825e+01
