# SNR 10.6436
# Quality c
# flux_factor = 1.e-20
6496.9136  1.4729e+01  7.8614e+01
6498.1636  4.6415e+01  8.0973e+01
6499.4141  -5.2599e+00  1.1929e+02
6500.6646  -1.2538e+01  1.5452e+02
6501.9146  3.2812e+01  1.3289e+02
6503.1650  -9.1857e+01  8.1557e+01
6504.4155  3.0877e+01  8.0820e+01
6505.6660  3.8490e+01  8.5200e+01
6506.9160  -5.6781e+01  1.0705e+02
6508.1665  -8.8820e+00  8.8069e+01
6509.4170  4.4875e+01  7.9736e+01
6510.6670  1.1737e+01  7.8113e+01
6511.9175  6.7036e+01  7.7633e+01
6513.1680  -8.3261e+01  7.7593e+01
6514.4180  -1.6467e+01  7.9569e+01
6515.6685  -2.2808e+00  8.2628e+01
6516.9189  2.5695e+01  8.2280e+01
6518.1689  4.7317e+01  7.7783e+01
6519.4194  3.6199e+01  7.5928e+01
6520.6699  4.7921e+00  7.6410e+01
6521.9199  -4.1197e+01  7.7987e+01
6523.1704  6.7156e+00  8.4445e+01
6524.4209  1.6910e+02  9.3002e+01
6525.6714  -3.2256e+01  8.7940e+01
6526.9214  -5.1695e+01  7.9286e+01
6528.1719  -7.3580e+01  7.9508e+01
6529.4224  -4.3118e+01  7.8082e+01
6530.6724  3.0949e+01  7.7021e+01
6531.9229  6.3160e+01  7.7518e+01
6533.1733  8.9646e+01  8.1781e+01
6534.4233  8.1532e+01  1.3063e+02
6535.6738  -4.9567e+01  1.3712e+02
6536.9243  3.5669e+01  9.7774e+01
6538.1743  -6.8248e+01  7.7505e+01
6539.4248  -7.1085e+01  7.6822e+01
6540.6753  -9.4923e+01  7.7435e+01
6541.9253  -1.3532e+01  7.9250e+01
6543.1758  4.5986e+01  8.0266e+01
6544.4263  5.6346e+01  8.3650e+01
6545.6768  8.9606e+00  9.4501e+01
6546.9268  -2.9900e+00  9.3873e+01
6548.1772  6.3208e+01  8.0965e+01
6549.4277  7.6713e+01  7.8026e+01
6550.6777  -1.5332e+01  7.7994e+01
6551.9282  -4.9626e+01  7.7161e+01
6553.1787  1.2851e+02  7.9493e+01
6554.4287  1.6150e+01  1.1567e+02
6555.6792  5.1353e+01  1.4701e+02
6556.9297  3.5267e+01  1.2247e+02
6558.1797  -4.8543e+01  7.8326e+01
6559.4302  -2.8597e+00  7.4777e+01
6560.6807  8.9365e+01  7.5748e+01
6561.9312  6.5314e+01  7.5875e+01
6563.1812  -4.0170e+01  8.4165e+01
6564.4316  -1.0124e+01  1.3650e+02
6565.6821  -8.8413e+01  1.3149e+02
6566.9321  -5.7021e+01  8.2103e+01
6568.1826  -1.5057e+01  7.5469e+01
6569.4331  8.8661e+01  8.1641e+01
6570.6831  -2.8299e+01  9.1093e+01
6571.9336  5.3746e+01  8.7691e+01
6573.1841  -1.2068e+02  7.9659e+01
6574.4341  -4.6374e+01  7.8062e+01
6575.6846  -9.7572e+01  7.7838e+01
6576.9351  -5.1134e+01  7.8609e+01
6578.1851  1.2990e+02  1.0769e+02
6579.4355  7.7756e+01  1.3156e+02
6580.6860  -5.4126e+00  1.1070e+02
6581.9365  -5.9375e+01  7.7994e+01
6583.1865  2.3677e+01  7.5665e+01
6584.4370  -3.4289e+01  7.7964e+01
6585.6875  -5.9415e+01  8.0368e+01
6586.9375  -8.1313e+01  7.8653e+01
6588.1880  6.9643e+01  7.5807e+01
6589.4385  4.1088e+01  7.5531e+01
6590.6885  7.0992e+01  7.4601e+01
6591.9390  -4.3329e+01  7.5551e+01
6593.1895  7.1966e+00  7.7482e+01
6594.4395  -2.9485e+01  7.5359e+01
6595.6899  3.4201e+01  7.5155e+01
6596.9404  -9.3945e+00  7.7543e+01
6598.1904  -6.4503e+01  8.5602e+01
6599.4409  8.3189e+01  8.4077e+01
6600.6914  8.2620e+01  7.7755e+01
6601.9419  3.2048e+01  7.5340e+01
6603.1919  1.3948e+02  7.5095e+01
6604.4424  3.3981e+02  8.0646e+01
6605.6929  6.4375e+02  9.3927e+01
6606.9429  3.4063e+02  9.3134e+01
6608.1934  3.5209e+02  7.9407e+01
6609.4438  1.8071e+02  7.4083e+01
6610.6938  7.1623e+01  7.4651e+01
6611.9443  3.6350e+01  7.5422e+01
6613.1948  1.7566e+01  7.5065e+01
6614.4448  -3.1783e+01  7.4368e+01
6615.6953  7.4898e+01  7.4143e+01
6616.9458  -2.0373e+01  7.4323e+01
6618.1958  -7.4896e+01  7.5099e+01
6619.4463  -7.0499e+01  7.4590e+01
6620.6968  3.4549e+01  7.4894e+01
6621.9473  -2.0441e+01  7.4878e+01
6623.1973  -6.3017e+01  7.4502e+01
6624.4478  2.8043e+01  7.4197e+01
6625.6982  3.2958e+01  7.3889e+01
6626.9482  -6.1741e+01  7.4305e+01
6628.1987  8.3478e+01  7.5972e+01
6629.4492  3.1236e+01  8.0195e+01
6630.6992  -3.9769e+01  7.8023e+01
6631.9497  -2.9155e+01  7.5362e+01
6633.2002  -3.6760e+00  7.4679e+01
6634.4502  -3.3233e+00  7.6151e+01
6635.7007  -4.6167e+01  8.2586e+01
6636.9512  -2.1125e+02  8.2830e+01
6638.2012  -5.3806e+01  7.6152e+01
6639.4517  5.9091e+01  7.5789e+01
6640.7021  3.8491e+01  7.4994e+01
6641.9526  5.8212e+01  7.4891e+01
6643.2026  -1.3588e+01  7.4105e+01
6644.4531  1.1581e+01  7.3822e+01
6645.7036  6.8769e+00  7.3450e+01
6646.9536  -1.4321e+00  7.3134e+01
6648.2041  1.9764e+01  7.3724e+01
6649.4546  4.4861e+01  7.3296e+01
6650.7046  -7.1014e+01  7.3904e+01
6651.9551  2.6300e+01  7.3986e+01
6653.2056  -4.3656e+01  7.4544e+01
6654.4556  1.9784e+01  7.4203e+01
6655.7061  6.4205e+01  7.3393e+01
6656.9565  6.0851e+01  7.3655e+01
6658.2070  -3.8808e+01  7.4326e+01
6659.4570  1.7567e+01  7.4385e+01
6660.7075  -4.4770e+00  7.3910e+01
6661.9580  -8.4486e+01  7.4243e+01
6663.2080  2.5217e+01  7.5697e+01
6664.4585  3.0988e+01  7.5991e+01
6665.7090  -1.0044e+01  7.4129e+01
6666.9590  4.7585e+01  7.3673e+01
6668.2095  9.3864e+00  7.5473e+01
6669.4600  -3.2086e+01  7.8595e+01
6670.7100  2.5175e+01  7.7133e+01
6671.9604  -1.1699e+02  7.3523e+01
6673.2109  1.1296e+01  7.2919e+01
6674.4609  8.0086e+01  7.3078e+01
6675.7114  3.2734e+01  7.2813e+01
6676.9619  -5.9897e+01  7.2370e+01
6678.2124  -2.8075e+01  7.2623e+01
6679.4624  -7.4944e+01  7.2507e+01
6680.7129  1.0630e+01  7.2460e+01
6681.9634  -2.1134e+01  7.3079e+01
6683.2134  -5.7319e+01  7.2494e+01
6684.4639  -1.6375e+01  7.2897e+01
6685.7144  5.7723e+01  7.3015e+01
6686.9644  4.5779e+01  7.3136e+01
6688.2148  2.4786e+01  7.2699e+01
6689.4653  -4.7439e+01  7.2908e+01
6690.7153  -6.7918e+01  7.2241e+01
6691.9658  -9.0560e+01  7.2995e+01
6693.2163  -9.8334e+01  7.2272e+01
6694.4663  -8.4479e+01  7.2482e+01
6695.7168  -1.3066e+02  7.2596e+01
6696.9673  3.2791e+00  7.2095e+01
6698.2178  -8.8405e+00  7.1819e+01
6699.4678  -3.8544e+01  7.3406e+01
6700.7183  -3.4259e+01  7.6334e+01
6701.9688  -9.9295e+00  7.6467e+01
6703.2188  -2.5658e+01  7.4487e+01
6704.4692  -1.1521e+02  7.3446e+01
6705.7197  2.0610e-01  7.4374e+01
6706.9697  -1.6595e+01  7.4750e+01
6708.2202  1.3655e+02  7.3765e+01
6709.4707  1.7397e+01  7.3645e+01
6710.7207  -7.8682e+01  7.3255e+01
6711.9712  -5.6620e+01  7.3394e+01
6713.2217  8.4446e+01  7.2408e+01
6714.4722  1.6408e+02  7.2238e+01
6715.7222  1.1538e+01  7.2847e+01
