# SNR 10.5362
# Quality c
# flux_factor = 1.e-20
5780.1001  -6.5924e+00  1.3337e+02
5781.3506  6.2326e+01  1.3135e+02
5782.6006  -3.3504e+01  1.3111e+02
5783.8511  -3.0339e+01  1.3075e+02
5785.1016  -9.3347e+01  1.3098e+02
5786.3516  1.3873e+02  1.3153e+02
5787.6021  1.9443e+02  1.3102e+02
5788.8525  6.2128e+01  1.3275e+02
5790.1030  -3.8209e+01  1.3346e+02
5791.3530  1.8595e+01  1.3327e+02
5792.6035  1.0732e+02  1.3297e+02
5793.8540  1.1315e+02  1.3224e+02
5795.1040  1.2840e+02  1.3146e+02
5796.3545  -8.2024e+01  1.3251e+02
5797.6050  -5.8288e+01  1.3323e+02
5798.8550  3.8487e+01  1.3293e+02
5800.1055  -4.2384e+00  1.3198e+02
5801.3560  6.6030e+01  1.3305e+02
5802.6060  2.6146e+02  1.3384e+02
5803.8564  -3.9254e+00  1.3322e+02
5805.1069  -1.0154e+00  1.3211e+02
5806.3569  -4.7032e+01  1.3152e+02
5807.6074  2.0761e+02  1.3208e+02
5808.8579  -3.0295e+01  1.3256e+02
5810.1079  -4.7823e+01  1.3319e+02
5811.3584  3.8830e+01  1.3282e+02
5812.6089  1.5883e+02  1.3294e+02
5813.8594  2.0310e+01  1.3263e+02
5815.1094  1.4053e+02  1.3263e+02
5816.3599  -4.3581e+01  1.3139e+02
5817.6104  -5.4238e+01  1.3203e+02
5818.8604  1.1750e+02  1.3163e+02
5820.1108  1.0529e+02  1.3332e+02
5821.3613  -2.6158e+01  1.3283e+02
5822.6113  2.5156e+02  1.3193e+02
5823.8618  1.0972e+02  1.3231e+02
5825.1123  9.8536e+01  1.3214e+02
5826.3623  -8.0091e+01  1.3286e+02
5827.6128  -8.3865e+01  1.3189e+02
5828.8633  5.1575e+01  1.3084e+02
5830.1133  1.7483e+02  1.3173e+02
5831.3638  2.6628e+02  1.3181e+02
5832.6143  -4.4729e+01  1.3162e+02
5833.8647  6.9209e+01  1.3130e+02
5835.1147  5.4323e+01  1.3148e+02
5836.3652  1.1509e+02  1.3134e+02
5837.6157  2.1954e+01  1.3129e+02
5838.8657  6.8862e+01  1.3138e+02
5840.1162  5.3285e+01  1.3141e+02
5841.3667  2.3317e+02  1.3028e+02
5842.6167  1.4096e+02  1.3148e+02
5843.8672  7.6639e+01  1.3066e+02
5845.1177  -1.6954e+02  1.3068e+02
5846.3677  -5.6909e+01  1.3107e+02
5847.6182  -7.3836e+01  1.2980e+02
5848.8687  3.3277e+00  1.2911e+02
5850.1187  1.2203e+02  1.3016e+02
5851.3691  -1.2156e+02  1.3097e+02
5852.6196  -1.5153e+02  1.3033e+02
5853.8696  -3.7816e+01  1.3015e+02
5855.1201  -2.1532e+01  1.2918e+02
5856.3706  -8.6578e+01  1.2897e+02
5857.6211  -6.8500e+01  1.2802e+02
5858.8711  1.8068e+02  1.2825e+02
5860.1216  3.0320e+01  1.2830e+02
5861.3721  4.3523e+01  1.2881e+02
5862.6221  -7.7651e+01  1.2895e+02
5863.8726  -9.1069e+01  1.3096e+02
5865.1230  1.1856e+02  1.3962e+02
5866.3730  -1.4535e+01  1.5490e+02
5867.6235  -1.5228e+02  1.6300e+02
5868.8740  5.8419e+01  1.5926e+02
5870.1240  -6.9869e+01  1.4948e+02
5871.3745  -1.3555e+02  1.3749e+02
5872.6250  -7.3190e+01  1.3611e+02
5873.8750  -1.9109e+01  1.3677e+02
5875.1255  -1.1626e+01  1.3633e+02
5876.3760  4.1140e+02  1.3442e+02
5877.6260  6.9077e+02  1.3231e+02
5878.8765  6.9156e+02  1.3078e+02
5880.1270  5.3851e+02  1.3077e+02
5881.3774  3.0925e+02  1.3167e+02
5882.6274  3.1631e+02  1.3076e+02
5883.8779  3.3568e+02  1.3143e+02
5885.1284  3.2123e+02  1.3185e+02
5886.3784  2.2923e+02  1.3350e+02
5887.6289  8.7264e+01  1.4377e+02
5888.8794  -1.0610e+02  2.0724e+02
5890.1294  -1.9542e+01  2.7833e+02
5891.3799  7.0266e+01  2.8098e+02
5892.6304  -1.5172e+01  1.9487e+02
5893.8804  6.6048e+01  1.3891e+02
5895.1309  1.3869e+02  1.7689e+02
5896.3813  -4.6205e+01  2.3134e+02
5897.6313  8.2856e+01  2.2063e+02
5898.8818  4.6494e+01  1.4490e+02
5900.1323  6.6943e+01  1.3135e+02
5901.3828  6.1860e+00  1.3041e+02
5902.6328  8.8464e+01  1.3017e+02
5903.8833  8.6575e+01  1.3403e+02
5905.1338  3.8467e+01  1.3473e+02
5906.3838  -8.2610e+00  1.3754e+02
5907.6343  7.2875e+01  1.4196e+02
5908.8848  -2.7956e+01  1.3718e+02
5910.1348  -1.3315e+02  1.3116e+02
5911.3853  -1.2314e+02  1.3021e+02
5912.6357  -1.0032e+02  1.3124e+02
5913.8857  -7.8597e+01  1.3369e+02
5915.1362  -1.4649e+02  1.5282e+02
5916.3867  -5.5556e+01  1.6745e+02
5917.6367  -1.5655e+01  1.5164e+02
5918.8872  -6.1603e+01  1.3134e+02
5920.1377  7.2425e+01  1.2968e+02
5921.3882  -6.4334e+01  1.2958e+02
5922.6382  1.0708e+02  1.2959e+02
5923.8887  -3.3357e+00  1.3320e+02
5925.1392  -5.4165e+01  1.4352e+02
5926.3892  1.7967e+02  1.4357e+02
5927.6396  -2.1659e+01  1.3237e+02
5928.8901  1.5119e+01  1.2988e+02
5930.1401  1.2307e+02  1.2955e+02
5931.3906  3.9784e+01  1.3121e+02
5932.6411  5.7074e+01  1.5321e+02
5933.8911  -1.5928e+02  1.6957e+02
5935.1416  -1.9041e+02  1.5424e+02
5936.3921  -2.2642e+01  1.3163e+02
5937.6421  1.8553e+02  1.2817e+02
5938.8926  1.3922e+01  1.2783e+02
5940.1431  1.2757e+01  1.2867e+02
5941.3931  7.0557e+01  1.2799e+02
5942.6436  5.4964e+01  1.2611e+02
5943.8940  -1.9302e+02  1.2658e+02
5945.1445  1.2356e+01  1.3049e+02
5946.3945  2.2779e+02  1.3934e+02
5947.6450  -4.2446e+01  1.3946e+02
5948.8955  -8.8134e+01  1.2990e+02
5950.1455  2.8242e+01  1.2614e+02
5951.3960  3.2050e+01  1.2729e+02
5952.6465  -6.6500e+01  1.3780e+02
5953.8965  2.7465e+01  1.5851e+02
5955.1470  6.3206e+01  1.5839e+02
5956.3975  -1.4459e+02  1.3556e+02
5957.6475  1.1292e+02  1.2779e+02
5958.8979  5.5270e+01  1.2940e+02
5960.1484  1.7597e+02  1.2945e+02
5961.3984  8.5041e+01  1.2713e+02
5962.6489  2.1510e+02  1.2611e+02
5963.8994  -4.0732e+01  1.2526e+02
5965.1499  -1.5258e+02  1.2646e+02
5966.3999  -2.9860e+01  1.2600e+02
5967.6504  -8.0481e+01  1.2540e+02
5968.9009  3.6200e+00  1.2567e+02
5970.1509  -1.0687e+02  1.3170e+02
5971.4014  4.7094e+01  1.3526e+02
5972.6519  -2.0010e+02  1.3082e+02
5973.9019  -8.7284e+01  1.2630e+02
5975.1523  3.0783e+01  1.2598e+02
