# SNR 21.5099
# Quality c
# flux_factor = 1.e-20
5621.4126  1.3355e+02  8.5469e+01
5622.6631  2.5540e+01  7.9090e+01
5623.9131  2.0061e+02  7.9424e+01
5625.1636  2.2861e+01  9.9711e+01
5626.4141  -6.2269e+01  8.3013e+01
5627.6646  -7.6178e+01  8.9809e+01
5628.9146  -1.1289e+02  8.7344e+01
5630.1650  -9.0610e+01  7.7496e+01
5631.4155  -9.3324e+01  8.1862e+01
5632.6655  8.5378e+00  7.5380e+01
5633.9160  1.1756e+02  7.4093e+01
5635.1665  -1.3467e+01  7.1294e+01
5636.4165  8.9266e+00  7.9624e+01
5637.6670  -4.3383e+01  8.4689e+01
5638.9175  8.3426e+01  9.3109e+01
5640.1675  3.3303e+01  7.8133e+01
5641.4180  -1.0280e+01  7.7001e+01
5642.6685  2.8998e+01  8.1052e+01
5643.9185  -4.6068e+01  7.0665e+01
5645.1689  1.1119e+02  8.4718e+01
5646.4194  2.3936e+01  9.4162e+01
5647.6694  -5.2636e+01  7.7477e+01
5648.9199  4.4169e+01  8.2479e+01
5650.1704  1.0621e+02  7.4145e+01
5651.4209  1.1879e+02  7.0059e+01
5652.6709  -1.6638e+01  7.8836e+01
5653.9214  -1.3235e+02  9.1597e+01
5655.1719  -3.6368e+01  6.8448e+01
5656.4219  -1.0313e+01  6.8875e+01
5657.6724  -6.5345e+01  6.9227e+01
5658.9229  1.8096e+02  8.8745e+01
5660.1729  8.9307e+01  7.4470e+01
5661.4233  5.2056e+01  7.7517e+01
5662.6738  8.2785e+01  7.7594e+01
5663.9238  8.9089e+01  7.4067e+01
5665.1743  -1.5702e+02  7.8475e+01
5666.4248  9.3974e+01  6.9148e+01
5667.6748  -1.0192e+02  7.3087e+01
5668.9253  2.8528e+01  7.3863e+01
5670.1758  -2.3182e+01  7.1973e+01
5671.4263  3.6570e+01  7.7314e+01
5672.6763  2.9821e+00  7.0087e+01
5673.9268  1.4586e+01  7.0523e+01
5675.1772  -4.4824e+01  8.5547e+01
5676.4272  3.2695e+00  7.6857e+01
5677.6777  3.4223e+01  7.0092e+01
5678.9282  -4.4761e+01  7.4913e+01
5680.1782  -1.6931e+02  6.9553e+01
5681.4287  2.8934e+01  7.1828e+01
5682.6792  -2.2475e+01  7.4454e+01
5683.9292  -7.5138e+01  7.9564e+01
5685.1797  -1.6165e+01  8.3332e+01
5686.4302  -1.4715e+02  8.4990e+01
5687.6802  -1.3007e+02  7.2247e+01
5688.9307  -1.0899e+02  6.9629e+01
5690.1812  -8.9899e+01  8.0781e+01
5691.4312  -3.0350e+01  7.4502e+01
5692.6816  -6.6705e+01  7.5260e+01
5693.9321  -4.0638e+01  9.1587e+01
5695.1826  -9.1032e+01  7.0322e+01
5696.4326  -3.7544e+01  8.3051e+01
5697.6831  -2.3646e+01  7.4870e+01
5698.9336  5.9687e+01  7.1176e+01
5700.1836  3.7964e+00  7.8845e+01
5701.4341  2.0820e+01  8.2571e+01
5702.6846  -2.7487e+01  7.6066e+01
5703.9346  -4.0002e+01  8.3491e+01
5705.1851  6.2077e+01  8.1529e+01
5706.4355  1.0035e+02  7.2909e+01
5707.6855  1.9876e+02  7.1016e+01
5708.9360  1.5952e+02  8.0049e+01
5710.1865  1.0465e+02  8.0092e+01
5711.4365  2.5045e+02  6.9258e+01
5712.6870  3.6200e+02  7.1191e+01
5713.9375  8.1907e+02  7.0804e+01
5715.1875  1.0281e+03  7.7982e+01
5716.4380  1.1531e+03  8.3877e+01
5717.6885  7.4572e+02  7.2326e+01
5718.9390  6.7680e+02  7.6649e+01
5720.1890  6.5432e+02  8.8078e+01
5721.4395  2.9396e+02  9.4484e+01
5722.6899  1.4496e+02  8.0346e+01
5723.9399  2.0329e+02  7.2245e+01
5725.1904  8.5830e+01  8.7243e+01
5726.4409  -2.7899e+00  7.2786e+01
5727.6909  -7.0562e+01  7.4641e+01
5728.9414  2.1773e+01  7.1882e+01
5730.1919  -7.8697e+00  8.0990e+01
5731.4419  -9.9690e+00  7.4081e+01
5732.6924  -1.4997e+02  7.8460e+01
5733.9429  -1.3416e+02  6.9244e+01
5735.1929  -1.5269e+02  7.1515e+01
5736.4434  -5.2500e+01  7.1290e+01
5737.6938  -4.5322e+00  7.1971e+01
5738.9438  -6.4062e+01  9.0037e+01
5740.1943  -6.4309e+00  7.1378e+01
5741.4448  -1.3498e+02  8.1465e+01
5742.6953  -8.0280e+01  7.2999e+01
5743.9453  -1.3563e+01  9.6122e+01
5745.1958  1.3640e+02  8.9992e+01
5746.4463  4.0422e+01  6.9333e+01
5747.6963  -3.4396e+01  6.9981e+01
5748.9468  -9.0870e+01  6.7568e+01
5750.1973  -9.4388e+01  6.7500e+01
5751.4473  -1.2016e+02  6.8226e+01
5752.6978  6.2571e+01  6.7537e+01
5753.9482  -7.1562e+00  7.5902e+01
5755.1982  1.6978e+01  7.6723e+01
5756.4487  -6.3452e+01  7.3213e+01
5757.6992  1.9554e+01  9.1991e+01
5758.9492  9.8633e+01  6.9883e+01
5760.1997  -8.7340e+01  7.7891e+01
5761.4502  -8.8932e+01  6.7558e+01
5762.7007  -8.7503e+01  7.4294e+01
5763.9507  4.4341e+01  8.2210e+01
5765.2012  -3.5007e+01  7.3939e+01
5766.4517  -7.8859e+01  7.5342e+01
5767.7017  -7.4978e+01  6.8329e+01
5768.9521  -6.2513e+00  7.4240e+01
5770.2026  -3.2963e+01  7.2554e+01
5771.4526  3.3466e+01  6.7487e+01
5772.7031  1.2058e+02  8.2873e+01
5773.9536  1.2940e+01  7.7098e+01
5775.2036  1.0632e+02  6.9988e+01
5776.4541  5.5852e+01  6.7316e+01
5777.7046  -1.3582e+02  6.7953e+01
5778.9546  7.8606e+00  7.8709e+01
5780.2051  2.0428e+01  6.7875e+01
5781.4556  6.5469e+01  7.3890e+01
5782.7056  2.1673e+00  7.8318e+01
5783.9561  2.0081e+01  7.7567e+01
5785.2065  -5.7556e+01  7.8675e+01
5786.4570  1.0611e+02  7.4429e+01
5787.7070  8.2409e+01  6.6602e+01
5788.9575  6.8022e+01  6.9201e+01
5790.2080  4.0061e+01  7.7498e+01
5791.4580  3.3852e+01  7.6819e+01
5792.7085  6.8590e+01  8.4158e+01
5793.9590  7.0934e+01  7.6391e+01
5795.2090  1.2110e+02  7.4931e+01
5796.4595  1.2061e+02  7.8659e+01
5797.7100  6.2941e+01  6.9638e+01
5798.9600  2.5623e+01  6.9960e+01
5800.2104  5.3096e+01  7.2548e+01
5801.4609  9.6936e+01  6.8174e+01
5802.7109  -5.7990e+01  8.3443e+01
5803.9614  -7.0782e+01  8.2388e+01
5805.2119  -6.6986e+01  7.7684e+01
5806.4619  4.6865e+01  6.9595e+01
5807.7124  5.9923e+01  7.8692e+01
5808.9629  -5.6801e+01  7.4474e+01
5810.2134  -7.7326e-01  7.0150e+01
