# SNR 12.7335
# Quality c
# flux_factor = 1.e-20
5418.6685  6.6148e+01  1.0434e+02
5419.9189  7.1378e+01  1.0433e+02
5421.1694  9.4443e+00  1.0408e+02
5422.4194  3.1403e-01  1.0350e+02
5423.6699  8.5000e+01  1.0342e+02
5424.9204  2.2822e+01  1.0223e+02
5426.1704  1.1111e+01  1.0239e+02
5427.4209  -1.5805e+01  1.0391e+02
5428.6714  3.4209e+01  1.0376e+02
5429.9214  5.7068e+01  1.0267e+02
5431.1719  -1.3708e+02  1.0214e+02
5432.4224  7.8641e+00  1.0291e+02
5433.6724  1.3140e+02  1.0368e+02
5434.9229  2.4053e+02  1.0345e+02
5436.1733  2.5202e+02  1.0578e+02
5437.4233  5.5697e+01  1.0485e+02
5438.6738  2.0534e+02  1.0500e+02
5439.9243  1.4354e+02  1.0353e+02
5441.1748  1.3394e+02  1.0382e+02
5442.4248  2.1225e+02  1.0461e+02
5443.6753  2.1717e+02  1.0280e+02
5444.9258  4.4476e+01  1.0301e+02
5446.1758  -5.5332e+00  1.0343e+02
5447.4263  2.4602e+01  1.0235e+02
5448.6768  -5.0170e+01  1.0152e+02
5449.9268  8.7180e+00  1.0348e+02
5451.1772  -2.1457e+01  1.0429e+02
5452.4277  -4.3415e+01  1.0408e+02
5453.6777  -1.0536e+02  1.0397e+02
5454.9282  9.7998e+01  1.0185e+02
5456.1787  -7.2102e+01  1.0209e+02
5457.4287  2.7260e+01  1.0182e+02
5458.6792  -8.6849e+00  1.0353e+02
5459.9297  3.0614e+01  1.0611e+02
5461.1797  -7.2009e+01  1.0852e+02
5462.4302  5.6968e+01  1.0838e+02
5463.6807  1.1110e+01  1.0360e+02
5464.9312  -1.0749e+02  1.0277e+02
5466.1812  -6.0156e+00  1.0264e+02
5467.4316  -3.2942e+00  1.0244e+02
5468.6821  -5.2039e+01  1.0210e+02
5469.9321  -2.3545e+01  1.0318e+02
5471.1826  -4.7364e+01  1.0211e+02
5472.4331  1.3566e+02  1.0188e+02
5473.6831  4.9078e+01  1.0165e+02
5474.9336  2.2525e+01  1.0215e+02
5476.1841  5.4451e+00  1.0183e+02
5477.4341  5.9028e+01  1.0082e+02
5478.6846  3.6862e+00  1.0092e+02
5479.9351  9.1454e+01  1.0141e+02
5481.1851  9.6104e+01  1.0214e+02
5482.4355  -4.4529e+01  1.0259e+02
5483.6860  9.7099e+01  1.0219e+02
5484.9360  1.4425e+02  1.0263e+02
5486.1865  1.3680e+02  1.0209e+02
5487.4370  6.6782e+01  1.0165e+02
5488.6875  -6.5192e+01  1.0149e+02
5489.9375  -1.7984e+02  1.0042e+02
5491.1880  3.3764e+00  1.0175e+02
5492.4385  9.7451e+01  1.0214e+02
5493.6885  2.0951e+02  1.0180e+02
5494.9390  3.1958e+01  1.0131e+02
5496.1895  2.0022e+02  1.0212e+02
5497.4395  -1.0871e+01  1.0193e+02
5498.6899  4.8778e+01  1.0346e+02
5499.9404  -3.4657e+01  1.0284e+02
5501.1904  2.5063e+02  1.0330e+02
5502.4409  1.5838e+02  1.0260e+02
5503.6914  1.8805e+02  1.0259e+02
5504.9414  2.5304e+02  1.0241e+02
5506.1919  1.7390e+02  1.0233e+02
5507.4424  5.3078e+02  1.0199e+02
5508.6924  7.6209e+02  1.0170e+02
5509.9429  6.3434e+02  1.0192e+02
5511.1934  2.3132e+02  1.0346e+02
5512.4434  2.1037e+02  1.0318e+02
5513.6938  3.2062e+01  1.0292e+02
5514.9443  -2.2655e+00  1.0252e+02
5516.1948  1.9501e+02  1.0249e+02
5517.4448  6.1978e+00  1.0290e+02
5518.6953  -7.1876e+01  1.0172e+02
5519.9458  1.4356e+02  1.0317e+02
5521.1958  -6.6999e+01  1.0260e+02
5522.4463  4.7098e+01  1.0285e+02
5523.6968  1.3004e+02  1.0118e+02
5524.9468  2.2107e+02  1.0168e+02
5526.1973  1.0523e+02  1.0054e+02
5527.4478  -2.4887e+01  1.0115e+02
5528.6978  -5.9491e+01  1.0003e+02
5529.9482  2.1603e+01  9.9704e+01
5531.1987  1.1520e+02  1.0072e+02
5532.4487  -1.0090e+02  1.0109e+02
5533.6992  2.8569e+01  1.0100e+02
5534.9497  1.9103e+02  1.0112e+02
5536.1997  7.9428e+00  1.0050e+02
5537.4502  5.7850e+01  1.0100e+02
5538.7007  -1.5846e+02  1.0100e+02
5539.9512  -1.3979e+02  1.0153e+02
5541.2012  -7.7225e+01  1.0318e+02
5542.4517  4.7744e+01  1.0688e+02
5543.7021  -3.0362e+01  1.0895e+02
5544.9521  -4.3754e+01  1.1021e+02
5546.2026  1.1181e+02  1.0843e+02
5547.4531  -8.5673e+01  1.0282e+02
5548.7031  3.1859e+01  1.0286e+02
5549.9536  -1.5487e+02  1.0482e+02
5551.2041  -6.8775e+00  1.0316e+02
5552.4541  8.3765e+01  1.0201e+02
5553.7046  8.6669e+01  1.0125e+02
5554.9551  1.4687e+02  1.0171e+02
5556.2051  6.5730e+01  1.0098e+02
5557.4556  5.1662e+00  1.0163e+02
5558.7061  7.7483e+01  1.0104e+02
5559.9561  8.6320e+01  1.0115e+02
5561.2065  8.1168e+01  1.0078e+02
5562.4570  1.2428e+02  1.0235e+02
5563.7075  -1.9983e+01  1.0505e+02
5564.9575  1.3918e+02  1.0482e+02
5566.2080  2.7729e+01  1.0488e+02
5567.4585  1.4278e+02  1.0086e+02
5568.7085  2.7353e+02  1.0305e+02
5569.9590  -1.4907e+01  1.0554e+02
5571.2095  -3.0910e+01  1.0528e+02
5572.4595  2.3448e+01  1.0375e+02
5573.7100  4.7358e+02  1.1211e+02
5574.9604  -3.1279e+01  1.7425e+02
5576.2104  4.8204e+01  5.1102e+02
5577.4609  4.0992e+01  9.8688e+02
5578.7114  4.1867e+01  1.0086e+03
5579.9614  4.7978e+01  5.4447e+02
5581.2119  5.6573e+01  1.6869e+02
5582.4624  1.8983e+02  1.1016e+02
5583.7124  8.3280e+01  1.0390e+02
5584.9629  -1.1932e+02  1.0028e+02
5586.2134  4.2090e+00  9.9554e+01
5587.4639  3.3930e+01  9.9569e+01
5588.7139  2.1489e+01  1.0485e+02
5589.9644  5.5148e+01  1.0822e+02
5591.2148  -5.0807e+01  1.0496e+02
5592.4648  -1.4188e+02  9.9855e+01
5593.7153  -1.1314e+02  9.8440e+01
5594.9658  -7.7779e+01  9.7994e+01
5596.2158  -9.2263e+01  9.9118e+01
5597.4663  5.9978e+01  1.0254e+02
5598.7168  3.5577e+01  1.0370e+02
5599.9668  3.6240e+00  1.0130e+02
