# SNR 9.6773
# Quality c
# flux_factor = 1.e-20
6414.5283  5.0318e+01  1.2705e+02
6415.7788  1.6328e+01  1.3439e+02
6417.0293  1.0431e+02  1.3099e+02
6418.2793  -1.4027e+01  1.2450e+02
6419.5298  -9.4889e+01  1.2249e+02
6420.7803  -5.4971e+01  1.2743e+02
6422.0308  -1.4866e+02  1.3783e+02
6423.2808  5.3420e+01  1.3927e+02
6424.5312  1.2405e+02  1.2815e+02
6425.7817  9.2592e+01  1.2459e+02
6427.0317  1.8650e+02  1.2340e+02
6428.2822  5.3109e+01  1.2370e+02
6429.5327  1.1458e+02  1.2446e+02
6430.7827  -2.0126e+01  1.2322e+02
6432.0332  -9.3061e+00  1.2315e+02
6433.2837  6.8757e+01  1.2126e+02
6434.5337  1.2648e+02  1.2202e+02
6435.7842  -8.1884e+01  1.2286e+02
6437.0347  -6.5773e-01  1.2364e+02
6438.2847  -1.4779e+02  1.2347e+02
6439.5352  -7.7872e+01  1.2223e+02
6440.7856  1.4762e+02  1.2220e+02
6442.0361  6.2095e+01  1.2127e+02
6443.2861  1.6969e+00  1.2200e+02
6444.5366  1.0837e+02  1.2233e+02
6445.7871  -6.7430e+01  1.2199e+02
6447.0371  -1.1808e+02  1.2178e+02
6448.2876  -2.9118e+01  1.2204e+02
6449.5381  -1.3687e+02  1.2273e+02
6450.7881  8.5339e+01  1.2504e+02
6452.0386  7.1107e+01  1.2476e+02
6453.2891  1.0263e+02  1.2692e+02
6454.5391  -1.1864e+01  1.3159e+02
6455.7896  -3.7519e+01  1.3209e+02
6457.0400  1.2405e+02  1.3010e+02
6458.2900  -9.8350e+01  1.2943e+02
6459.5405  -1.3063e+02  1.3123e+02
6460.7910  -1.4070e+02  1.3206e+02
6462.0415  -1.2624e+02  1.2693e+02
6463.2915  2.1822e+01  1.2367e+02
6464.5420  1.2687e+02  1.3152e+02
6465.7925  1.5879e+01  1.4389e+02
6467.0425  -9.0422e+01  1.8094e+02
6468.2930  9.5426e+01  1.9207e+02
6469.5435  1.7047e+02  1.4162e+02
6470.7935  -2.0330e+02  1.3134e+02
6472.0439  -2.2465e+01  1.4232e+02
6473.2944  -5.8095e+01  1.9479e+02
6474.5444  5.3897e+01  1.4290e+02
6475.7949  -9.0675e+01  1.2661e+02
6477.0454  5.2319e+01  1.2101e+02
6478.2954  1.9243e+02  1.2191e+02
6479.5459  3.4780e+01  1.3272e+02
6480.7964  2.4872e+01  1.3642e+02
6482.0469  3.5368e+01  1.2579e+02
6483.2969  -1.0859e+02  1.2127e+02
6484.5474  -5.0999e+01  1.2032e+02
6485.7979  5.4059e+01  1.1952e+02
6487.0479  3.8991e+01  1.1851e+02
6488.2983  -9.0466e+00  1.1989e+02
6489.5488  -8.8035e+00  1.1974e+02
6490.7988  -6.0897e+01  1.1846e+02
6492.0493  -6.1270e+01  1.1867e+02
6493.2998  2.2953e+01  1.1885e+02
6494.5498  -1.1556e+01  1.1803e+02
6495.8003  7.6252e+01  1.2034e+02
6497.0508  -6.1602e+00  1.2037e+02
6498.3008  6.0544e+01  1.2189e+02
6499.5513  2.3443e+02  1.4319e+02
6500.8018  -4.2806e+01  2.4829e+02
6502.0522  3.7478e+01  2.2854e+02
6503.3022  9.4630e+01  1.3270e+02
6504.5527  3.1559e+01  1.2199e+02
6505.8032  -7.4094e+00  1.3171e+02
6507.0532  -4.3627e+01  1.4732e+02
6508.3037  7.0156e+01  1.4649e+02
6509.5542  5.9281e+01  1.2379e+02
6510.8042  9.6823e+01  1.1888e+02
6512.0547  -1.2366e+02  1.1843e+02
6513.3052  4.6055e+01  1.1875e+02
6514.5552  -6.6700e+01  1.1934e+02
6515.8057  2.1882e+02  1.2668e+02
6517.0562  -7.8977e+01  1.2847e+02
6518.3062  -4.8714e+00  1.1973e+02
6519.5566  -1.2677e+02  1.1657e+02
6520.8071  2.6832e+02  1.1642e+02
6522.0576  7.2655e+02  1.1669e+02
6523.3076  5.6503e+02  1.2649e+02
6524.5581  4.2804e+02  1.4472e+02
6525.8086  3.9417e+02  1.3925e+02
6527.0586  2.4533e+02  1.2211e+02
6528.3091  1.0539e+02  1.2074e+02
6529.5596  1.6764e+02  1.1924e+02
6530.8096  1.5380e+02  1.1730e+02
6532.0601  1.1711e+02  1.1688e+02
6533.3105  5.9447e+01  1.2309e+02
6534.5605  5.0898e+01  2.0007e+02
6535.8110  -6.7691e+01  2.2769e+02
6537.0615  1.5082e+02  1.6831e+02
6538.3120  1.0641e+02  1.1941e+02
6539.5620  -2.6742e+01  1.1620e+02
6540.8125  -8.1936e+01  1.1640e+02
6542.0630  -2.0787e+02  1.2112e+02
6543.3130  -1.2752e+02  1.2355e+02
6544.5635  -9.0987e+00  1.2684e+02
6545.8140  -2.6657e+02  1.4186e+02
6547.0640  -2.3039e+02  1.4283e+02
6548.3145  2.0618e+02  1.2870e+02
6549.5649  1.0622e+02  1.1916e+02
6550.8149  -5.6743e+01  1.1955e+02
6552.0654  1.6195e+01  1.1823e+02
6553.3159  1.2441e+02  1.2100e+02
6554.5659  -8.0192e+01  1.3964e+02
6555.8164  3.2632e+01  2.3812e+02
6557.0669  -9.3564e+00  2.1300e+02
6558.3174  -1.7579e+02  1.2633e+02
6559.5674  7.5920e+00  1.1606e+02
6560.8179  1.0481e+02  1.1579e+02
6562.0684  -7.9190e+01  1.1619e+02
6563.3184  -8.6985e+01  1.2548e+02
6564.5688  6.8020e+01  1.8317e+02
6565.8193  2.0068e+01  1.8777e+02
6567.0693  -1.1584e+02  1.2793e+02
6568.3198  1.2611e+02  1.1563e+02
6569.5703  -8.7869e+01  1.2410e+02
6570.8203  -2.4032e+02  1.4364e+02
6572.0708  6.7114e+01  1.4242e+02
6573.3213  7.2097e+01  1.2421e+02
6574.5713  1.3921e+02  1.1980e+02
6575.8218  -8.1268e+01  1.1803e+02
6577.0723  1.1275e+02  1.1907e+02
6578.3228  7.4752e+01  1.4135e+02
6579.5728  5.1205e+01  2.1255e+02
6580.8232  -1.3286e+02  1.8924e+02
6582.0737  -1.0314e+02  1.2345e+02
6583.3237  1.4606e+01  1.1583e+02
6584.5742  -1.2894e+02  1.1799e+02
6585.8247  1.3081e+00  1.2319e+02
6587.0747  -1.1644e+02  1.2032e+02
6588.3252  -1.6488e+02  1.1566e+02
6589.5757  -1.8786e+01  1.1464e+02
6590.8257  -2.3217e+02  1.1531e+02
6592.0762  -1.8675e+01  1.1559e+02
6593.3267  -1.2580e+02  1.1688e+02
6594.5767  6.4014e+00  1.1513e+02
6595.8271  -6.7224e+00  1.1418e+02
6597.0776  2.4179e+02  1.1699e+02
6598.3281  -9.9844e+01  1.3023e+02
6599.5781  -1.9102e+01  1.3399e+02
6600.8286  1.7254e+01  1.2078e+02
6602.0791  1.4890e+01  1.1406e+02
6603.3291  -4.4919e+00  1.1483e+02
6604.5796  -8.7670e+01  1.2087e+02
6605.8301  -9.9570e+01  1.4350e+02
6607.0801  8.6134e+01  1.4709e+02
6608.3306  -2.4822e+01  1.2820e+02
6609.5811  -8.4273e+01  1.1402e+02
6610.8311  -3.6218e+01  1.1398e+02
6612.0815  -2.0159e+02  1.1459e+02
6613.3320  -5.3509e+01  1.1340e+02
6614.5820  -8.5562e+01  1.1276e+02
6615.8325  -1.3571e+02  1.1257e+02
6617.0830  1.5482e+02  1.1270e+02
6618.3335  2.4097e+00  1.1241e+02
6619.5835  -1.4561e+01  1.1217e+02
6620.8340  -4.3592e+01  1.1296e+02
6622.0845  6.9196e+01  1.1355e+02
6623.3345  5.4632e+01  1.1384e+02
6624.5850  -6.8018e+00  1.1355e+02
6625.8354  -6.7443e+00  1.1177e+02
6627.0854  -1.1583e+00  1.1293e+02
6628.3359  1.2413e+02  1.1575e+02
6629.5864  8.8311e+01  1.2146e+02
6630.8364  -1.7012e+02  1.2185e+02
