# SNR 10.0117
# Quality c
# flux_factor = 1.e-20
5507.8984  3.8814e+01  1.2104e+02
5509.1489  -1.6332e+01  1.2159e+02
5510.3989  1.7242e+02  1.2183e+02
5511.6494  1.3387e+02  1.2119e+02
5512.8999  5.9735e+01  1.2186e+02
5514.1499  5.8951e+00  1.1943e+02
5515.4004  9.6602e+01  1.2073e+02
5516.6509  1.2869e+02  1.2220e+02
5517.9009  9.0027e+01  1.1969e+02
5519.1514  1.0939e+02  1.2061e+02
5520.4019  1.4485e+02  1.2102e+02
5521.6523  1.5897e+02  1.2194e+02
5522.9023  6.9554e+01  1.2125e+02
5524.1528  -7.0521e+01  1.2080e+02
5525.4033  6.3319e+01  1.2033e+02
5526.6533  1.2354e+02  1.2004e+02
5527.9038  -1.8403e+01  1.1941e+02
5529.1543  -4.5222e+01  1.1876e+02
5530.4043  9.1369e+00  1.1845e+02
5531.6548  -2.7123e+01  1.1969e+02
5532.9053  3.9538e+01  1.1958e+02
5534.1553  1.7625e+01  1.1961e+02
5535.4058  1.7746e+02  1.1933e+02
5536.6562  1.3652e+02  1.1928e+02
5537.9062  1.1272e+02  1.2114e+02
5539.1567  3.5753e+01  1.1934e+02
5540.4072  -2.9050e+01  1.1978e+02
5541.6572  1.8766e+02  1.2017e+02
5542.9077  -6.9464e-01  1.2328e+02
5544.1582  1.0247e+02  1.2539e+02
5545.4087  7.7070e+01  1.2764e+02
5546.6587  7.2320e+01  1.2690e+02
5547.9092  -6.5362e+01  1.2347e+02
5549.1597  1.6377e+01  1.2104e+02
5550.4097  -4.3233e+01  1.2226e+02
5551.6602  -1.6947e+02  1.2344e+02
5552.9106  8.3395e+00  1.2085e+02
5554.1606  -8.9366e+00  1.2043e+02
5555.4111  -7.3267e+01  1.1980e+02
5556.6616  1.0721e+02  1.2106e+02
5557.9116  2.8155e+01  1.2067e+02
5559.1621  2.6449e+02  1.2074e+02
5560.4126  6.8181e+01  1.2066e+02
5561.6626  -2.1623e+01  1.2024e+02
5562.9131  -6.4342e+01  1.2015e+02
5564.1636  1.8536e+01  1.2476e+02
5565.4136  -2.0284e+02  1.3016e+02
5566.6641  -6.3913e+01  1.2839e+02
5567.9146  5.7335e+01  1.2268e+02
5569.1650  -1.1102e+02  1.2153e+02
5570.4150  -1.3347e+02  1.2265e+02
5571.6655  -2.1268e+02  1.2364e+02
5572.9160  1.3547e+02  1.2333e+02
5574.1660  9.8681e+01  1.1777e+02
5575.4165  3.1924e+00  1.4941e+02
5576.6670  4.7838e+01  3.3170e+02
5577.9170  4.3379e+01  8.8991e+02
5579.1675  5.0633e+01  1.2106e+03
5580.4180  4.6538e+01  9.1769e+02
5581.6680  5.0948e+01  3.2827e+02
5582.9185  -7.8362e+01  1.3205e+02
5584.1689  -1.6026e+02  1.1909e+02
5585.4189  -4.7105e+01  1.2044e+02
5586.6694  -3.0436e+02  1.1973e+02
5587.9199  -3.2052e+00  1.1801e+02
5589.1699  5.7681e+00  1.1985e+02
5590.4204  2.0080e+01  1.2559e+02
5591.6709  -8.3672e+01  1.2575e+02
5592.9214  1.7716e+02  1.1846e+02
5594.1714  4.7406e+01  1.1715e+02
5595.4219  1.4564e+02  1.1734e+02
5596.6724  2.6108e+02  1.1733e+02
5597.9224  5.0160e+02  1.1845e+02
5599.1729  7.3112e+02  1.2038e+02
5600.4233  6.9758e+02  1.2101e+02
5601.6733  3.8108e+02  1.1810e+02
5602.9238  4.5553e+02  1.1783e+02
5604.1743  5.4082e+02  1.1748e+02
5605.4243  3.7118e+02  1.2100e+02
5606.6748  1.4883e+02  1.2882e+02
5607.9253  1.1773e+02  1.2614e+02
5609.1753  1.7512e+02  1.1945e+02
5610.4258  1.3298e+02  1.1841e+02
5611.6763  -1.2261e+02  1.1779e+02
5612.9263  -9.4673e+01  1.1757e+02
5614.1768  -7.5777e+01  1.1750e+02
5615.4272  6.7118e+01  1.1855e+02
5616.6777  4.1307e+01  1.1595e+02
5617.9277  -1.3230e+01  1.1696e+02
5619.1782  -8.9772e+00  1.1984e+02
5620.4287  7.4732e+01  1.1763e+02
5621.6787  2.4017e+01  1.1613e+02
5622.9292  1.8467e+02  1.1673e+02
5624.1797  2.6468e+02  1.1955e+02
5625.4297  1.3916e+02  1.2477e+02
5626.6802  1.3437e+02  1.2148e+02
5627.9307  2.7939e+02  1.1571e+02
5629.1807  7.1931e+01  1.1480e+02
5630.4312  -1.7037e+01  1.1551e+02
5631.6816  3.8193e+01  1.1570e+02
5632.9316  3.3905e+01  1.1651e+02
5634.1821  -6.9223e+01  1.1694e+02
5635.4326  -1.2632e+01  1.1568e+02
5636.6826  -1.3183e+01  1.1504e+02
5637.9331  1.2866e+01  1.1552e+02
5639.1836  -5.6069e+01  1.1568e+02
5640.4341  -2.3054e+01  1.1693e+02
5641.6841  -6.8103e+01  1.1795e+02
5642.9346  7.5813e+00  1.1596e+02
5644.1851  8.2009e+00  1.1546e+02
5645.4351  1.1442e+02  1.1671e+02
5646.6855  1.0129e+02  1.2005e+02
5647.9360  1.5973e+02  1.2060e+02
5649.1860  2.2307e+02  1.1673e+02
5650.4365  1.2076e+02  1.1562e+02
5651.6870  9.2508e+01  1.1591e+02
5652.9370  5.5194e+01  1.1526e+02
5654.1875  7.3984e+01  1.1602e+02
5655.4380  -1.2850e+02  1.1563e+02
5656.6880  1.4783e+02  1.1433e+02
5657.9385  4.6502e+01  1.1598e+02
5659.1890  -1.4359e+02  1.1460e+02
5660.4390  6.9077e+01  1.1511e+02
5661.6895  2.0680e+02  1.1601e+02
5662.9399  1.2338e+02  1.1662e+02
5664.1904  4.4771e+01  1.1460e+02
5665.4404  1.0172e+02  1.1600e+02
5666.6909  2.2444e+02  1.1677e+02
5667.9414  1.8502e+02  1.1629e+02
5669.1914  1.8834e+01  1.1634e+02
5670.4419  1.0617e+02  1.1791e+02
5671.6924  -1.2523e+02  1.1860e+02
5672.9424  -6.3388e+01  1.1741e+02
5674.1929  -6.3716e+01  1.1692e+02
5675.4434  -2.1857e+02  1.1636e+02
5676.6934  -5.0283e+01  1.1695e+02
5677.9438  1.4485e+01  1.1683e+02
5679.1943  -1.4972e+02  1.1720e+02
5680.4443  -3.3657e+01  1.1665e+02
5681.6948  1.6243e+02  1.1724e+02
5682.9453  -2.0159e+02  1.1753e+02
5684.1953  -1.6305e+02  1.1634e+02
5685.4458  1.5073e+01  1.1762e+02
5686.6963  2.2256e+02  1.1818e+02
5687.9468  7.0873e+01  1.1810e+02
5689.1968  1.8652e+01  1.1777e+02
5690.4473  2.5940e+01  1.1981e+02
5691.6978  1.0840e+02  1.1890e+02
5692.9478  9.8247e+01  1.1897e+02
