# SNR 51.9951
# Quality a
# flux_factor = 1.e-20
5631.2920  7.1964e+01  6.6424e+01
5632.5420  -1.3552e+01  5.3202e+01
5633.7925  7.5421e+01  6.3406e+01
5635.0430  3.6009e+01  5.6465e+01
5636.2930  -1.0522e+02  5.8282e+01
5637.5435  3.2081e+01  5.4193e+01
5638.7939  -2.0647e+01  4.8069e+01
5640.0439  -2.8090e+01  5.1052e+01
5641.2944  -2.7824e+01  5.4022e+01
5642.5449  -4.4726e+01  5.5376e+01
5643.7949  8.3410e+01  5.7612e+01
5645.0454  9.5343e+01  5.9173e+01
5646.2959  -1.0948e+01  6.3646e+01
5647.5459  4.0701e+01  4.7757e+01
5648.7964  -6.7090e+01  5.0034e+01
5650.0469  -1.0060e+02  6.0615e+01
5651.2969  -9.3858e+00  5.2922e+01
5652.5474  -8.5111e+01  5.2396e+01
5653.7979  -1.0862e+01  4.5417e+01
5655.0483  3.0073e+01  5.6070e+01
5656.2983  -5.2991e+01  5.0505e+01
5657.5488  -9.4549e+01  5.3431e+01
5658.7993  2.1209e+01  5.1997e+01
5660.0493  5.2659e+00  5.0999e+01
5661.2998  -7.1100e+00  4.9711e+01
5662.5503  -1.1589e+02  5.8289e+01
5663.8003  -6.2379e+01  5.3051e+01
5665.0508  -1.6297e+01  5.2226e+01
5666.3013  -6.8407e+01  5.9100e+01
5667.5513  -8.4684e+01  4.9919e+01
5668.8018  1.8120e+01  6.1379e+01
5670.0522  -1.8747e+01  5.1279e+01
5671.3022  -3.6543e+01  5.5375e+01
5672.5527  -3.0732e+01  6.0144e+01
5673.8032  3.5316e+01  5.2992e+01
5675.0532  -6.0097e+00  5.5749e+01
5676.3037  -3.0892e+00  6.0235e+01
5677.5542  3.4360e+01  4.5445e+01
5678.8047  -1.9536e+01  4.4592e+01
5680.0547  -2.0787e+01  5.1872e+01
5681.3052  -1.2006e+02  4.8117e+01
5682.5557  9.8113e+01  5.8325e+01
5683.8057  -2.0447e+01  5.5115e+01
5685.0562  2.2664e+00  4.9265e+01
5686.3066  8.4771e+01  4.7813e+01
5687.5566  -2.9781e+01  4.4809e+01
5688.8071  9.7394e+00  4.7643e+01
5690.0576  1.5669e+01  5.8016e+01
5691.3076  -8.2541e+01  6.1152e+01
5692.5581  4.8342e+01  5.9272e+01
5693.8086  -5.0287e+01  4.9100e+01
5695.0586  -6.1915e+01  5.2317e+01
5696.3091  1.5600e+00  5.4114e+01
5697.5596  2.5703e+01  5.2935e+01
5698.8096  -7.3237e+01  5.5669e+01
5700.0601  1.5586e+01  5.8163e+01
5701.3105  1.2100e+02  4.9019e+01
5702.5610  9.6949e+01  4.7199e+01
5703.8110  1.8551e+02  6.4095e+01
5705.0615  2.0661e+02  5.2424e+01
5706.3120  2.1356e+02  6.1771e+01
5707.5620  2.1850e+02  6.3560e+01
5708.8125  4.2592e+02  6.0949e+01
5710.0630  4.6251e+02  5.7918e+01
5711.3130  4.6366e+02  5.1664e+01
5712.5635  4.9641e+02  5.1487e+01
5713.8140  4.9111e+02  4.9761e+01
5715.0640  5.3627e+02  6.2891e+01
5716.3145  7.9268e+02  5.8934e+01
5717.5649  8.4095e+02  6.0568e+01
5718.8149  8.4441e+02  5.8304e+01
5720.0654  9.2661e+02  5.5803e+01
5721.3159  1.2502e+03  5.9225e+01
5722.5664  1.6184e+03  5.6583e+01
5723.8164  1.7166e+03  4.9652e+01
5725.0669  1.5825e+03  6.4908e+01
5726.3174  1.4539e+03  5.6440e+01
5727.5674  1.4228e+03  5.6999e+01
5728.8179  1.3745e+03  5.6649e+01
5730.0684  1.1743e+03  5.4776e+01
5731.3184  1.0716e+03  4.8438e+01
5732.5688  8.8275e+02  5.2277e+01
5733.8193  6.5067e+02  4.9639e+01
5735.0693  4.8747e+02  5.7746e+01
5736.3198  4.6806e+02  5.6254e+01
5737.5703  2.9691e+02  4.9155e+01
5738.8203  2.8613e+02  4.8494e+01
5740.0708  2.8667e+02  4.8611e+01
5741.3213  3.5303e+02  4.7826e+01
5742.5713  1.4790e+02  5.9157e+01
5743.8218  1.5885e+02  5.7088e+01
5745.0723  6.1575e+01  5.8599e+01
5746.3228  4.7077e+01  6.2709e+01
5747.5728  -3.3669e+01  4.9405e+01
5748.8232  -2.0207e+01  5.3188e+01
5750.0737  9.3281e+01  4.8975e+01
5751.3237  1.2021e+02  5.7528e+01
5752.5742  1.4870e+02  5.2946e+01
5753.8247  5.2788e+01  5.0198e+01
5755.0747  -1.6887e+01  4.5298e+01
5756.3252  -1.8093e+00  5.5022e+01
5757.5757  1.2059e+02  4.9044e+01
5758.8257  7.0917e+01  4.5096e+01
5760.0762  1.1634e+02  5.4064e+01
5761.3267  1.2939e+02  4.9797e+01
5762.5767  1.3330e+02  5.2021e+01
5763.8271  1.9171e+02  5.5534e+01
5765.0776  1.1354e+02  5.1610e+01
5766.3276  6.4595e+01  4.5096e+01
5767.5781  9.0040e+01  6.2005e+01
5768.8286  6.6145e+01  5.8111e+01
5770.0791  -2.1088e+01  5.3275e+01
5771.3291  6.9460e+01  4.9108e+01
5772.5796  4.2451e+01  4.5225e+01
5773.8301  1.3528e+02  5.3973e+01
5775.0801  1.7315e+02  5.3390e+01
5776.3306  1.0652e+02  5.6769e+01
5777.5811  9.7061e+01  4.3060e+01
5778.8311  8.0206e+01  6.0017e+01
5780.0815  -4.7060e+01  5.1535e+01
5781.3320  -1.5651e+01  4.8664e+01
5782.5820  3.0219e+01  5.1700e+01
5783.8325  8.7676e+01  4.1821e+01
5785.0830  2.1765e+01  4.9679e+01
5786.3330  8.3487e+01  4.4691e+01
5787.5835  5.2107e+00  5.2525e+01
5788.8340  1.1279e+02  5.0131e+01
5790.0845  3.9720e+01  4.7685e+01
5791.3345  9.2920e+01  5.4840e+01
5792.5850  4.6165e+01  5.1520e+01
5793.8354  2.7474e+00  4.8114e+01
5795.0854  9.8716e+01  4.2340e+01
5796.3359  -2.6564e+01  4.9625e+01
5797.5864  1.3533e+02  4.3218e+01
5798.8364  6.5604e+01  5.6831e+01
5800.0869  -3.8699e+01  5.0203e+01
5801.3374  1.1625e+01  4.5063e+01
5802.5874  -2.0914e+00  4.9042e+01
5803.8379  3.7653e+01  4.5129e+01
5805.0884  6.6926e+00  5.1501e+01
5806.3384  3.3866e+01  5.0741e+01
5807.5889  -2.7299e+01  5.0369e+01
5808.8394  2.8904e+01  5.0560e+01
5810.0894  -2.0521e+01  4.3327e+01
5811.3398  9.6769e+01  5.0605e+01
5812.5903  3.7206e+01  5.6983e+01
5813.8408  2.2082e+01  4.3492e+01
5815.0908  1.2947e+02  4.7184e+01
5816.3413  9.5825e+01  5.4459e+01
5817.5918  1.3315e+02  5.2991e+01
5818.8418  2.2102e+02  5.3504e+01
5820.0923  3.1851e+02  5.9053e+01
