# SNR 12.3926
# Quality c
# flux_factor = 1.e-20
6331.8267  2.1548e+02  1.1166e+02
6333.0771  1.9870e+02  9.3880e+01
6334.3271  6.8268e+01  7.1846e+01
6335.5776  2.2617e+01  5.3857e+01
6336.8281  6.6401e-01  5.3554e+01
6338.0781  7.2228e+01  5.3127e+01
6339.3286  2.9378e+01  5.3700e+01
6340.5791  -7.8690e+01  5.8478e+01
6341.8291  1.3353e+01  7.1456e+01
6343.0796  -4.7090e+01  6.5029e+01
6344.3301  1.0817e+02  6.1926e+01
6345.5801  4.0037e+01  5.6016e+01
6346.8306  -2.5968e+01  5.6240e+01
6348.0811  5.4391e+01  5.5096e+01
6349.3315  -1.4235e+02  7.0304e+01
6350.5815  -6.4147e+01  8.0911e+01
6351.8320  -6.7181e+01  6.3588e+01
6353.0825  -2.6863e+01  6.3978e+01
6354.3325  7.5456e+01  5.7414e+01
6355.5830  -2.6193e+01  5.9054e+01
6356.8335  3.4942e+01  8.3800e+01
6358.0835  3.7461e+01  1.0258e+02
6359.3340  -1.0717e+02  8.0579e+01
6360.5845  2.5436e+01  6.0262e+01
6361.8345  8.3984e+01  5.4532e+01
6363.0850  -5.3952e+01  8.3388e+01
6364.3354  -7.2754e+01  1.0491e+02
6365.5854  1.7313e+02  1.5057e+02
6366.8359  -4.6406e+00  1.2140e+02
6368.0864  1.1377e+02  9.2168e+01
6369.3369  3.9597e+00  6.3933e+01
6370.5869  -4.0375e+01  5.1799e+01
6371.8374  1.0225e+01  5.8960e+01
6373.0879  -5.4113e+01  6.5903e+01
6374.3379  4.9823e+01  6.2922e+01
6375.5884  -1.3901e+01  5.1492e+01
6376.8389  2.4861e+00  5.1500e+01
6378.0889  3.5391e+01  5.1198e+01
6379.3394  -6.5969e+01  5.4777e+01
6380.5898  2.0494e+01  6.7057e+01
6381.8398  -7.6533e+00  6.4004e+01
6383.0903  -2.5515e-01  5.7523e+01
6384.3408  -1.3855e+02  5.2192e+01
6385.5908  5.5312e+01  5.2288e+01
6386.8413  1.8095e+01  6.1424e+01
6388.0918  -6.4688e+00  7.5814e+01
6389.3423  -8.3004e+01  6.9358e+01
6390.5923  1.2122e+02  5.3583e+01
6391.8428  1.0331e+02  5.0681e+01
6393.0933  6.3862e+01  5.0144e+01
6394.3433  5.3874e+01  5.6620e+01
6395.5938  7.2948e+01  5.3993e+01
6396.8442  -1.7652e+01  5.0904e+01
6398.0942  3.6885e+01  5.2320e+01
6399.3447  -1.9840e+00  5.4036e+01
6400.5952  -2.0977e+01  5.7298e+01
6401.8452  3.6123e+01  5.0187e+01
6403.0957  3.3688e+00  6.1394e+01
6404.3462  -6.8953e+01  6.2773e+01
6405.5962  1.3446e+01  4.9282e+01
6406.8467  -3.7804e+01  5.3085e+01
6408.0972  -2.8219e+01  5.8903e+01
6409.3477  -4.6298e-01  4.8506e+01
6410.5977  9.6298e+01  5.2110e+01
6411.8481  -5.6441e+01  5.1896e+01
6413.0986  -9.6636e+01  5.4910e+01
6414.3486  3.3280e+01  5.2817e+01
6415.5991  -6.9863e-01  7.1406e+01
6416.8496  -7.0772e+01  5.7273e+01
6418.0996  2.5901e+00  4.8992e+01
6419.3501  -1.7334e+01  5.1313e+01
6420.6006  1.3755e+01  5.3723e+01
6421.8506  1.1316e+02  6.2078e+01
6423.1011  1.3055e+02  5.9888e+01
6424.3516  1.3711e+02  5.1501e+01
6425.6016  7.8660e+01  4.8877e+01
6426.8521  -3.1555e+01  6.6325e+01
6428.1025  -2.3489e+01  5.4039e+01
6429.3530  3.5621e+01  5.9148e+01
6430.6030  1.5735e+01  5.0759e+01
6431.8535  -1.5638e+01  5.0189e+01
6433.1040  -3.0962e+00  5.1177e+01
6434.3540  1.4708e+02  5.7383e+01
6435.6045  3.4616e+02  7.0344e+01
6436.8550  4.5042e+02  5.5906e+01
6438.1050  4.7760e+02  5.2468e+01
6439.3555  4.6712e+02  4.8900e+01
6440.6060  3.9539e+02  4.8410e+01
6441.8560  3.3162e+02  4.9615e+01
6443.1064  3.1540e+02  5.3071e+01
6444.3569  2.5469e+02  5.8553e+01
6445.6069  1.8039e+02  5.8194e+01
6446.8574  2.3008e+02  5.7594e+01
6448.1079  2.6784e+02  5.9769e+01
6449.3584  2.3794e+02  4.9637e+01
6450.6084  8.0004e+01  5.0617e+01
6451.8589  5.0814e+01  5.6586e+01
6453.1094  1.2923e+02  5.6534e+01
6454.3594  2.8808e+01  5.6123e+01
6455.6099  1.0456e+02  6.5496e+01
6456.8604  9.9639e+01  4.9178e+01
6458.1104  1.5215e+02  5.3988e+01
6459.3608  6.9545e+01  5.7042e+01
6460.6113  1.1320e+02  5.6223e+01
6461.8613  5.4718e+01  6.1529e+01
6463.1118  1.6554e+02  5.1561e+01
6464.3623  8.2822e+01  6.2546e+01
6465.6128  -8.6499e+00  7.6192e+01
6466.8628  8.0428e+01  8.4933e+01
6468.1133  1.9956e+02  8.6677e+01
6469.3638  1.0592e+02  7.9837e+01
6470.6138  1.0923e+02  6.5903e+01
6471.8643  -6.9976e+01  7.8017e+01
6473.1147  3.4561e+00  8.5857e+01
6474.3647  1.1771e+02  7.1710e+01
6475.6152  3.1688e+01  6.3766e+01
6476.8657  -4.9418e+01  4.9303e+01
6478.1157  -4.9300e+01  5.0976e+01
6479.3662  -9.4000e+01  6.6371e+01
6480.6167  -4.0686e+01  6.2271e+01
6481.8667  2.1228e+01  5.5172e+01
6483.1172  -1.9578e+01  4.9269e+01
6484.3677  -2.1681e+01  4.9249e+01
6485.6182  3.7091e+01  5.0106e+01
6486.8682  5.6669e+01  5.5307e+01
6488.1187  2.8300e+01  4.7090e+01
6489.3691  -3.1806e+01  4.7988e+01
6490.6191  -2.2446e+01  4.6889e+01
6491.8696  8.1901e+01  6.5724e+01
6493.1201  7.1401e+01  4.9930e+01
6494.3701  -3.8404e+00  4.5853e+01
6495.6206  -2.7380e+01  4.8164e+01
6496.8711  4.7127e+01  5.0911e+01
6498.1211  3.3841e+01  6.0829e+01
6499.3716  6.3806e+01  8.5657e+01
6500.6221  4.4009e+00  1.1155e+02
6501.8721  1.0273e+02  9.0532e+01
6503.1226  3.0025e+01  5.9482e+01
6504.3730  1.3353e+02  6.4343e+01
6505.6235  1.1830e+01  6.9711e+01
6506.8735  6.3391e+01  7.7438e+01
6508.1240  9.9613e+01  7.3316e+01
6509.3745  4.0706e+01  4.9774e+01
6510.6245  1.6886e+02  5.0580e+01
6511.8750  1.9017e+01  5.1611e+01
6513.1255  6.7382e+01  5.0304e+01
6514.3755  4.8978e+01  5.1022e+01
6515.6260  8.3382e+00  5.5445e+01
6516.8765  5.6134e+01  5.2556e+01
6518.1265  4.6039e+01  5.5841e+01
6519.3770  -2.6785e+01  5.4293e+01
6520.6274  3.5987e+01  4.7990e+01
6521.8774  1.1067e+02  4.8985e+01
6523.1279  2.4898e+01  6.5847e+01
6524.3784  1.8948e+02  6.8385e+01
6525.6289  9.8923e+01  5.9729e+01
6526.8789  -6.5294e+00  5.0947e+01
6528.1294  4.4836e+01  5.1446e+01
6529.3799  4.5213e+01  5.1491e+01
6530.6299  9.9605e+01  4.5277e+01
6531.8804  7.9572e+01  4.5766e+01
6533.1309  -4.1067e+01  7.0096e+01
6534.3809  1.2516e+02  9.3081e+01
6535.6313  -1.2435e+00  9.6730e+01
6536.8818  -6.7730e+00  6.9777e+01
6538.1318  1.5768e+02  5.6848e+01
6539.3823  1.4916e+02  4.6264e+01
6540.6328  5.7169e+01  4.8479e+01
6541.8828  1.1924e+02  4.8682e+01
6543.1333  1.0805e+01  5.7947e+01
6544.3838  -7.1783e+01  5.6668e+01
