# SNR 8.7535
# Quality c
# flux_factor = 1.e-20
5446.4146  -2.0170e+01  8.5932e+01
5447.6650  6.5714e+01  1.0670e+02
5448.9155  2.9856e+02  8.5606e+01
5450.1655  -1.9920e+01  9.7408e+01
5451.4160  8.5730e+01  8.6522e+01
5452.6665  -1.3130e+02  8.6691e+01
5453.9165  -8.4363e+00  1.1229e+02
5455.1670  4.3012e+00  9.3809e+01
5456.4175  3.9909e+01  8.6476e+01
5457.6680  5.8588e+01  1.0824e+02
5458.9180  -1.2396e+02  1.0605e+02
5460.1685  4.6565e+01  8.7031e+01
5461.4189  -1.0107e+01  1.0198e+02
5462.6689  -2.2797e+01  1.1404e+02
5463.9194  -1.6419e+02  9.8959e+01
5465.1699  -3.6419e+00  9.8293e+01
5466.4199  1.0796e+01  9.4020e+01
5467.6704  -1.3496e+02  1.1570e+02
5468.9209  -4.9498e+01  8.7415e+01
5470.1709  -3.0688e+01  8.5428e+01
5471.4214  1.6108e+02  8.2679e+01
5472.6719  1.1009e+02  7.9273e+01
5473.9219  -1.7243e+02  1.0788e+02
5475.1724  8.2336e+01  1.0343e+02
5476.4229  -1.5701e+02  9.0417e+01
5477.6729  1.1379e+02  9.2760e+01
5478.9233  2.0742e+01  8.9195e+01
5480.1738  3.6099e+01  8.3506e+01
5481.4243  8.9185e+01  9.1437e+01
5482.6743  6.4035e+00  9.1295e+01
5483.9248  -1.0136e+02  9.2773e+01
5485.1753  -6.4494e+01  8.8263e+01
5486.4253  -7.7237e+01  8.6487e+01
5487.6758  -1.0829e+02  7.9415e+01
5488.9263  1.4343e+02  8.1345e+01
5490.1763  1.3595e+02  1.0208e+02
5491.4268  -1.0235e+02  8.2658e+01
5492.6772  1.3821e+02  8.5411e+01
5493.9272  -1.2434e+01  1.1650e+02
5495.1777  8.9766e+01  8.2727e+01
5496.4282  4.1238e+01  7.7097e+01
5497.6782  4.4421e+01  9.9605e+01
5498.9287  -8.0201e+01  1.1060e+02
5500.1792  3.9285e+01  8.1888e+01
5501.4292  -2.0268e+02  1.0521e+02
5502.6797  -3.0066e+01  1.0036e+02
5503.9302  5.0592e+01  9.3479e+01
5505.1807  -1.7819e+01  1.0305e+02
5506.4307  -2.2217e+01  8.9171e+01
5507.6812  1.0035e+02  7.9578e+01
5508.9316  2.3971e+02  1.0251e+02
5510.1816  -1.2476e+00  1.1254e+02
5511.4321  -1.7097e+02  9.5271e+01
5512.6826  -7.1430e+01  8.1186e+01
5513.9326  1.8182e+02  8.8280e+01
5515.1831  2.0553e+02  8.2797e+01
5516.4336  1.4948e+01  9.2151e+01
5517.6836  1.0685e+02  9.0120e+01
5518.9341  2.7577e+01  1.0621e+02
5520.1846  -7.7953e+01  8.6125e+01
5521.4346  -1.5620e+01  9.0104e+01
5522.6851  3.7381e+01  9.1507e+01
5523.9355  1.6656e+01  9.0269e+01
5525.1855  1.2346e+02  8.4590e+01
5526.4360  1.9928e+02  8.9976e+01
5527.6865  1.7966e+02  1.0178e+02
5528.9370  -1.5482e+02  1.0290e+02
5530.1870  -5.3978e+00  8.7049e+01
5531.4375  4.4819e+01  9.1833e+01
5532.6880  -1.9080e+01  8.4865e+01
5533.9380  7.1489e+01  9.1095e+01
5535.1885  3.8986e+01  9.3743e+01
5536.4390  3.3625e+02  9.9716e+01
5537.6890  6.4633e+02  9.3300e+01
5538.9395  6.1046e+02  1.0036e+02
5540.1899  5.0743e+02  8.4273e+01
5541.4399  9.2679e+01  1.0622e+02
5542.6904  3.8819e+01  1.1418e+02
5543.9409  -7.0419e+01  9.9521e+01
5545.1909  -9.2880e+01  9.8999e+01
5546.4414  9.4351e+01  1.1561e+02
5547.6919  -1.0427e+02  9.8790e+01
5548.9419  -1.2973e+02  1.1986e+02
5550.1924  1.2875e+01  8.8145e+01
5551.4429  1.9833e+01  9.1646e+01
5552.6934  -8.7578e+01  7.9987e+01
5553.9434  -1.7085e+01  7.9744e+01
5555.1938  -9.0110e+01  1.0836e+02
5556.4443  5.7185e+01  9.6393e+01
5557.6943  -1.2774e+02  8.3277e+01
5558.9448  -5.0639e+00  8.5633e+01
5560.1953  -5.5813e+01  7.8633e+01
5561.4453  -3.9173e+01  9.0722e+01
5562.6958  -1.1883e+02  8.8023e+01
5563.9463  2.8279e+00  9.0563e+01
5565.1963  -7.1245e+01  1.0927e+02
5566.4468  1.4973e+02  1.2365e+02
5567.6973  -3.9651e+01  9.0912e+01
5568.9473  7.8526e+00  1.0682e+02
5570.1978  -3.0151e+01  8.8356e+01
5571.4482  8.2128e+00  8.8078e+01
5572.6982  -1.6312e+01  1.1186e+02
5573.9487  -4.8332e+01  1.1514e+02
5575.1992  3.1980e+01  9.9837e+01
5576.4497  1.3166e+00  2.6219e+02
5577.6997  9.7102e+00  5.9300e+02
5578.9502  7.9564e+00  6.9625e+02
5580.2007  9.1583e+00  4.5134e+02
5581.4507  2.4037e+01  1.5559e+02
5582.7012  -2.0733e+02  1.1903e+02
5583.9517  -2.9582e+02  1.0571e+02
5585.2017  -7.2758e+01  9.6619e+01
5586.4521  2.6993e+01  7.9519e+01
5587.7026  2.3968e+02  9.9667e+01
5588.9526  -7.6613e+01  9.5546e+01
5590.2031  -5.3185e+01  1.1577e+02
5591.4536  -4.5141e+01  1.0184e+02
5592.7036  1.2569e+02  8.1800e+01
5593.9541  1.1526e+02  8.8990e+01
5595.2046  1.5120e+02  9.0775e+01
5596.4546  2.2952e+01  8.1154e+01
5597.7051  -2.8753e+01  1.0538e+02
5598.9556  -1.3761e+02  1.1215e+02
5600.2061  -8.9250e+01  9.9582e+01
5601.4561  8.6361e+01  8.3469e+01
5602.7065  -1.1122e+02  9.0613e+01
5603.9570  4.3703e+01  9.0939e+01
5605.2070  7.8132e+01  8.8379e+01
5606.4575  -3.5747e+01  9.9186e+01
5607.7080  -3.0228e+01  9.0929e+01
5608.9580  1.1258e+02  9.9711e+01
5610.2085  -3.2451e+01  7.6113e+01
5611.4590  2.4084e+00  8.0686e+01
5612.7090  1.3652e+02  9.2207e+01
5613.9595  5.8480e+01  8.7251e+01
5615.2100  -1.3929e+01  7.8825e+01
5616.4600  -6.6464e+00  8.9211e+01
5617.7104  -1.4283e+01  8.7778e+01
5618.9609  4.9185e+01  8.5957e+01
5620.2109  -6.9317e+01  7.8435e+01
5621.4614  5.1966e+01  9.6861e+01
5622.7119  -3.4776e+01  1.0155e+02
5623.9624  5.5929e+00  8.4783e+01
5625.2124  1.2378e+02  9.0921e+01
5626.4629  -2.7078e+01  9.8111e+01
5627.7134  -1.1870e+02  1.1320e+02
5628.9634  -5.1289e+01  9.4394e+01
5630.2139  -1.6699e+01  9.1475e+01
