# SNR 8.4001
# Quality c
# flux_factor = 1.e-20
6864.3101  2.0236e+02  1.2598e+02
6865.5605  -2.2693e+01  1.1247e+02
6866.8105  -3.4805e+00  8.9432e+01
6868.0610  2.4317e+01  6.1931e+01
6869.3115  -2.1491e+01  5.3692e+01
6870.5620  6.7987e+01  5.4098e+01
6871.8120  -4.0024e+01  6.6977e+01
6873.0625  -9.4704e+01  6.6563e+01
6874.3130  1.0319e+01  5.2347e+01
6875.5630  -1.8571e+01  3.9363e+01
6876.8135  1.2499e+02  4.8303e+01
6878.0640  -3.5226e+01  4.3763e+01
6879.3140  8.0227e+00  3.9034e+01
6880.5645  3.7522e+01  4.5302e+01
6881.8149  1.2277e+02  5.6508e+01
6883.0649  4.5712e+01  5.2748e+01
6884.3154  -8.6204e+01  4.4275e+01
6885.5659  5.9062e+01  4.2710e+01
6886.8159  4.0118e+01  4.1884e+01
6888.0664  2.7252e+01  4.0639e+01
6889.3169  1.0763e+02  6.7459e+01
6890.5674  8.7239e+00  9.0365e+01
6891.8174  5.3233e+00  7.4189e+01
6893.0679  -2.9527e+01  5.6377e+01
6894.3184  4.8121e+01  5.5259e+01
6895.5684  -1.4921e+01  5.0785e+01
6896.8188  6.4891e+00  5.8305e+01
6898.0693  -8.7396e+01  5.0066e+01
6899.3193  -1.0037e+02  4.7315e+01
6900.5698  8.0971e+01  5.7589e+01
6901.8203  -4.0511e+01  6.6609e+01
6903.0703  2.0179e+01  6.9403e+01
6904.3208  -2.6019e+01  4.4501e+01
6905.5713  -2.6275e+01  4.5820e+01
6906.8213  -3.7848e+01  3.6102e+01
6908.0718  7.1237e+01  3.8329e+01
6909.3223  -2.2883e+01  3.7562e+01
6910.5728  -1.0168e+02  4.1315e+01
6911.8228  -2.2477e+01  3.8833e+01
6913.0732  -5.5544e+01  5.8712e+01
6914.3237  3.7031e+01  8.3550e+01
6915.5737  -2.7143e+01  5.6959e+01
6916.8242  5.1961e+01  4.0868e+01
6918.0747  -5.8034e+01  3.5345e+01
6919.3247  -3.3875e+00  4.0319e+01
6920.5752  1.0666e+01  4.5302e+01
6921.8257  7.0718e+01  4.0887e+01
6923.0757  -1.6175e+01  7.0394e+01
6924.3262  1.0708e+01  8.6864e+01
6925.5767  1.8273e+02  1.0164e+02
6926.8271  8.6240e+01  6.3666e+01
6928.0771  7.7565e+01  3.7896e+01
6929.3276  -7.7112e+01  3.5176e+01
6930.5781  3.1939e+01  3.5899e+01
6931.8281  4.4430e+01  3.4068e+01
6933.0786  5.8268e+00  3.8293e+01
6934.3291  3.1860e+01  3.8246e+01
6935.5791  2.5389e+01  4.1400e+01
6936.8296  1.6851e-01  3.8331e+01
6938.0801  6.2650e+01  3.4232e+01
6939.3301  4.2733e+01  4.4182e+01
6940.5806  -1.0454e+02  7.5104e+01
6941.8311  9.7754e+01  7.9190e+01
6943.0811  -2.3069e+00  4.5683e+01
6944.3315  2.0087e+01  4.1467e+01
6945.5820  2.6980e+01  3.9193e+01
6946.8325  -5.0609e+01  4.8065e+01
6948.0825  -5.4194e+01  4.3767e+01
6949.3330  -1.0755e+02  8.0659e+01
6950.5835  -1.8999e+01  9.3962e+01
6951.8335  1.0890e+01  8.3376e+01
6953.0840  5.0298e+01  4.8100e+01
6954.3345  -2.3948e+01  3.9273e+01
6955.5845  7.1766e+01  3.5534e+01
6956.8350  3.7790e+01  4.4717e+01
6958.0854  9.6636e+00  4.2455e+01
6959.3354  -3.6051e+01  4.6133e+01
6960.5859  4.5588e+01  3.7051e+01
6961.8364  6.4585e+01  4.1717e+01
6963.0869  9.1803e+01  4.4504e+01
6964.3369  1.7995e+01  3.4505e+01
6965.5874  1.4210e+01  4.2141e+01
6966.8379  -3.4936e+01  3.7101e+01
6968.0879  1.4702e+01  3.6526e+01
6969.3384  4.0723e+01  3.7135e+01
6970.5889  1.1674e+01  5.0862e+01
6971.8389  -5.3691e+01  5.6759e+01
6973.0894  4.4209e+01  4.3614e+01
6974.3398  4.6054e+01  3.8246e+01
6975.5898  5.7454e+01  4.4820e+01
6976.8403  1.4120e+02  3.4698e+01
6978.0908  2.1072e+02  4.6473e+01
6979.3408  3.2235e+02  6.9977e+01
6980.5913  3.5475e+02  7.2963e+01
6981.8418  2.7713e+02  6.5412e+01
6983.0923  1.7616e+02  3.5377e+01
6984.3423  1.8491e+02  3.9404e+01
6985.5928  1.0057e+02  3.4986e+01
6986.8433  1.5396e+02  3.7886e+01
6988.0933  6.8053e+01  4.0615e+01
6989.3438  4.6552e+01  4.0858e+01
6990.5942  -1.5987e+00  4.1767e+01
6991.8442  2.2428e+01  3.9839e+01
6993.0947  7.7566e+01  4.0599e+01
6994.3452  -3.4807e+01  3.8778e+01
6995.5952  1.9196e+01  3.7884e+01
6996.8457  5.5362e+01  3.3995e+01
6998.0962  5.1845e+00  3.6388e+01
6999.3467  3.6859e+01  3.8069e+01
7000.5967  2.5422e+01  4.2327e+01
7001.8472  1.2980e+01  3.6644e+01
7003.0977  -5.4184e+01  3.9738e+01
7004.3477  7.4005e+00  4.9980e+01
7005.5981  1.1871e+01  4.9472e+01
7006.8486  -3.2484e+01  4.4030e+01
7008.0986  5.3216e+01  4.1585e+01
7009.3491  9.3439e+01  3.3665e+01
7010.5996  1.2194e+01  4.5945e+01
7011.8496  -4.7513e+01  5.0520e+01
7013.1001  1.1421e+02  6.5887e+01
7014.3506  1.4892e+02  5.3312e+01
7015.6006  -8.5281e+00  3.3533e+01
7016.8511  3.6095e+01  4.2959e+01
7018.1016  2.1675e+01  3.3434e+01
7019.3521  -6.1955e+00  3.2439e+01
7020.6021  7.6799e+01  3.8742e+01
7021.8525  5.9572e+00  3.2166e+01
7023.1030  -1.1884e+01  4.0411e+01
7024.3530  3.0634e+01  3.3900e+01
7025.6035  8.7237e+00  3.8320e+01
7026.8540  -1.7550e+01  3.5798e+01
7028.1040  3.4070e-01  3.8921e+01
7029.3545  4.2444e+01  3.6146e+01
7030.6050  -4.3844e+01  4.0768e+01
7031.8550  4.8344e+01  3.6156e+01
7033.1055  1.0498e+02  4.1686e+01
7034.3560  -1.2270e+01  3.3373e+01
7035.6060  1.8704e+00  3.3243e+01
7036.8564  4.1488e+01  3.8067e+01
7038.1069  -2.7550e+01  3.7647e+01
7039.3574  -3.0976e+01  4.3168e+01
7040.6074  5.4341e+01  3.7782e+01
7041.8579  5.1518e+01  4.5859e+01
7043.1084  -3.3813e+01  4.0538e+01
7044.3584  -4.4537e+01  4.5386e+01
7045.6089  4.2043e+01  3.7419e+01
7046.8594  7.5833e+00  4.2229e+01
7048.1094  7.2114e+01  4.3523e+01
7049.3599  -3.0527e+01  6.6696e+01
7050.6104  -3.0164e+01  5.3103e+01
7051.8604  7.2561e+00  4.2006e+01
7053.1108  6.0878e+01  4.1039e+01
7054.3613  -1.9453e+01  4.2907e+01
7055.6118  -5.1969e+01  4.0772e+01
7056.8618  2.3219e+01  3.5113e+01
7058.1123  7.5861e+01  3.3676e+01
7059.3628  5.2142e+01  3.7667e+01
7060.6128  5.3610e+01  3.2475e+01
7061.8633  4.9908e+01  3.7825e+01
7063.1138  1.3090e+01  4.1857e+01
7064.3638  -1.0277e+01  4.1865e+01
7065.6143  -9.6562e+00  5.0591e+01
7066.8647  -5.0784e+01  4.3993e+01
7068.1147  7.8669e+01  4.1117e+01
7069.3652  8.6818e-01  3.6868e+01
7070.6157  -6.4397e+01  3.7071e+01
7071.8657  -1.6724e+01  3.9669e+01
7073.1162  3.2765e+01  4.0468e+01
7074.3667  9.1744e+01  4.1200e+01
7075.6172  5.3891e+01  4.2009e+01
7076.8672  -1.8650e+01  4.2946e+01
7078.1177  -6.2890e+00  4.6618e+01
7079.3682  -8.4443e+01  4.1684e+01
7080.6182  -3.1233e+00  4.0790e+01
7081.8687  1.3454e+01  3.3881e+01
7083.1191  2.5251e+01  4.1409e+01
7084.3691  -4.7221e+01  4.4404e+01
7085.6196  1.5413e+01  4.3020e+01
7086.8701  5.3761e+01  4.1191e+01
7088.1201  6.7005e+01  3.6827e+01
7089.3706  -2.0032e+01  4.8565e+01
7090.6211  -2.2476e+01  4.5187e+01
7091.8716  1.1877e+02  4.3335e+01
7093.1216  1.3323e+01  3.8194e+01
7094.3721  4.9240e+01  3.3723e+01
7095.6226  3.9188e+01  3.3272e+01
