# SNR 23.3925
# Quality c
# flux_factor = 1.e-20
5369.3008  1.8026e+02  1.6453e+02
5370.5513  8.6204e+01  1.6300e+02
5371.8018  1.1510e+02  1.6195e+02
5373.0518  -2.1343e+02  1.6286e+02
5374.3022  1.0757e+02  1.6314e+02
5375.5527  -2.9620e+02  1.6324e+02
5376.8027  -2.7584e+02  1.6480e+02
5378.0532  1.2587e+02  1.6431e+02
5379.3037  1.5554e+02  1.6241e+02
5380.5537  -4.9239e+01  1.6333e+02
5381.8042  -3.8506e+02  1.6430e+02
5383.0547  -1.3086e+02  1.6271e+02
5384.3047  2.3927e+00  1.6082e+02
5385.5552  3.9485e+01  1.6232e+02
5386.8057  -7.5825e+00  1.6279e+02
5388.0562  3.4834e+01  1.6233e+02
5389.3062  -3.7739e+01  1.6080e+02
5390.5566  3.7452e+01  1.6133e+02
5391.8071  -4.6614e+01  1.6072e+02
5393.0571  -1.0236e+02  1.6116e+02
5394.3076  4.6289e+01  1.6139e+02
5395.5581  -8.1136e+01  1.5991e+02
5396.8081  5.2491e+01  1.6091e+02
5398.0586  -1.8125e+02  1.6003e+02
5399.3091  1.5660e+02  1.5858e+02
5400.5591  -2.9895e+02  1.5982e+02
5401.8096  -5.7849e+01  1.5801e+02
5403.0601  2.4084e+02  1.5871e+02
5404.3101  -1.0662e+02  1.5861e+02
5405.5605  -4.8622e+01  1.5781e+02
5406.8110  -5.2053e+01  1.5617e+02
5408.0610  -1.0873e+02  1.5791e+02
5409.3115  -1.6340e+01  1.5758e+02
5410.5620  5.9881e+01  1.5815e+02
5411.8120  1.3816e+02  1.5834e+02
5413.0625  -5.1191e+01  1.5802e+02
5414.3130  -4.6336e+01  1.5801e+02
5415.5635  -3.8380e+01  1.5838e+02
5416.8135  -2.2972e+02  1.5758e+02
5418.0640  -6.0737e+01  1.5785e+02
5419.3145  1.7364e+02  1.5984e+02
5420.5645  1.0545e+02  1.5814e+02
5421.8149  3.0324e+02  1.5802e+02
5423.0654  1.3537e+02  1.5731e+02
5424.3154  -2.2178e+02  1.5824e+02
5425.5659  -3.6987e+01  1.5729e+02
5426.8164  -7.3367e+00  1.5721e+02
5428.0664  -8.8185e+01  1.5916e+02
5429.3169  4.0032e+01  1.5771e+02
5430.5674  -2.3649e+02  1.5667e+02
5431.8174  -7.5360e+01  1.5465e+02
5433.0679  -1.3622e+02  1.5753e+02
5434.3184  -9.7525e+01  1.5687e+02
5435.5684  -5.3075e+01  1.5742e+02
5436.8188  -1.5352e+02  1.5773e+02
5438.0693  -2.3780e+02  1.5798e+02
5439.3198  -1.3032e+02  1.5771e+02
5440.5698  -4.1667e+01  1.5883e+02
5441.8203  -1.3047e+02  1.6005e+02
5443.0708  -2.4837e+01  1.5901e+02
5444.3208  -2.1338e+02  1.5855e+02
5445.5713  -4.7121e+01  1.5770e+02
5446.8218  -1.0755e+01  1.5732e+02
5448.0718  -6.0046e+01  1.5719e+02
5449.3223  -9.9271e+01  1.5546e+02
5450.5728  -1.4213e+02  1.5729e+02
5451.8228  1.9217e+02  1.5915e+02
5453.0732  2.3346e+02  1.5873e+02
5454.3237  4.3232e+02  1.5851e+02
5455.5737  -1.3668e+02  1.5833e+02
5456.8242  5.3169e+02  1.5759e+02
5458.0747  1.3718e+03  1.5615e+02
5459.3247  2.0867e+03  1.5870e+02
5460.5752  1.6822e+03  1.5952e+02
5461.8257  1.0801e+03  1.6164e+02
5463.0762  9.3942e+02  1.6261e+02
5464.3262  5.3760e+02  1.6053e+02
5465.5767  5.0691e+02  1.5786e+02
5466.8271  2.1800e+02  1.5834e+02
5468.0771  1.4150e+02  1.5732e+02
5469.3276  3.3474e+01  1.5693e+02
5470.5781  -1.5316e+02  1.5789e+02
5471.8281  -8.3836e+01  1.5841e+02
5473.0786  1.4168e+01  1.5727e+02
5474.3291  -4.8089e+01  1.5643e+02
5475.5791  3.4272e+01  1.5601e+02
5476.8296  3.5550e+01  1.5789e+02
5478.0801  -1.1318e+02  1.5698e+02
5479.3301  -1.8757e+02  1.5547e+02
5480.5806  -2.7948e+02  1.5618e+02
5481.8311  -1.9730e+02  1.5656e+02
5483.0811  -2.4656e+02  1.5807e+02
5484.3315  -1.6822e+02  1.5649e+02
5485.5820  2.3994e+01  1.5709e+02
5486.8320  1.5026e+02  1.5789e+02
5488.0825  8.0815e+01  1.5623e+02
5489.3330  -7.9414e+01  1.5636e+02
5490.5835  -1.7603e+02  1.5576e+02
5491.8335  -1.9448e+02  1.5597e+02
5493.0840  -7.5857e+01  1.5755e+02
5494.3345  4.7201e+01  1.5608e+02
5495.5845  -7.6090e+01  1.5517e+02
5496.8350  -6.4065e+01  1.5603e+02
5498.0854  3.8463e+01  1.5704e+02
5499.3354  7.1728e+01  1.5733e+02
5500.5859  -2.3971e+00  1.5886e+02
5501.8364  8.9431e+01  1.5785e+02
5503.0864  -8.7575e+01  1.5715e+02
5504.3369  2.3786e+02  1.5570e+02
5505.5874  -6.1779e+01  1.5779e+02
5506.8374  -5.8816e+01  1.5717e+02
5508.0879  -1.8843e+02  1.5515e+02
5509.3384  1.6366e+02  1.5638e+02
5510.5884  4.7314e+01  1.5667e+02
5511.8389  -5.6745e+01  1.5812e+02
5513.0894  -4.5080e+01  1.5659e+02
5514.3398  3.4787e+01  1.5665e+02
5515.5898  -1.0687e+02  1.5666e+02
5516.8403  -1.2766e+02  1.5786e+02
5518.0908  -1.3482e+02  1.5720e+02
5519.3408  1.7170e+01  1.5715e+02
5520.5913  2.9588e+01  1.5690e+02
5521.8418  2.6827e+01  1.5603e+02
5523.0918  2.1741e+02  1.5851e+02
5524.3423  1.5720e+02  1.5781e+02
5525.5928  1.3990e+02  1.5659e+02
5526.8428  1.8440e+02  1.5632e+02
5528.0933  2.6625e+02  1.5587e+02
5529.3438  1.1081e+02  1.5512e+02
5530.5938  2.1985e+02  1.5307e+02
5531.8442  -2.6506e+01  1.5505e+02
5533.0947  -1.8695e+02  1.5590e+02
5534.3447  -2.4216e+01  1.5477e+02
5535.5952  -8.0624e+01  1.5563e+02
5536.8457  -1.3358e+01  1.5559e+02
5538.0962  -1.3311e+02  1.5604e+02
5539.3462  -5.4279e+01  1.5650e+02
5540.5967  2.5493e+01  1.5622e+02
5541.8472  5.7967e+01  1.5562e+02
5543.0972  1.0960e+02  1.5743e+02
5544.3477  -2.4693e+02  1.6007e+02
5545.5981  -1.0750e+02  1.6146e+02
5546.8481  -7.9710e+01  1.6394e+02
5548.0986  3.4611e+01  1.6023e+02
5549.3491  -2.3743e+01  1.5684e+02
