# SNR 9.1993
# Quality c
# flux_factor = 1.e-20
6430.6455  -4.4124e+01  1.1222e+02
6431.8960  -4.3996e+01  1.1204e+02
6433.1465  -5.3990e+01  1.1128e+02
6434.3965  9.2640e+01  1.1140e+02
6435.6470  9.0427e+01  1.1202e+02
6436.8975  -5.4523e+01  1.1247e+02
6438.1475  -2.7801e+01  1.1237e+02
6439.3979  3.2200e+00  1.1120e+02
6440.6484  1.5603e+01  1.1027e+02
6441.8984  -6.6421e+01  1.1082e+02
6443.1489  -6.9990e+00  1.1151e+02
6444.3994  -1.0583e+02  1.1082e+02
6445.6499  -5.0430e+01  1.1080e+02
6446.8999  -4.9410e+01  1.1175e+02
6448.1504  1.7069e+02  1.1010e+02
6449.4009  -4.3466e+01  1.1280e+02
6450.6509  -1.5920e+01  1.1268e+02
6451.9014  4.8389e+01  1.1330e+02
6453.1519  -6.3056e+01  1.1593e+02
6454.4019  -1.4668e+01  1.1788e+02
6455.6523  -9.3052e+01  1.1462e+02
6456.9028  1.1217e+02  1.1202e+02
6458.1528  8.8184e+01  1.1171e+02
6459.4033  8.9030e+01  1.1756e+02
6460.6538  7.8383e+01  1.1932e+02
6461.9038  1.1301e+02  1.1336e+02
6463.1543  7.3729e+01  1.1167e+02
6464.4048  -8.7296e+01  1.2282e+02
6465.6553  9.6103e+01  1.3366e+02
6466.9053  -1.5658e+02  1.6055e+02
6468.1558  2.2946e+02  1.6580e+02
6469.4062  1.6408e+02  1.2951e+02
6470.6562  1.5286e+02  1.1879e+02
6471.9067  -4.1814e+01  1.3823e+02
6473.1572  -3.1872e+02  1.4651e+02
6474.4072  7.3381e+00  1.2991e+02
6475.6577  -8.7342e+01  1.1274e+02
6476.9082  -8.9796e+01  1.0922e+02
6478.1582  -5.5241e+01  1.1137e+02
6479.4087  3.4961e+00  1.2057e+02
6480.6592  1.7533e+01  1.2094e+02
6481.9092  1.3009e+02  1.1163e+02
6483.1597  1.0878e+02  1.0931e+02
6484.4102  4.0316e+01  1.0778e+02
6485.6606  6.7440e+01  1.0644e+02
6486.9106  1.7135e+01  1.0728e+02
6488.1611  3.4642e+01  1.0688e+02
6489.4116  3.5264e+01  1.0652e+02
6490.6616  6.7587e+01  1.0613e+02
6491.9121  -1.9410e+00  1.0605e+02
6493.1626  1.8147e+01  1.0643e+02
6494.4126  -9.3047e+01  1.0728e+02
6495.6631  -1.5243e+02  1.0734e+02
6496.9136  1.2440e+02  1.0701e+02
6498.1636  1.3811e+01  1.1211e+02
6499.4141  -1.6854e+01  1.4119e+02
6500.6646  4.9897e+01  2.0955e+02
6501.9146  1.2448e+02  1.8060e+02
6503.1650  5.0133e+01  1.1717e+02
6504.4155  1.0836e+01  1.1010e+02
6505.6660  4.2238e+01  1.1943e+02
6506.9160  -5.1469e+01  1.3551e+02
6508.1665  -8.9656e+01  1.2626e+02
6509.4170  9.5694e+01  1.0883e+02
6510.6670  -5.5628e+00  1.0603e+02
6511.9175  -3.3209e+01  1.0596e+02
6513.1680  5.8729e+01  1.0581e+02
6514.4180  -6.8317e+01  1.0686e+02
6515.6685  1.3596e+01  1.1315e+02
6516.9189  -5.1616e+01  1.1185e+02
6518.1689  -7.7032e+01  1.0516e+02
6519.4194  -4.1870e+01  1.0358e+02
6520.6699  -1.8666e+02  1.0420e+02
6521.9199  -4.3753e+01  1.0546e+02
6523.1704  4.2898e+01  1.1557e+02
6524.4209  4.5809e+01  1.2839e+02
6525.6714  6.8561e+01  1.2021e+02
6526.9214  1.2645e+02  1.0835e+02
6528.1719  4.3251e+01  1.0759e+02
6529.4224  -4.0636e+01  1.0760e+02
6530.6724  1.2125e+02  1.0484e+02
6531.9229  1.6113e+02  1.0507e+02
6533.1733  6.6055e+01  1.1762e+02
6534.4233  -3.1758e+01  1.7675e+02
6535.6738  2.3885e+02  1.8567e+02
6536.9243  2.8756e+02  1.2415e+02
6538.1743  5.9553e+02  1.0540e+02
6539.4248  3.6628e+02  1.0408e+02
6540.6753  3.8061e+02  1.0540e+02
6541.9253  3.6021e+02  1.0878e+02
6543.1758  1.7053e+02  1.1037e+02
6544.4263  2.9812e+02  1.1639e+02
6545.6768  2.4231e+02  1.3417e+02
6546.9268  1.1227e+02  1.3235e+02
6548.1772  9.5604e+01  1.1156e+02
6549.4277  7.6423e+01  1.0676e+02
6550.6777  4.6592e+00  1.0683e+02
6551.9282  -1.3330e+01  1.0467e+02
6553.1787  1.8728e+02  1.0931e+02
6554.4287  -1.4294e+01  1.3951e+02
6555.6792  2.0607e+01  2.0102e+02
6556.9297  7.5761e+01  1.4311e+02
6558.1797  1.2404e+00  1.0883e+02
6559.4302  -8.2419e+01  1.0345e+02
6560.6807  3.7475e+00  1.0200e+02
6561.9312  1.6082e+02  1.0422e+02
6563.1812  -3.5208e+01  1.2778e+02
6564.4316  8.4927e+01  2.0069e+02
6565.6821  -3.2278e+00  1.9238e+02
6566.9321  4.3621e+01  1.2057e+02
6568.1826  1.3850e+01  1.0288e+02
6569.4331  -3.2665e+01  1.1211e+02
6570.6831  4.1735e+00  1.2829e+02
6571.9336  1.3956e+02  1.2419e+02
6573.1841  -6.3050e+01  1.0934e+02
6574.4341  -1.0719e+00  1.0565e+02
6575.6846  7.4105e+01  1.0524e+02
6576.9351  9.2523e+01  1.0843e+02
6578.1851  6.3594e+01  1.2941e+02
6579.4355  1.5131e+02  1.8169e+02
6580.6860  -1.3864e+02  1.3190e+02
6581.9365  6.5967e+01  1.0761e+02
6583.1865  4.7607e+01  1.0308e+02
6584.4370  4.9548e+01  1.0616e+02
6585.6875  -8.5729e+01  1.0907e+02
6586.9375  3.0728e+01  1.0657e+02
6588.1880  3.6765e+01  1.0379e+02
6589.4385  -1.5624e+01  1.0217e+02
6590.6885  8.5394e+01  1.0278e+02
6591.9390  4.5193e+01  1.0311e+02
6593.1895  1.8416e+02  1.0439e+02
6594.4395  -8.9037e+01  1.0254e+02
6595.6899  1.2219e+00  1.0240e+02
6596.9404  -2.9368e+01  1.0615e+02
6598.1904  -7.3655e+01  1.1844e+02
6599.4409  -1.9793e+01  1.1747e+02
6600.6914  4.2834e+01  1.0489e+02
6601.9419  1.2446e+01  1.0268e+02
6603.1919  7.5372e+01  1.0312e+02
6604.4424  1.2489e+02  1.1074e+02
6605.6929  -1.5016e+02  1.3235e+02
6606.9429  3.5770e+01  1.3282e+02
6608.1934  7.1642e+01  1.0996e+02
6609.4438  1.2641e+01  1.0125e+02
6610.6938  -6.8243e+01  1.0107e+02
6611.9443  -2.2887e+02  1.0146e+02
6613.1948  -4.4218e+01  1.0132e+02
6614.4448  1.5425e+01  1.0122e+02
6615.6953  2.3504e+01  1.0099e+02
6616.9458  -1.0465e+01  1.0200e+02
6618.1958  -1.3904e+02  1.0199e+02
6619.4463  -1.2772e+02  1.0126e+02
6620.6968  8.3285e+01  1.0099e+02
6621.9473  9.5713e+01  1.0169e+02
6623.1973  5.5869e+00  1.0158e+02
6624.4478  1.5796e+00  1.0105e+02
6625.6982  7.3302e+01  1.0032e+02
6626.9482  -1.9324e+02  1.0155e+02
6628.1987  -1.0930e+02  1.0365e+02
6629.4492  -3.8249e+00  1.1078e+02
6630.6992  8.7380e+01  1.0760e+02
6631.9497  1.5229e+02  1.0288e+02
6633.2002  2.1171e+01  1.0188e+02
6634.4502  5.4971e+01  1.0499e+02
6635.7007  8.8704e+01  1.1534e+02
6636.9512  5.3264e+01  1.1598e+02
6638.2012  5.6446e+00  1.0486e+02
6639.4517  8.1195e+01  1.0142e+02
6640.7021  -9.8199e+00  1.0241e+02
6641.9526  2.5278e+02  1.0184e+02
6643.2026  1.8482e+01  1.0160e+02
6644.4531  -3.8996e-01  1.0082e+02
6645.7036  -2.4105e+01  1.0031e+02
6646.9536  2.5482e+01  1.0011e+02
