# SNR 10.3664
# Quality c
# flux_factor = 1.e-20
5503.7578  -8.4758e+01  5.0624e+01
5505.0078  3.0904e+01  5.3551e+01
5506.2583  -2.0339e+01  5.2645e+01
5507.5088  2.3631e+01  5.1449e+01
5508.7588  -2.2104e+01  5.0756e+01
5510.0093  1.0141e+02  5.1480e+01
5511.2598  1.7490e+01  6.0910e+01
5512.5103  2.1301e+01  6.3284e+01
5513.7603  8.3954e+01  5.3920e+01
5515.0107  -1.3432e+01  5.1049e+01
5516.2612  3.0001e+01  6.2453e+01
5517.5112  1.5592e+02  5.1499e+01
5518.7617  -1.9383e+01  4.9389e+01
5520.0122  5.3906e+01  5.6550e+01
5521.2622  4.3745e-01  6.2069e+01
5522.5127  -3.9685e+01  6.0059e+01
5523.7632  -4.1912e+01  5.9374e+01
5525.0132  -3.5332e+01  5.6231e+01
5526.2637  -4.9656e+01  6.1916e+01
5527.5142  7.0169e+00  6.8572e+01
5528.7642  4.3209e+01  4.8647e+01
5530.0146  1.0146e+02  5.7582e+01
5531.2651  2.3631e+01  5.7107e+01
5532.5151  -1.3907e+01  6.0954e+01
5533.7656  4.1153e+01  5.2621e+01
5535.0161  -7.3982e+01  5.6821e+01
5536.2666  -1.0524e+02  4.8083e+01
5537.5166  -3.8201e+01  5.6163e+01
5538.7671  -1.8513e+01  5.5901e+01
5540.0176  1.9058e+01  7.9125e+01
5541.2676  -7.2387e+00  5.8502e+01
5542.5181  -1.6839e+01  5.1810e+01
5543.7686  -7.8201e+01  7.5114e+01
5545.0186  -8.4570e+01  6.6994e+01
5546.2690  5.5200e+00  6.2863e+01
5547.5195  3.8158e+01  6.5409e+01
5548.7695  -1.7227e+01  5.8174e+01
5550.0200  4.2140e+01  5.7561e+01
5551.2705  -7.0919e+01  5.5727e+01
5552.5205  -1.3917e+02  6.3846e+01
5553.7710  2.8051e+01  5.5509e+01
5555.0215  9.4394e+01  5.6825e+01
5556.2715  5.0398e+01  5.2358e+01
5557.5220  1.6732e+01  5.5980e+01
5558.7725  -5.2499e+01  5.5122e+01
5560.0229  2.5590e+00  4.9874e+01
5561.2729  -1.1112e+02  4.9455e+01
5562.5234  -6.5019e+00  6.4555e+01
5563.7739  1.7851e+01  6.3968e+01
5565.0239  -2.2949e+01  6.2848e+01
5566.2744  -9.1307e+01  5.7906e+01
5567.5249  -1.2920e+02  4.6566e+01
5568.7749  6.9356e+00  5.7190e+01
5570.0254  4.2078e+01  4.9807e+01
5571.2759  2.6784e+01  5.2367e+01
5572.5259  4.1702e+01  5.8176e+01
5573.7764  8.6804e+01  6.9180e+01
5575.0269  1.7469e+01  7.0094e+01
5576.2769  3.1452e+01  2.0413e+02
5577.5273  2.8282e+01  4.0506e+02
5578.7778  3.1258e+01  4.3921e+02
5580.0278  3.1986e+01  2.5948e+02
5581.2783  2.3036e+01  8.7833e+01
5582.5288  3.8566e+01  7.8364e+01
5583.7793  5.0888e+01  7.2490e+01
5585.0293  -9.5621e+01  5.4162e+01
5586.2798  -6.9251e+01  5.6616e+01
5587.5303  -7.2675e+01  5.5396e+01
5588.7803  -2.7212e+01  5.7647e+01
5590.0308  4.0041e+01  6.4952e+01
5591.2812  1.9383e+01  6.2136e+01
5592.5312  2.8997e+01  6.7391e+01
5593.7817  1.7587e+02  6.5124e+01
5595.0322  2.8853e+02  6.8192e+01
5596.2822  3.1655e+02  5.6347e+01
5597.5327  3.7427e+02  4.8594e+01
5598.7832  3.1548e+02  5.9802e+01
5600.0332  2.2250e+02  6.0623e+01
5601.2837  1.3722e+02  5.5598e+01
5602.5342  2.4930e+02  5.4072e+01
5603.7842  9.5686e+01  5.1595e+01
5605.0347  -3.1306e+01  5.5519e+01
5606.2852  8.4763e+01  6.1140e+01
5607.5356  7.2798e+01  5.4901e+01
5608.7856  1.7851e+01  5.0055e+01
5610.0361  9.0497e+01  4.8478e+01
5611.2866  -3.6632e+01  4.9884e+01
5612.5366  -4.2180e+01  5.2387e+01
5613.7871  9.0928e+01  4.9566e+01
5615.0376  5.2236e+01  4.7565e+01
5616.2876  1.2034e+02  6.0709e+01
5617.5381  9.5967e+00  5.1929e+01
5618.7886  -3.3480e+01  5.7981e+01
5620.0386  -6.6641e+00  4.9439e+01
5621.2891  8.4735e+01  4.8902e+01
5622.5396  2.0094e+01  5.0945e+01
5623.7896  8.3374e+00  5.9181e+01
5625.0400  -3.2677e+01  7.2716e+01
5626.2905  -4.3558e+01  5.8717e+01
5627.5405  7.5002e+01  4.6656e+01
5628.7910  8.4822e+01  4.7177e+01
5630.0415  3.2018e+01  6.5260e+01
5631.2920  -2.9156e+01  6.7161e+01
5632.5420  5.1621e+01  5.3632e+01
5633.7925  -2.6626e+01  6.3891e+01
5635.0430  -2.6743e+01  5.6926e+01
5636.2930  4.7387e+01  5.8848e+01
5637.5435  6.5434e+01  5.4484e+01
5638.7939  -5.0370e+00  4.8312e+01
5640.0439  4.2660e+01  5.1247e+01
5641.2944  1.8607e+00  5.4345e+01
5642.5449  2.4102e+01  5.5867e+01
5643.7949  -5.8264e+00  5.8142e+01
5645.0454  6.1643e+01  5.9624e+01
5646.2959  2.9713e+01  6.4206e+01
5647.5459  1.2107e+02  4.7957e+01
5648.7964  7.8874e+00  5.0438e+01
5650.0469  -9.2000e+01  6.1055e+01
5651.2969  -4.7456e+01  5.3279e+01
5652.5474  -7.3616e+01  5.2738e+01
5653.7979  -4.9079e+01  4.5589e+01
5655.0483  1.0401e+02  5.6610e+01
5656.2983  3.5896e+01  5.0881e+01
5657.5488  2.6113e+01  5.3935e+01
5658.7993  5.2347e+01  5.2315e+01
5660.0493  3.2509e+01  5.1535e+01
5661.2998  3.3567e+01  5.0020e+01
5662.5503  -1.1848e+01  5.8805e+01
5663.8003  1.9787e+01  5.3528e+01
5665.0508  6.4656e+01  5.2497e+01
5666.3013  -4.6976e+01  5.9586e+01
5667.5513  4.3133e+01  5.0153e+01
5668.8018  3.3975e+01  6.1903e+01
5670.0522  1.2248e+02  5.1259e+01
5671.3022  -2.4480e+01  5.5678e+01
5672.5527  -2.8322e+01  6.0648e+01
5673.8032  -1.9792e+01  5.3174e+01
5675.0532  8.6521e+01  5.6117e+01
5676.3037  2.9468e+01  6.0667e+01
5677.5542  -1.6495e+01  4.5398e+01
5678.8047  1.0647e+01  4.4282e+01
5680.0547  9.2470e+01  5.2322e+01
5681.3052  1.3212e+02  4.8154e+01
5682.5557  1.3872e+02  5.8694e+01
5683.8057  3.6346e+01  5.5237e+01
5685.0562  2.4336e+01  4.9441e+01
5686.3066  1.1467e+02  4.7814e+01
5687.5566  1.4189e+02  4.4756e+01
5688.8071  4.3014e+01  4.7479e+01
5690.0576  9.3995e+01  5.8386e+01
