# SNR 12.3192
# Quality c
# flux_factor = 1.e-20
6584.0537  1.9337e+00  4.7748e+01
6585.3037  2.3678e+01  4.5160e+01
6586.5542  -8.8010e+00  3.7381e+01
6587.8047  -3.5269e+01  3.4786e+01
6589.0547  2.1680e+01  3.6160e+01
6590.3052  1.1263e+01  3.9458e+01
6591.5557  -7.9846e+00  4.1919e+01
6592.8062  -4.2009e+01  4.5303e+01
6594.0562  6.5944e+00  3.6530e+01
6595.3066  -1.2348e+01  3.6808e+01
6596.5571  3.1311e+01  4.1301e+01
6597.8071  4.9190e+00  5.0249e+01
6599.0576  1.9909e+01  3.8529e+01
6600.3081  4.7040e+00  4.0498e+01
6601.5581  4.4482e+01  4.3324e+01
6602.8086  -3.1934e+01  4.5048e+01
6604.0591  -5.7570e+01  4.4160e+01
6605.3091  2.3554e+01  5.6457e+01
6606.5596  3.8876e+01  4.6178e+01
6607.8101  3.2796e+01  3.6504e+01
6609.0601  -5.5555e+01  3.9041e+01
6610.3105  2.8765e+01  3.9177e+01
6611.5610  9.9453e+00  4.4259e+01
6612.8115  6.5850e+01  3.5683e+01
6614.0615  -3.3793e+01  3.5543e+01
6615.3120  6.0358e+01  3.4879e+01
6616.5625  9.1171e+01  3.6318e+01
6617.8125  1.0691e+01  3.4836e+01
6619.0630  -2.6783e+01  3.3680e+01
6620.3135  6.5359e+01  3.4424e+01
6621.5635  -4.3189e+01  4.0234e+01
6622.8140  -3.4716e+00  3.7452e+01
6624.0645  -2.5281e+01  4.0840e+01
6625.3145  1.9511e+01  3.8948e+01
6626.5649  -4.6476e+00  4.3288e+01
6627.8154  -8.9454e+01  4.6315e+01
6629.0654  -2.1128e+01  4.5010e+01
6630.3159  3.1928e+01  3.8603e+01
6631.5664  -3.9550e+01  3.9595e+01
6632.8169  2.7578e+01  3.6613e+01
6634.0669  2.0951e+01  5.2891e+01
6635.3174  5.1444e+01  5.2233e+01
6636.5679  5.8171e+01  3.7926e+01
6637.8179  4.2983e+01  3.4306e+01
6639.0684  -1.0541e+01  3.9822e+01
6640.3188  -4.8279e+01  3.5561e+01
6641.5688  2.2902e+01  3.6790e+01
6642.8193  -6.7627e+00  3.9434e+01
6644.0698  -2.7433e+01  4.0841e+01
6645.3198  2.7673e+01  3.4582e+01
6646.5703  7.9411e+01  3.6442e+01
6647.8208  -1.3529e+01  3.5880e+01
6649.0708  4.3697e+01  3.3156e+01
6650.3213  -3.9668e+01  4.0294e+01
6651.5718  2.1643e+01  3.9540e+01
6652.8223  -8.1431e+00  3.8292e+01
6654.0723  -3.3339e+01  3.3366e+01
6655.3228  -2.5784e+01  3.8901e+01
6656.5732  -4.2082e+01  3.3936e+01
6657.8232  -1.4447e+01  4.4484e+01
6659.0737  -1.7223e+00  3.8489e+01
6660.3242  3.5088e+01  3.8494e+01
6661.5742  5.8582e+01  4.0407e+01
6662.8247  3.2059e+00  4.6360e+01
6664.0752  -3.8480e+00  3.7957e+01
6665.3252  -3.3799e+01  3.8383e+01
6666.5757  -4.7327e+01  3.7573e+01
6667.8262  5.4352e+01  4.3758e+01
6669.0762  -1.9241e+01  3.9942e+01
6670.3267  -3.8803e+01  3.5540e+01
6671.5771  1.6964e+01  3.8050e+01
6672.8276  -1.5061e+01  4.2135e+01
6674.0776  2.6857e+01  3.5435e+01
6675.3281  -3.9696e-01  3.9443e+01
6676.5786  2.8949e+00  4.0110e+01
6677.8286  -9.1437e+00  4.0334e+01
6679.0791  3.8234e+01  4.0896e+01
6680.3296  1.6150e+01  3.8445e+01
6681.5796  -1.2455e+00  4.3115e+01
6682.8301  -3.6059e+01  4.3126e+01
6684.0806  -6.9164e+00  3.4576e+01
6685.3306  -1.4728e+01  4.5456e+01
6686.5811  -1.5327e+01  4.2717e+01
6687.8315  -2.1370e+01  4.0226e+01
6689.0820  -1.9231e+01  3.9311e+01
6690.3320  3.3657e+01  3.7548e+01
6691.5825  1.1114e+02  3.8857e+01
6692.8330  1.3164e+02  4.1455e+01
6694.0830  2.7088e+02  3.6999e+01
6695.3335  3.7544e+02  3.3103e+01
6696.5840  2.6801e+02  4.1003e+01
6697.8340  1.9746e+02  4.0581e+01
6699.0845  1.4518e+02  3.9437e+01
6700.3350  5.2159e+01  4.0452e+01
6701.5850  8.6946e+01  3.5109e+01
6702.8354  8.5470e+01  3.9931e+01
6704.0859  5.0725e+01  3.9881e+01
6705.3359  3.3094e+00  4.9138e+01
6706.5864  3.9683e+01  3.9098e+01
6707.8369  5.8860e+01  3.5680e+01
6709.0874  -4.0225e+00  4.8063e+01
6710.3374  3.7380e+01  3.7637e+01
6711.5879  1.6670e+01  4.0862e+01
6712.8384  2.4754e+01  3.8637e+01
6714.0884  -7.6701e+00  3.6575e+01
6715.3389  7.2016e+01  3.6847e+01
6716.5894  6.2246e+01  4.4754e+01
6717.8394  4.9658e+01  4.2071e+01
6719.0898  5.8303e+01  3.5425e+01
6720.3403  1.0984e+02  4.0014e+01
6721.5903  -2.7362e+00  3.5889e+01
6722.8408  -3.1260e+01  3.4749e+01
6724.0913  1.4047e+01  4.2082e+01
6725.3413  4.5436e+01  3.9101e+01
6726.5918  6.6174e+01  3.5269e+01
6727.8423  -1.4985e+00  4.3895e+01
6729.0928  6.5714e+01  3.9543e+01
6730.3428  7.9621e+01  3.3607e+01
6731.5933  1.1325e+02  3.8687e+01
6732.8438  5.0032e+01  4.7997e+01
6734.0938  4.4866e+00  4.4725e+01
6735.3442  -5.3206e+00  3.8478e+01
6736.5947  -2.3294e+01  3.4953e+01
6737.8447  6.1781e+01  4.1931e+01
6739.0952  -4.9205e+01  4.1108e+01
6740.3457  1.6102e+01  3.7360e+01
6741.5957  -1.4876e+01  4.1684e+01
6742.8462  -7.5600e+00  3.9483e+01
6744.0967  4.7513e+01  4.5227e+01
6745.3472  4.3307e+01  4.9608e+01
6746.5972  -5.7000e+00  4.2625e+01
6747.8477  -1.6130e+01  3.8818e+01
6749.0981  1.5327e+01  3.5560e+01
6750.3481  1.1098e+01  3.4232e+01
6751.5986  2.1050e+01  3.6779e+01
6752.8491  6.1184e+01  3.8393e+01
6754.0991  3.7745e+01  3.8345e+01
6755.3496  3.1415e+01  3.3303e+01
6756.6001  -5.4937e+01  3.6525e+01
6757.8501  3.0052e+01  3.3396e+01
6759.1006  1.8771e+01  3.6353e+01
6760.3511  4.5681e+01  3.5807e+01
6761.6011  -5.6647e+01  4.0345e+01
6762.8516  -3.1191e+01  4.2933e+01
6764.1021  -4.0210e+01  3.2944e+01
6765.3525  -1.4029e+01  4.0516e+01
6766.6025  2.5582e+01  3.7119e+01
6767.8530  2.8255e+01  3.9141e+01
6769.1035  -7.0958e+01  3.5178e+01
6770.3535  1.1492e+01  3.3732e+01
6771.6040  5.8824e+01  3.8865e+01
6772.8545  9.7402e+01  3.3277e+01
6774.1045  3.4936e+01  4.2201e+01
6775.3550  -2.3551e+01  3.9903e+01
6776.6055  3.0425e+01  3.5964e+01
6777.8555  1.1816e+00  3.3348e+01
6779.1060  1.6718e+01  3.3333e+01
6780.3564  4.8642e+01  3.2962e+01
6781.6064  1.5935e-01  3.5796e+01
6782.8569  3.5242e+01  3.7922e+01
6784.1074  6.4257e+00  3.7075e+01
6785.3579  3.3531e+00  3.6789e+01
6786.6079  3.8822e+01  3.3573e+01
6787.8584  6.8839e+01  3.7806e+01
6789.1089  -1.3916e+01  3.9383e+01
6790.3589  -5.7679e+01  3.4318e+01
6791.6094  5.4202e+01  3.7484e+01
6792.8599  6.2643e+01  4.0613e+01
6794.1099  -3.6703e+01  3.6715e+01
6795.3604  4.2993e+01  3.2563e+01
6796.6108  6.6537e+00  3.8206e+01
6797.8608  1.3698e+01  3.2894e+01
6799.1113  -8.3571e+00  4.0047e+01
6800.3618  3.6857e+00  3.2388e+01
6801.6123  2.0695e+01  3.9735e+01
6802.8623  -8.2710e+01  3.6930e+01
6804.1128  2.7108e+01  3.3948e+01
6805.3633  7.3378e+00  4.1046e+01
6806.6133  -3.2966e+01  3.7972e+01
