# SNR 11.8626
# Quality c
# flux_factor = 1.e-20
5280.0767  1.7511e+02  9.3893e+01
5281.3267  1.2328e+02  1.0087e+02
5282.5771  -4.9825e-01  9.1143e+01
5283.8276  1.2505e+02  1.1028e+02
5285.0776  8.7774e+01  9.1190e+01
5286.3281  -1.3069e+02  9.8560e+01
5287.5786  8.5627e+01  1.0066e+02
5288.8286  -3.5121e+01  9.7967e+01
5290.0791  -8.8012e+01  1.0364e+02
5291.3296  -7.1530e+01  9.8776e+01
5292.5796  -6.2942e+01  1.0189e+02
5293.8301  8.9128e+00  1.0824e+02
5295.0806  -3.5570e+01  1.0807e+02
5296.3306  -6.2238e+01  9.2891e+01
5297.5811  2.1617e+02  1.0783e+02
5298.8315  1.2539e+02  1.0490e+02
5300.0815  1.0431e+02  9.4943e+01
5301.3320  -7.3680e+01  9.2287e+01
5302.5825  1.2801e+02  9.0118e+01
5303.8330  1.5165e+02  1.0941e+02
5305.0830  1.7763e+01  1.2846e+02
5306.3335  -1.3111e+01  1.0610e+02
5307.5840  -4.9672e+01  9.1777e+01
5308.8340  8.5344e+01  9.1287e+01
5310.0845  -8.8627e+01  9.0213e+01
5311.3350  8.9774e+01  1.1915e+02
5312.5850  1.6574e+02  1.1721e+02
5313.8354  -8.4243e+01  9.5899e+01
5315.0859  2.3527e+01  1.0215e+02
5316.3359  7.8470e+01  1.0381e+02
5317.5864  2.2309e+02  1.0180e+02
5318.8369  4.6590e+01  1.1413e+02
5320.0869  1.0036e+02  1.0840e+02
5321.3374  2.5664e+00  1.0222e+02
5322.5879  3.8023e+01  1.2015e+02
5323.8379  -1.1189e+01  9.3434e+01
5325.0884  -4.4716e+01  9.3807e+01
5326.3389  2.1855e-01  1.0537e+02
5327.5889  5.4719e+00  1.2736e+02
5328.8394  6.4972e+01  1.0102e+02
5330.0898  2.5567e+02  1.0033e+02
5331.3403  -4.3899e+00  1.3816e+02
5332.5903  1.7353e+01  1.0739e+02
5333.8408  8.4340e+01  1.2910e+02
5335.0913  2.5876e+01  1.2875e+02
5336.3413  1.8830e+00  9.9791e+01
5337.5918  1.1383e+01  9.6710e+01
5338.8423  -1.3463e+02  9.5422e+01
5340.0923  2.3979e+00  9.8318e+01
5341.3428  -1.3629e+02  9.5963e+01
5342.5933  -1.4638e+02  9.5896e+01
5343.8433  7.4155e+01  1.0818e+02
5345.0938  8.5709e+01  9.2183e+01
5346.3442  1.6464e+02  9.3258e+01
5347.5942  -2.7992e+00  9.3374e+01
5348.8447  -1.6766e+01  1.0413e+02
5350.0952  -1.7435e+02  1.0042e+02
5351.3452  6.1403e+01  9.5544e+01
5352.5957  1.4995e+02  9.3184e+01
5353.8462  2.2972e+02  1.0659e+02
5355.0967  2.3653e+02  1.0161e+02
5356.3467  6.1683e+02  9.3592e+01
5357.5972  4.4717e+02  1.0586e+02
5358.8477  6.3188e+02  9.2175e+01
5360.0977  5.8542e+02  9.2539e+01
5361.3481  5.5847e+02  1.0896e+02
5362.5986  4.6361e+02  9.4526e+01
5363.8486  4.9376e+01  9.2751e+01
5365.0991  1.3631e+01  1.1148e+02
5366.3496  3.1916e+02  8.9044e+01
5367.5996  8.5422e+02  9.4081e+01
5368.8501  8.5649e+02  1.0856e+02
5370.1006  8.8711e+02  9.7396e+01
5371.3506  6.0591e+02  8.5924e+01
5372.6011  4.0431e+02  8.6659e+01
5373.8516  3.0940e+02  9.3431e+01
5375.1016  1.7580e+02  9.8299e+01
5376.3521  -1.2502e+02  9.8859e+01
5377.6025  -1.9868e+02  9.6515e+01
5378.8525  -6.8670e+00  1.0674e+02
5380.1030  -5.1217e+01  1.0414e+02
5381.3535  -2.0690e+02  1.0278e+02
5382.6040  -8.4160e+01  8.7124e+01
5383.8540  -8.0303e+01  1.0391e+02
5385.1045  -1.0331e+02  1.1263e+02
5386.3550  2.5052e+02  8.7908e+01
5387.6050  -6.4622e+00  8.8364e+01
5388.8555  6.4982e+01  9.9462e+01
5390.1060  2.2517e+01  1.1247e+02
5391.3560  -6.2996e+01  8.5958e+01
5392.6064  4.6936e+01  1.1008e+02
5393.8569  1.0985e+02  9.1398e+01
5395.1069  8.9248e+01  1.1161e+02
5396.3574  1.0776e+02  8.6819e+01
5397.6079  4.3724e+01  9.5980e+01
5398.8579  -2.7725e+00  1.0245e+02
5400.1084  -2.4497e+01  8.6663e+01
5401.3589  1.5591e+01  8.7911e+01
5402.6089  -6.5105e+00  8.6835e+01
5403.8594  1.5767e+02  9.2673e+01
5405.1099  9.9434e+01  9.3547e+01
5406.3604  6.7570e+01  8.4264e+01
5407.6104  -5.8676e+01  9.0683e+01
5408.8608  1.1771e+02  9.3292e+01
5410.1113  1.6572e+02  8.7425e+01
5411.3613  1.4213e+02  9.3891e+01
5412.6118  1.5055e+02  8.9424e+01
5413.8623  -7.9763e+01  1.1039e+02
5415.1123  -6.6174e+01  9.3624e+01
5416.3628  -5.1793e+01  9.3852e+01
5417.6133  1.2605e+01  1.1892e+02
5418.8633  -6.8746e+01  8.8644e+01
5420.1138  -6.6316e+00  8.9563e+01
5421.3643  -3.9323e+01  9.3630e+01
5422.6143  -1.5998e+01  9.5090e+01
5423.8647  1.0270e+01  9.5798e+01
5425.1152  1.2983e+02  9.5851e+01
5426.3652  7.1734e+01  9.4460e+01
5427.6157  7.6793e-01  9.8744e+01
5428.8662  1.1756e+02  9.9034e+01
5430.1162  -1.0600e+01  8.7401e+01
5431.3667  -1.1498e+02  8.6019e+01
5432.6172  3.2342e+01  8.8010e+01
5433.8677  1.1739e+02  9.6305e+01
5435.1177  1.5949e+01  9.7286e+01
5436.3682  -4.0846e+01  1.0039e+02
5437.6187  9.9697e+01  9.7817e+01
5438.8687  4.0064e-01  9.1955e+01
5440.1191  5.1218e+01  1.0185e+02
5441.3696  8.2784e+01  9.4747e+01
5442.6196  -1.2564e+02  8.8782e+01
5443.8701  1.2839e+02  1.0017e+02
5445.1206  -4.2049e+01  8.8904e+01
5446.3706  1.7308e+02  9.7355e+01
5447.6211  -8.5164e+01  9.2451e+01
5448.8716  -7.4423e+00  9.2204e+01
5450.1216  1.2605e+02  8.7270e+01
5451.3721  1.8417e+02  8.7682e+01
5452.6226  -5.7998e+01  1.0404e+02
5453.8726  4.5685e-01  8.6918e+01
5455.1230  -5.7841e+01  9.1672e+01
5456.3735  -5.2392e+01  1.0215e+02
5457.6240  1.1838e+02  1.0359e+02
