# SNR 12.8079
# Quality c
# flux_factor = 1.e-20
7323.5229  -2.8577e+01  9.7058e+01
7324.7734  -4.1409e+01  9.6253e+01
7326.0239  1.9772e+01  9.5643e+01
7327.2739  -9.2096e+01  9.6515e+01
7328.5244  4.9015e+01  9.6201e+01
7329.7749  4.6598e+00  1.1461e+02
7331.0254  2.8486e+02  1.9222e+02
7332.2754  -5.9751e+01  2.1796e+02
7333.5259  -2.7993e+02  1.5477e+02
7334.7764  2.2836e+01  1.0498e+02
7336.0264  -1.9549e+01  9.8751e+01
7337.2769  -2.4847e+01  9.6391e+01
7338.5273  2.5357e+01  9.6032e+01
7339.7773  5.1520e+01  9.8210e+01
7341.0278  -2.3404e+01  1.2102e+02
7342.2783  4.1907e+01  2.4505e+02
7343.5283  -8.1653e+02  4.2885e+02
7344.7788  -2.6222e+02  2.7986e+02
7346.0293  1.6470e+02  1.3826e+02
7347.2793  -2.9590e+01  1.0419e+02
7348.5298  4.8633e+01  1.0477e+02
7349.7803  -4.1945e+01  1.0229e+02
7351.0308  1.5814e+02  1.0052e+02
7352.2808  2.0310e+02  1.0129e+02
7353.5312  1.1119e+02  1.0608e+02
7354.7817  -2.2481e+01  1.0682e+02
7356.0317  4.2756e+01  1.0247e+02
7357.2822  9.0840e+01  9.8894e+01
7358.5327  -1.3041e+02  1.0205e+02
7359.7827  8.6405e+01  1.3900e+02
7361.0332  4.1300e+02  2.0388e+02
7362.2837  1.8782e+02  1.9152e+02
7363.5337  1.2341e+01  1.2021e+02
7364.7842  -3.8304e+01  9.8850e+01
7366.0347  -9.0606e+01  1.0047e+02
7367.2852  -4.8891e+01  1.0318e+02
7368.5352  8.2515e+01  1.0318e+02
7369.7856  -7.5232e+01  1.2729e+02
7371.0361  9.7237e+01  2.4246e+02
7372.2861  -1.3144e+02  3.7141e+02
7373.5366  -1.5200e+02  2.2614e+02
7374.7871  7.3020e+01  1.1253e+02
7376.0371  3.8165e+01  1.0541e+02
7377.2876  -6.2329e+01  1.0698e+02
7378.5381  -3.3228e+01  9.9036e+01
7379.7881  1.2183e+02  9.7002e+01
7381.0386  -2.1994e+01  9.8789e+01
7382.2891  -8.8021e+01  9.8480e+01
7383.5396  -1.9764e+01  9.6790e+01
7384.7896  -1.0105e+01  9.7272e+01
7386.0400  1.0010e+02  9.8386e+01
7387.2905  4.9848e+01  9.7000e+01
7388.5405  7.1184e+01  9.4993e+01
7389.7910  -3.2276e+01  9.6563e+01
7391.0415  3.9247e+01  9.8536e+01
7392.2915  2.4545e+01  1.0571e+02
7393.5420  5.5544e+01  1.3728e+02
7394.7925  1.4023e+02  1.7995e+02
7396.0425  -1.1921e+02  1.5796e+02
7397.2930  9.7175e+01  1.0530e+02
7398.5435  -3.9810e+01  9.6030e+01
7399.7935  -8.5941e+01  9.5231e+01
7401.0439  3.2712e+01  9.7596e+01
7402.2944  -4.3531e+01  1.1302e+02
7403.5449  2.4815e+02  1.9901e+02
7404.7949  5.8229e+01  2.4273e+02
7406.0454  -2.0691e+02  1.8391e+02
7407.2959  8.1958e+01  1.0370e+02
7408.5459  1.7372e+02  9.5447e+01
7409.7964  9.9128e+01  9.4509e+01
7411.0469  1.4175e+01  9.3078e+01
7412.2969  -4.8767e+01  9.3177e+01
7413.5474  1.2053e+02  9.6643e+01
7414.7979  1.1990e+02  1.0194e+02
7416.0479  -7.0937e+01  1.0209e+02
7417.2983  3.4726e+01  9.7209e+01
7418.5488  8.6253e+01  9.7971e+01
7419.7993  -1.2586e+02  1.0024e+02
7421.0493  -1.5071e+01  9.6256e+01
7422.2998  8.3599e+00  9.4422e+01
7423.5503  7.6423e+01  9.3809e+01
7424.8003  1.4814e+02  9.5454e+01
7426.0508  1.3851e+01  9.6631e+01
7427.3013  2.9255e+01  9.5617e+01
7428.5513  1.1029e+02  9.3928e+01
7429.8018  -1.2834e+02  9.5445e+01
7431.0522  1.5568e+02  1.1543e+02
7432.3022  -4.0072e+01  1.4640e+02
7433.5527  -7.7467e+00  1.3549e+02
7434.8032  8.9840e+00  1.0011e+02
7436.0532  3.5763e+01  9.4302e+01
7437.3037  -3.9899e+01  9.4676e+01
7438.5542  -1.6093e+01  9.7488e+01
7439.8047  7.9177e+01  1.3648e+02
7441.0547  8.2545e+01  1.8346e+02
7442.3052  3.7779e+01  1.6348e+02
7443.5557  8.1353e+01  1.0707e+02
7444.8057  4.0231e+02  9.4540e+01
7446.0562  6.5706e+02  9.4011e+01
7447.3066  4.7577e+02  9.3845e+01
7448.5566  3.7226e+02  9.3754e+01
7449.8071  5.0976e+02  9.3305e+01
7451.0576  3.3631e+02  9.3779e+01
7452.3076  3.3601e+02  9.3378e+01
7453.5581  1.9148e+02  9.4569e+01
7454.8086  1.2834e+02  9.5253e+01
7456.0591  5.8948e+01  9.4746e+01
7457.3091  3.8148e+01  9.3093e+01
7458.5596  3.8500e+01  9.3994e+01
7459.8101  6.6527e+01  9.5330e+01
7461.0601  6.3515e+01  9.8356e+01
7462.3105  5.9623e+01  9.7764e+01
7463.5610  9.6716e+01  1.0004e+02
7464.8110  -7.0092e+01  1.1102e+02
7466.0615  5.5318e+01  1.1143e+02
7467.3120  -4.6035e+00  1.0695e+02
7468.5620  -1.5788e+02  1.2351e+02
7469.8125  -1.2398e+01  1.2702e+02
7471.0630  1.2446e+02  1.0872e+02
7472.3135  -1.1555e+02  1.1002e+02
7473.5635  -6.4459e+00  1.3477e+02
7474.8140  1.6281e+02  1.4555e+02
7476.0645  1.0382e+02  1.5661e+02
7477.3145  -8.3230e+01  1.4473e+02
7478.5649  -1.2644e+02  1.0602e+02
7479.8154  -1.7753e+01  1.0169e+02
7481.0654  1.1752e+02  1.3234e+02
7482.3159  5.6227e+01  1.6052e+02
7483.5664  5.7852e+01  1.4222e+02
7484.8164  1.7371e+02  1.3399e+02
7486.0669  6.7439e+01  1.6882e+02
7487.3174  1.0556e+02  1.5102e+02
7488.5679  1.0369e+02  1.0423e+02
7489.8179  -7.7472e+00  9.8613e+01
7491.0684  -2.4765e+01  9.8469e+01
7492.3188  -3.4616e+01  9.5715e+01
7493.5688  -1.6600e+01  9.4365e+01
7494.8193  -5.7692e+01  1.0156e+02
7496.0698  7.7732e+01  1.2303e+02
7497.3198  3.3280e+01  1.1937e+02
7498.5703  -5.7690e+01  9.7571e+01
7499.8208  9.0647e+01  9.3127e+01
7501.0708  -2.1582e+01  9.4586e+01
7502.3213  1.7858e+01  9.5517e+01
7503.5718  -3.3339e+01  9.6435e+01
7504.8218  -7.2353e+00  9.5273e+01
7506.0723  2.2841e+01  9.5147e+01
7507.3228  8.9382e+01  9.3787e+01
7508.5732  3.7051e+01  9.3151e+01
7509.8232  9.6891e+00  9.2593e+01
7511.0737  -4.2093e+01  9.3593e+01
7512.3242  8.5481e+01  9.3419e+01
7513.5742  8.4651e+01  9.1649e+01
7514.8247  1.8247e+01  9.2039e+01
7516.0752  3.7277e+01  9.3545e+01
7517.3252  2.8785e+01  9.3006e+01
7518.5757  5.2166e+01  9.9827e+01
7519.8262  -3.0366e+01  1.1639e+02
7521.0762  -8.0162e+01  1.1244e+02
7522.3267  -1.6467e+02  9.8401e+01
7523.5771  -5.1288e+01  1.0196e+02
7524.8276  -2.1433e+02  1.4891e+02
7526.0776  -1.4750e+02  2.4332e+02
7527.3281  3.8696e+01  2.5708e+02
7528.5786  -1.7799e+02  1.6882e+02
7529.8286  2.0032e+02  1.0192e+02
7531.0791  8.1595e+01  1.0450e+02
7532.3296  -5.3157e+00  1.3470e+02
7533.5796  -2.6990e+02  1.6044e+02
7534.8301  -3.0616e+00  1.3214e+02
7536.0806  1.3226e-01  9.6726e+01
7537.3306  3.1060e+01  9.3986e+01
7538.5811  -3.5359e+01  9.5120e+01
7539.8315  1.0941e+02  9.6464e+01
7541.0820  -1.0220e+02  9.6732e+01
7542.3320  3.5121e+01  1.1032e+02
7543.5825  8.9325e+00  1.1496e+02
7544.8330  1.0570e+02  1.0336e+02
7546.0830  8.8799e+01  9.4084e+01
7547.3335  -1.3716e+02  9.3625e+01
7548.5840  -4.9294e+01  9.4085e+01
7549.8340  -8.5996e+01  9.5045e+01
7551.0845  9.9556e+00  9.4345e+01
7552.3350  -1.3894e+01  9.3598e+01
7553.5850  9.1596e+01  9.3622e+01
7554.8354  4.4191e+01  9.6283e+01
7556.0859  -4.1238e+01  9.7799e+01
7557.3359  1.2623e+02  9.5254e+01
7558.5864  4.4474e+01  1.0600e+02
7559.8369  2.9241e+01  1.3814e+02
7561.0874  -3.9343e+01  1.3771e+02
7562.3374  -2.7711e+01  1.0484e+02
7563.5879  6.9096e+01  9.5782e+01
7564.8384  5.4985e+00  9.5255e+01
7566.0884  6.6591e+01  9.5038e+01
7567.3389  6.8668e+01  9.4386e+01
7568.5894  -1.9891e+01  9.7073e+01
7569.8394  1.2066e+02  1.0857e+02
