# SNR 11.9895
# Quality c
# flux_factor = 1.e-20
5276.3804  3.2340e+01  1.2026e+02
5277.6304  -1.6431e+02  1.0710e+02
5278.8809  -1.7270e+01  9.9807e+01
5280.1313  9.5917e+01  7.8108e+01
5281.3813  2.7943e+01  1.0309e+02
5282.6318  2.2725e+01  8.5819e+01
5283.8823  -2.8533e+01  8.3434e+01
5285.1323  4.1711e+01  8.3800e+01
5286.3828  2.5233e+00  7.4465e+01
5287.6333  1.1292e+02  8.9425e+01
5288.8833  6.9742e+01  1.1159e+02
5290.1338  -6.7298e+01  1.0389e+02
5291.3843  5.8689e+01  9.4146e+01
5292.6343  9.5589e+01  8.7640e+01
5293.8848  -5.1951e+01  1.0448e+02
5295.1353  6.0657e+01  7.7370e+01
5296.3853  -4.6683e+01  8.2536e+01
5297.6357  3.9805e+01  7.5694e+01
5298.8862  -8.2314e+01  1.0621e+02
5300.1362  4.0008e+01  8.3898e+01
5301.3867  5.1438e+00  9.5094e+01
5302.6372  -6.8876e+01  7.3917e+01
5303.8877  -1.4981e+02  7.6043e+01
5305.1377  -2.8012e+01  8.9626e+01
5306.3882  2.9220e+01  9.7405e+01
5307.6387  -1.4635e+02  8.2305e+01
5308.8887  -1.0307e+02  8.7837e+01
5310.1392  -6.1341e+01  8.9914e+01
5311.3896  -4.7818e+01  8.6138e+01
5312.6396  1.8553e+01  7.9650e+01
5313.8901  -6.0610e+01  8.4441e+01
5315.1406  -6.0733e+01  8.4682e+01
5316.3906  3.2790e+01  7.7809e+01
5317.6411  3.2849e+01  9.9162e+01
5318.8916  -5.9973e+01  8.6345e+01
5320.1416  1.1630e+02  8.8021e+01
5321.3921  8.7863e+01  9.6030e+01
5322.6426  -2.6317e+01  7.7974e+01
5323.8926  -8.1338e+01  7.6966e+01
5325.1431  3.7728e+01  1.0998e+02
5326.3936  3.2287e+01  8.5842e+01
5327.6440  -1.5885e+01  8.1769e+01
5328.8940  -2.7277e+01  7.9598e+01
5330.1445  -3.6153e+01  8.9842e+01
5331.3950  1.0249e+02  8.3699e+01
5332.6450  8.9116e+00  8.9796e+01
5333.8955  -3.4493e+01  1.0092e+02
5335.1460  -1.5190e+02  8.6077e+01
5336.3960  6.3362e+01  8.7392e+01
5337.6465  1.3956e+02  8.0365e+01
5338.8970  1.0639e+02  8.4554e+01
5340.1470  -7.6923e+01  7.8631e+01
5341.3975  3.0628e+01  7.5553e+01
5342.6479  -5.4785e+01  9.6976e+01
5343.8979  -1.1536e+01  7.4185e+01
5345.1484  1.6245e+01  7.9104e+01
5346.3989  1.5432e+02  9.4018e+01
5347.6489  6.4721e+01  8.9767e+01
5348.8994  3.1753e+01  9.0915e+01
5350.1499  -8.5638e-01  7.6720e+01
5351.3999  -5.0320e+01  7.5448e+01
5352.6504  2.4100e+01  7.8794e+01
5353.9009  3.2996e+01  8.0499e+01
5355.1514  -1.2158e+01  7.9252e+01
5356.4014  2.0606e+02  8.8332e+01
5357.6519  8.0679e+01  7.9299e+01
5358.9023  1.7876e+02  8.6402e+01
5360.1523  1.8694e+02  9.2163e+01
5361.4028  2.0061e+02  8.7433e+01
5362.6533  2.6701e+02  8.6171e+01
5363.9033  7.0785e+02  7.5268e+01
5365.1538  6.5935e+02  8.7461e+01
5366.4043  3.7940e+02  7.1394e+01
5367.6543  9.0816e+01  8.2016e+01
5368.9048  8.6334e+01  7.5657e+01
5370.1553  8.9238e+01  7.9859e+01
5371.4053  2.1646e+01  8.2726e+01
5372.6558  -1.2565e+02  8.4315e+01
5373.9062  5.6190e+01  8.9143e+01
5375.1562  -1.4296e+02  7.3417e+01
5376.4067  6.9444e+01  8.3515e+01
5377.6572  1.4927e+02  8.8261e+01
5378.9077  1.7857e+01  7.6867e+01
5380.1577  -6.4761e+01  9.7463e+01
5381.4082  8.4606e+01  7.9455e+01
5382.6587  1.0180e+02  9.0479e+01
5383.9087  -1.8483e+00  1.0822e+02
5385.1592  -2.2280e+01  9.2270e+01
5386.4097  1.0121e+01  7.7943e+01
5387.6597  -3.0627e+01  9.1612e+01
5388.9102  8.5325e+01  7.0930e+01
5390.1606  -8.2937e-01  9.1421e+01
5391.4106  -5.4615e+01  8.4374e+01
5392.6611  1.7322e+01  8.4232e+01
5393.9116  -4.1282e+01  7.7503e+01
5395.1616  7.4650e+01  8.2092e+01
5396.4121  -1.5962e+00  9.3738e+01
5397.6626  4.9124e+01  6.9883e+01
5398.9126  -8.8016e+00  9.3384e+01
5400.1631  2.5431e+01  8.4509e+01
5401.4136  2.2426e+01  7.1816e+01
5402.6636  4.1471e+01  8.1478e+01
5403.9141  -7.5304e+00  1.0037e+02
5405.1646  7.2207e+00  8.6434e+01
5406.4150  5.3283e+01  7.9827e+01
5407.6650  1.8082e+01  8.1727e+01
5408.9155  -4.0959e-02  1.0723e+02
5410.1660  6.6044e+01  9.1328e+01
5411.4160  -1.0736e+02  8.0749e+01
5412.6665  -2.6465e+02  7.2473e+01
5413.9170  1.0330e+02  8.3453e+01
5415.1670  8.1516e+01  7.9457e+01
5416.4175  2.7093e+01  8.7568e+01
5417.6680  -1.2634e+02  7.4395e+01
5418.9180  1.5092e+01  7.1124e+01
5420.1685  -1.2302e+01  8.9001e+01
5421.4189  2.2890e+01  8.3703e+01
5422.6689  -7.6759e+01  7.4086e+01
5423.9194  -1.0578e+02  8.6670e+01
5425.1699  -2.0043e+01  7.5861e+01
5426.4199  -2.3581e+01  7.9097e+01
5427.6704  9.9557e+01  6.9892e+01
5428.9209  -1.1635e+02  8.5576e+01
5430.1714  -1.1408e+02  8.1000e+01
5431.4214  -1.3958e+02  7.6621e+01
5432.6719  2.8971e+01  7.1720e+01
5433.9224  1.0828e+02  8.1253e+01
5435.1724  8.1422e+01  8.5062e+01
5436.4229  -1.4150e+02  8.7281e+01
5437.6733  -1.6693e+02  7.4193e+01
5438.9233  -5.0496e+00  8.7792e+01
5440.1738  6.6566e+01  7.0467e+01
5441.4243  -6.0349e+01  7.7121e+01
5442.6743  -7.9629e+01  7.9546e+01
5443.9248  -6.2741e+01  8.8875e+01
5445.1753  -2.1960e+01  7.9243e+01
5446.4253  -1.8785e+02  7.7800e+01
5447.6758  8.1824e+01  8.6102e+01
5448.9263  1.0612e+02  7.4168e+01
5450.1763  -6.0402e+01  7.4768e+01
5451.4268  -3.9386e+01  8.4416e+01
5452.6772  1.0043e+02  8.9855e+01
5453.9277  7.5472e+01  7.9889e+01
