# SNR 10.1659
# Quality c
# flux_factor = 1.e-20
5397.4116  -7.4454e+00  8.0521e+01
5398.6616  3.6201e+00  8.0413e+01
5399.9121  5.5358e+01  8.0798e+01
5401.1626  3.3509e+01  8.0515e+01
5402.4126  1.0333e+01  8.1511e+01
5403.6631  1.2070e+01  8.0971e+01
5404.9136  8.7993e+00  8.0078e+01
5406.1636  2.9888e+00  7.8983e+01
5407.4141  -5.1950e+00  7.9293e+01
5408.6646  3.8205e+01  7.9747e+01
5409.9146  7.1312e+01  7.9768e+01
5411.1650  2.7999e+01  7.9574e+01
5412.4155  -5.1540e+01  8.0041e+01
5413.6655  -3.8061e+00  8.0137e+01
5414.9160  5.3414e+01  7.9949e+01
5416.1665  4.3411e+01  8.0390e+01
5417.4170  -8.6881e+01  8.0809e+01
5418.6670  7.8887e+01  8.0653e+01
5419.9175  1.2921e+02  8.0580e+01
5421.1680  -4.5094e+01  8.0864e+01
5422.4180  9.4714e+01  8.0631e+01
5423.6685  1.5649e+01  7.9970e+01
5424.9189  1.9766e+01  7.9146e+01
5426.1689  1.7240e+02  8.0237e+01
5427.4194  4.5282e+01  8.0382e+01
5428.6699  1.1134e+02  8.0444e+01
5429.9199  4.3579e+01  7.9532e+01
5431.1704  1.2968e+02  7.9689e+01
5432.4209  1.0638e+02  7.9563e+01
5433.6709  -5.0087e+01  7.9303e+01
5434.9214  1.4521e+02  8.0123e+01
5436.1719  1.3845e+02  8.0819e+01
5437.4219  8.5396e+01  8.1146e+01
5438.6724  -7.6752e+01  8.0578e+01
5439.9229  8.3779e+01  8.0190e+01
5441.1733  5.1233e+01  8.1225e+01
5442.4233  -3.9950e+01  8.0607e+01
5443.6738  8.9184e+01  8.0473e+01
5444.9243  1.2635e+02  7.9923e+01
5446.1743  -2.9236e+01  7.9093e+01
5447.4248  -1.5827e+01  7.9212e+01
5448.6753  3.0805e+01  7.8934e+01
5449.9253  1.6992e+02  8.0038e+01
5451.1758  1.0129e+02  8.0631e+01
5452.4263  5.5510e+01  8.0375e+01
5453.6763  9.7067e+00  7.9968e+01
5454.9268  6.6536e+01  7.9507e+01
5456.1772  -2.0348e+01  7.8628e+01
5457.4272  9.8338e+01  7.8628e+01
5458.6777  7.6472e+01  8.0604e+01
5459.9282  1.0292e+01  8.1958e+01
5461.1782  5.6859e+01  8.2937e+01
5462.4287  1.3959e+02  8.3145e+01
5463.6792  1.5170e+02  8.0717e+01
5464.9297  1.0296e+02  7.8933e+01
5466.1797  1.6998e+02  8.0290e+01
5467.4302  3.6158e+01  7.9849e+01
5468.6807  7.5163e+01  8.0414e+01
5469.9307  1.0259e+02  7.9845e+01
5471.1812  -5.2781e+01  8.0760e+01
5472.4316  7.9357e+01  7.9787e+01
5473.6816  1.9637e+02  7.9973e+01
5474.9321  1.3092e+02  7.9770e+01
5476.1826  1.0863e+02  7.8764e+01
5477.4326  7.9481e+01  7.8360e+01
5478.6831  1.1994e+02  7.8258e+01
5479.9336  1.3424e+02  7.9310e+01
5481.1836  1.5061e+02  7.9214e+01
5482.4341  1.4926e+02  7.9121e+01
5483.6846  1.7113e+02  7.9815e+01
5484.9346  1.6494e+02  7.9911e+01
5486.1851  3.9085e+02  7.9942e+01
5487.4355  5.4679e+02  7.8743e+01
5488.6860  4.5980e+02  7.8755e+01
5489.9360  3.2598e+02  7.9054e+01
5491.1865  1.7682e+02  7.9007e+01
5492.4370  1.8169e+02  7.9317e+01
5493.6870  1.3704e+02  7.9066e+01
5494.9375  5.4989e+01  7.9156e+01
5496.1880  5.4466e+01  7.9076e+01
5497.4380  9.1403e+00  7.9303e+01
5498.6885  3.4388e+01  8.0118e+01
5499.9390  5.3528e+01  8.0572e+01
5501.1890  -1.0027e+02  8.0211e+01
5502.4395  -8.0849e+00  7.9558e+01
5503.6899  -4.7118e+01  7.9323e+01
5504.9399  6.1156e+01  7.9479e+01
5506.1904  6.2578e+01  7.9103e+01
5507.4409  1.2156e+02  7.9272e+01
5508.6909  9.9320e+01  7.9069e+01
5509.9414  5.5179e+01  7.9746e+01
5511.1919  1.2799e+02  8.0179e+01
5512.4419  1.3251e+02  7.9593e+01
5513.6924  1.3535e+02  7.9338e+01
5514.9429  -1.8417e+01  7.9783e+01
5516.1934  2.7281e+01  7.8791e+01
5517.4434  -8.4985e+01  7.9287e+01
5518.6938  -4.4909e+01  7.9317e+01
5519.9443  8.7861e+01  7.9303e+01
5521.1943  -2.3460e+01  7.9441e+01
5522.4448  -1.2141e+01  7.9823e+01
5523.6953  8.6401e+01  7.9261e+01
5524.9453  5.7705e+01  7.8844e+01
5526.1958  -5.1432e+01  7.8863e+01
5527.4463  1.9303e+01  7.8295e+01
5528.6963  3.2101e+01  7.7116e+01
5529.9468  7.5170e+01  7.7353e+01
5531.1973  1.0205e+02  7.8349e+01
5532.4473  9.1228e+00  7.8100e+01
5533.6978  1.2789e+02  7.8777e+01
5534.9482  -2.1115e+01  7.8130e+01
5536.1982  6.7890e+01  7.8075e+01
5537.4487  -2.7504e+01  7.7919e+01
5538.6992  1.3269e+01  7.8353e+01
5539.9497  1.1635e+02  7.7895e+01
5541.1997  1.5497e+02  7.9806e+01
5542.4502  2.6432e+01  8.2890e+01
5543.7007  8.7074e+00  8.4403e+01
5544.9507  3.0899e+00  8.5756e+01
5546.2012  2.2205e+01  8.3588e+01
5547.4517  8.9365e+01  8.0062e+01
5548.7017  2.6787e+01  8.0545e+01
5549.9521  3.3479e+01  8.0851e+01
5551.2026  2.8531e+01  8.0082e+01
5552.4526  6.8715e+01  7.9259e+01
5553.7031  4.8221e+01  7.8129e+01
5554.9536  2.7738e+01  7.8672e+01
5556.2036  3.5745e+01  7.8382e+01
5557.4541  1.2826e+02  7.8611e+01
5558.7046  6.5666e+01  7.8784e+01
5559.9546  3.0034e+01  7.8660e+01
5561.2051  1.1949e+01  7.8681e+01
5562.4556  1.3137e+02  7.9922e+01
5563.7061  7.8180e+00  8.4444e+01
5564.9561  1.1042e+02  8.7252e+01
5566.2065  -5.1560e+01  8.2312e+01
5567.4570  1.3277e+02  7.8266e+01
5568.7070  1.9356e+02  7.9062e+01
5569.9575  -8.1357e+01  8.1435e+01
5571.2080  5.9721e+01  8.1349e+01
5572.4580  2.2209e+01  8.0404e+01
5573.7085  6.1844e+01  8.1833e+01
5574.9590  4.2105e+01  1.2268e+02
5576.2090  5.0241e+01  3.4546e+02
5577.4595  4.9710e+01  6.6460e+02
5578.7100  4.8416e+01  6.7841e+02
5579.9600  4.8824e+01  3.6744e+02
