# SNR 20.3794
# Quality c
# flux_factor = 1.e-20
4779.8271  1.5132e+02  1.1455e+02
4781.0776  -3.4397e+01  1.0923e+02
4782.3281  6.9990e+01  1.1893e+02
4783.5781  2.2871e+02  1.1448e+02
4784.8286  -1.9126e+01  1.2455e+02
4786.0791  -9.0466e+01  1.1916e+02
4787.3291  5.3018e+00  9.9315e+01
4788.5796  8.1201e+01  1.4166e+02
4789.8301  -1.1624e+02  1.0092e+02
4791.0801  1.8702e+02  1.0523e+02
4792.3306  1.7180e+02  1.4061e+02
4793.5811  6.3838e+00  1.1135e+02
4794.8311  -1.2690e+01  1.2015e+02
4796.0815  9.9748e+01  1.1713e+02
4797.3320  3.0098e+02  1.1665e+02
4798.5820  4.2798e+01  1.1561e+02
4799.8325  -4.6382e+01  1.5259e+02
4801.0830  -2.2734e+02  1.1977e+02
4802.3330  2.0743e+02  1.0047e+02
4803.5835  1.9504e+01  1.3419e+02
4804.8340  -2.7410e+01  1.1073e+02
4806.0840  1.2221e+02  1.1109e+02
4807.3345  3.1604e+02  1.0108e+02
4808.5850  3.1100e+02  1.2935e+02
4809.8354  9.7579e+00  1.0894e+02
4811.0854  1.0969e+02  1.0778e+02
4812.3359  3.6570e+01  1.0228e+02
4813.5864  -4.5631e+01  1.2328e+02
4814.8364  -1.1982e+02  1.1759e+02
4816.0869  7.1786e+01  1.2619e+02
4817.3374  1.3118e+02  1.0642e+02
4818.5874  1.2836e+02  1.1480e+02
4819.8379  1.8343e+01  1.2451e+02
4821.0884  -1.2176e+02  1.0802e+02
4822.3384  -2.8527e+01  1.2808e+02
4823.5889  2.2857e+02  1.2549e+02
4824.8394  1.2387e+02  1.0797e+02
4826.0894  1.8235e+02  1.1522e+02
4827.3398  1.5696e+02  1.4319e+02
4828.5903  4.4846e+01  1.3147e+02
4829.8403  1.5590e+02  1.1069e+02
4831.0908  -1.7507e+01  1.0114e+02
4832.3413  4.2796e+01  1.0419e+02
4833.5913  7.3024e+01  1.0674e+02
4834.8418  8.0928e+01  1.2855e+02
4836.0923  -1.0884e+02  1.0334e+02
4837.3423  -8.9916e+01  1.0113e+02
4838.5928  -1.5311e+02  1.1371e+02
4839.8433  -3.8973e+02  1.1236e+02
4841.0933  -2.0126e+02  1.1632e+02
4842.3438  -5.1869e+01  1.0931e+02
4843.5942  3.0561e+02  1.1048e+02
4844.8447  1.8565e+02  1.0338e+02
4846.0947  -5.9713e+00  1.2152e+02
4847.3452  5.7635e+01  1.1410e+02
4848.5957  7.7121e+01  1.1970e+02
4849.8457  2.0371e+02  1.1929e+02
4851.0962  4.2293e+02  1.1191e+02
4852.3467  1.6326e+02  1.0548e+02
4853.5967  -1.2599e+02  1.0540e+02
4854.8472  -8.5128e+01  1.0365e+02
4856.0977  8.6345e+01  1.1787e+02
4857.3477  6.3961e+02  1.1717e+02
4858.5981  1.0954e+03  9.8084e+01
4859.8486  1.3476e+03  9.2676e+01
4861.0986  1.2253e+03  1.2263e+02
4862.3491  9.8722e+02  1.1804e+02
4863.5996  7.3437e+02  1.1513e+02
4864.8496  3.4839e+02  9.3547e+01
4866.1001  3.6198e+02  1.1000e+02
4867.3506  1.0025e+02  1.1071e+02
4868.6006  5.3791e+01  1.1538e+02
4869.8511  1.0968e+02  1.2534e+02
4871.1016  1.5392e+01  1.0628e+02
4872.3516  2.4006e+00  1.0214e+02
4873.6021  4.1888e+01  9.6080e+01
4874.8525  1.7901e+02  1.0414e+02
4876.1030  1.5202e+02  9.2139e+01
4877.3530  -5.6832e+01  1.1492e+02
4878.6035  -7.4507e+01  1.1914e+02
4879.8540  3.5437e+01  1.0179e+02
4881.1040  -9.2731e+01  1.1764e+02
4882.3545  -3.7239e+01  1.2652e+02
4883.6050  -1.4019e+02  1.0442e+02
4884.8550  1.5146e+01  1.0762e+02
4886.1055  -2.3066e+01  1.0127e+02
4887.3560  -9.1513e+01  9.4400e+01
4888.6060  -6.0478e+01  1.2211e+02
4889.8564  -2.7949e+01  1.4942e+02
4891.1069  9.9540e+01  9.4507e+01
4892.3569  -2.6196e+02  1.0418e+02
4893.6074  -1.6944e+01  1.2435e+02
4894.8579  1.0298e+02  1.2168e+02
4896.1079  -5.0902e+01  1.1630e+02
4897.3584  -7.5031e+01  1.1333e+02
4898.6089  -3.6152e+01  1.1060e+02
4899.8589  -1.8735e+02  1.0718e+02
4901.1094  1.1559e+02  1.0782e+02
4902.3599  1.7836e+02  1.0825e+02
4903.6099  7.1860e+01  1.0691e+02
4904.8604  -1.9445e+01  9.6692e+01
4906.1108  -4.6110e+01  9.2862e+01
4907.3613  -2.0625e+02  1.0787e+02
4908.6113  -1.4238e+01  1.1123e+02
4909.8618  -4.6123e+01  8.8367e+01
4911.1123  7.9267e+01  1.0940e+02
4912.3623  -1.9244e+02  8.5127e+01
4913.6128  -6.4581e+01  1.1034e+02
4914.8633  6.2452e+01  1.1543e+02
4916.1133  1.5158e+02  1.1183e+02
4917.3638  -3.1670e+01  1.0664e+02
4918.6143  -1.1611e+02  1.0857e+02
4919.8643  -6.5201e+01  1.0056e+02
4921.1147  -2.6698e+02  9.4305e+01
4922.3652  -1.1239e+02  9.3788e+01
4923.6152  3.4668e+01  1.0131e+02
4924.8657  -1.9298e+01  1.1833e+02
4926.1162  -9.8297e+01  9.3990e+01
4927.3662  -9.3875e+01  1.1517e+02
4928.6167  -9.8157e+01  9.3064e+01
4929.8672  -1.5180e+02  1.0834e+02
4931.1172  6.4483e+01  9.6218e+01
4932.3677  1.1983e+02  1.0326e+02
4933.6182  1.8855e+02  1.1651e+02
4934.8682  1.3099e+02  1.1592e+02
4936.1187  -2.8143e+01  8.9815e+01
4937.3691  4.6836e+01  9.6373e+01
4938.6191  5.9390e+01  1.1524e+02
4939.8696  7.4617e+01  1.0539e+02
