# SNR 11.2826
# Quality c
# flux_factor = 1.e-20
6575.3115  -1.0320e+00  3.6869e+01
6576.5620  1.9982e+01  5.2440e+01
6577.8120  -7.0159e+01  6.1737e+01
6579.0625  8.4604e+01  6.2379e+01
6580.3130  -2.7942e+01  4.9700e+01
6581.5630  -9.4999e-01  4.1193e+01
6582.8135  -3.0754e+01  4.1067e+01
6584.0640  7.4490e+01  4.2278e+01
6585.3140  6.6756e+01  4.1432e+01
6586.5645  1.2062e+01  4.6108e+01
6587.8149  -8.1372e+00  3.9032e+01
6589.0649  -2.2390e+01  4.3533e+01
6590.3154  -1.1149e+01  3.5127e+01
6591.5659  -4.4152e+00  4.0588e+01
6592.8164  2.2243e+01  3.8069e+01
6594.0664  6.2911e+01  4.4830e+01
6595.3169  8.0144e+01  3.7066e+01
6596.5674  -6.2577e+01  4.2253e+01
6597.8174  8.2812e+01  5.0493e+01
6599.0679  1.4188e+00  4.1550e+01
6600.3184  4.5888e+01  3.5266e+01
6601.5684  9.4994e+00  3.7987e+01
6602.8188  -8.3540e-01  4.5928e+01
6604.0693  -1.9469e+01  5.6514e+01
6605.3193  4.9467e+01  5.7580e+01
6606.5698  -2.9852e+01  5.0156e+01
6607.8203  5.7818e+01  3.9061e+01
6609.0703  5.9061e+00  4.0846e+01
6610.3208  -4.2172e+01  3.5459e+01
6611.5713  1.0028e+02  3.8735e+01
6612.8218  -6.6031e+01  4.2686e+01
6614.0718  -3.0468e+01  4.3802e+01
6615.3223  4.7458e+01  4.0208e+01
6616.5728  3.1820e+01  4.3542e+01
6617.8228  -3.7884e+01  3.4549e+01
6619.0732  -4.9604e+01  4.0348e+01
6620.3237  -6.2512e+01  3.8597e+01
6621.5737  1.0804e+02  3.4831e+01
6622.8242  5.8048e+01  4.1847e+01
6624.0747  -4.9541e+01  4.1443e+01
6625.3247  -2.9090e+01  3.5292e+01
6626.5752  -5.1238e+01  4.9595e+01
6627.8257  1.1085e+01  3.9052e+01
6629.0757  -1.3651e+01  4.2526e+01
6630.3262  9.7075e+01  3.7184e+01
6631.5767  6.3404e+01  4.8328e+01
6632.8271  2.5697e+01  3.4618e+01
6634.0771  -1.2217e+00  3.9359e+01
6635.3276  3.7638e+01  4.6972e+01
6636.5781  2.3661e+01  4.1170e+01
6637.8281  6.4282e+01  3.9130e+01
6639.0786  3.1643e+01  4.6816e+01
6640.3291  -6.0414e+01  3.4477e+01
6641.5791  4.9813e+01  3.9881e+01
6642.8296  4.1569e+00  4.4402e+01
6644.0801  4.7976e+00  3.4140e+01
6645.3301  -1.1297e+01  3.6905e+01
6646.5806  2.6049e+01  3.4541e+01
6647.8311  -2.0890e+01  3.4626e+01
6649.0811  3.6112e+01  3.5010e+01
6650.3315  -4.5540e-01  3.7741e+01
6651.5820  -5.8923e+01  3.9886e+01
6652.8325  6.6098e+01  3.6216e+01
6654.0825  4.1108e+01  4.9278e+01
6655.3330  2.2036e+01  4.0624e+01
6656.5835  8.1203e+01  4.0168e+01
6657.8335  2.5070e+01  4.1979e+01
6659.0840  3.8083e+01  3.5542e+01
6660.3345  -2.5504e+01  4.5141e+01
6661.5845  4.1731e+01  4.5359e+01
6662.8350  4.5050e+01  3.7304e+01
6664.0854  2.6552e+01  4.0707e+01
6665.3354  6.2467e+01  3.5270e+01
6666.5859  7.4066e+01  3.5419e+01
6667.8364  1.7309e+01  4.1421e+01
6669.0869  5.4229e+01  3.9177e+01
6670.3369  3.3791e+01  4.1199e+01
6671.5874  7.4336e+01  3.6427e+01
6672.8379  6.2277e+01  3.5792e+01
6674.0879  5.4676e+01  4.5229e+01
6675.3384  1.2460e+02  3.4438e+01
6676.5889  4.2366e+01  3.9515e+01
6677.8389  3.8003e+01  3.4651e+01
6679.0894  3.4300e+01  3.7903e+01
6680.3398  1.9953e+01  3.4227e+01
6681.5898  9.2458e+01  3.4778e+01
6682.8403  1.2642e+02  3.6890e+01
6684.0908  2.7926e+02  4.4174e+01
6685.3408  3.2030e+02  3.5923e+01
6686.5913  2.3132e+02  4.3370e+01
6687.8418  3.0155e+02  4.1272e+01
6689.0923  1.9954e+02  3.5318e+01
6690.3423  1.1544e+02  3.5612e+01
6691.5928  2.1093e+02  3.4208e+01
6692.8433  1.1872e+02  3.4311e+01
6694.0933  3.9210e+01  4.1716e+01
6695.3438  8.3403e+01  3.3999e+01
6696.5942  9.4915e+01  4.0589e+01
6697.8442  9.3871e+01  3.8198e+01
6699.0947  -2.1516e+01  3.6024e+01
6700.3452  4.5301e+01  4.0811e+01
6701.5952  1.5349e+01  4.1354e+01
6702.8457  1.0872e+01  3.5413e+01
6704.0962  -3.3834e+01  4.0360e+01
6705.3462  -4.5311e+01  3.8787e+01
6706.5967  7.1206e+01  4.2544e+01
6707.8472  3.3931e+01  3.5145e+01
6709.0977  -5.5722e+01  3.4545e+01
6710.3477  9.6581e+01  3.5094e+01
6711.5981  8.6161e+01  3.4792e+01
6712.8486  4.6242e+01  3.4180e+01
6714.0986  5.6926e+00  4.1418e+01
6715.3491  1.8284e+01  4.4314e+01
6716.5996  8.1085e+01  3.9193e+01
6717.8496  3.9257e+01  4.3426e+01
6719.1001  3.4006e+01  4.0574e+01
6720.3506  3.7602e+01  3.4947e+01
6721.6006  6.1570e+01  3.8884e+01
6722.8511  4.5858e+01  4.0827e+01
6724.1016  3.3630e+01  4.3551e+01
6725.3516  7.6597e+01  3.8048e+01
6726.6021  5.7188e+01  3.9464e+01
6727.8525  2.2161e+00  3.7083e+01
6729.1030  2.3062e+01  4.2437e+01
6730.3530  -1.4334e+00  3.7252e+01
6731.6035  2.3147e+01  3.7224e+01
6732.8540  -3.4645e+01  3.6472e+01
6734.1040  3.5822e+01  3.4551e+01
6735.3545  8.4299e+00  3.6503e+01
6736.6050  5.5173e+01  3.4723e+01
6737.8550  1.0659e+02  3.9412e+01
6739.1055  -6.3008e+00  3.4750e+01
6740.3560  -2.8333e+01  3.5289e+01
6741.6060  4.7560e+01  3.6422e+01
6742.8564  5.8781e+01  3.3910e+01
6744.1069  -6.7984e+00  3.9505e+01
6745.3574  5.8788e+01  4.0687e+01
6746.6074  7.6476e+01  3.5968e+01
6747.8579  4.9288e+01  4.6417e+01
6749.1084  5.2836e+00  3.6095e+01
6750.3584  6.9250e+01  3.8293e+01
6751.6089  3.4448e+01  3.3039e+01
6752.8594  4.0850e+01  3.7482e+01
6754.1094  5.0735e+01  4.0794e+01
6755.3599  3.8909e+01  3.2681e+01
6756.6104  -4.5297e+01  3.9103e+01
6757.8604  -8.5155e+00  3.2253e+01
6759.1108  5.2230e+01  3.6572e+01
6760.3613  2.6118e+01  3.6641e+01
6761.6113  6.9615e+01  4.2901e+01
6762.8618  1.5168e+01  3.6115e+01
6764.1123  -2.0933e+00  4.1010e+01
6765.3628  4.2678e+01  3.6359e+01
6766.6128  8.0885e+00  4.7182e+01
6767.8633  4.1639e+01  3.5152e+01
6769.1138  1.7439e+01  4.0927e+01
6770.3638  5.2677e+00  3.6299e+01
6771.6143  2.7512e+01  3.4984e+01
6772.8647  4.8942e+01  3.4629e+01
6774.1147  -6.0991e-01  3.8919e+01
6775.3652  7.0516e+01  4.1519e+01
6776.6157  7.9788e+01  3.6326e+01
6777.8657  7.3210e+01  3.5024e+01
6779.1162  -5.0193e-01  3.9928e+01
6780.3667  -8.8354e+00  3.2360e+01
6781.6167  1.4583e+01  3.3045e+01
6782.8672  2.0507e+01  3.8221e+01
6784.1177  3.8893e+01  3.3214e+01
6785.3682  4.3427e+00  3.6600e+01
6786.6182  2.6014e+01  3.2433e+01
6787.8687  3.3970e+01  3.6206e+01
6789.1191  9.6357e+01  3.7314e+01
6790.3691  5.3826e+01  3.7086e+01
6791.6196  7.4538e+01  3.9337e+01
6792.8701  1.0423e+01  3.1767e+01
6794.1201  4.2193e+01  3.2255e+01
6795.3706  4.0407e+01  3.4941e+01
6796.6211  6.5355e+00  4.2126e+01
