# SNR 9.7803
# Quality c
# flux_factor = 1.e-20
5540.5483  1.4171e+02  1.7546e+02
5541.7988  5.5224e+01  1.7467e+02
5543.0488  -1.9151e+01  1.8063e+02
5544.2993  -1.1103e+02  1.8382e+02
5545.5498  1.0929e+02  1.8380e+02
5546.7998  1.0790e+02  1.8558e+02
5548.0503  1.6447e+02  1.8081e+02
5549.3008  1.2245e+02  1.7622e+02
5550.5508  -2.5314e+02  1.7700e+02
5551.8013  -1.2990e+02  1.7846e+02
5553.0518  1.3538e+02  1.7790e+02
5554.3018  8.0776e+01  1.7541e+02
5555.5522  -1.2738e+02  1.7487e+02
5556.8027  5.6962e+01  1.7285e+02
5558.0527  9.8198e+00  1.7459e+02
5559.3032  -3.6524e+01  1.7488e+02
5560.5537  1.0589e+02  1.7381e+02
5561.8042  2.0598e+02  1.7417e+02
5563.0542  8.1610e+01  1.7519e+02
5564.3047  -2.3380e+01  1.7814e+02
5565.5552  2.3884e+02  1.8003e+02
5566.8052  2.5765e+01  1.8059e+02
5568.0557  -3.0976e+00  1.7528e+02
5569.3062  -6.6686e+01  1.7433e+02
5570.5562  1.1542e+02  1.7747e+02
5571.8066  5.7233e+01  1.7913e+02
5573.0571  7.8507e+01  1.7800e+02
5574.3071  1.1063e+02  1.7534e+02
5575.5576  1.6262e+02  1.8643e+02
5576.8081  -2.1834e+00  2.9850e+02
5578.0581  3.0288e+01  7.9123e+02
5579.3086  2.6769e+01  1.1818e+03
5580.5591  2.3910e+01  9.8368e+02
5581.8091  3.6844e+01  4.0957e+02
5583.0596  -1.8804e+01  2.0051e+02
5584.3101  -1.2383e+02  1.7807e+02
5585.5601  -6.5834e+01  1.7281e+02
5586.8105  2.8846e+01  1.7232e+02
5588.0610  3.6346e+01  1.7107e+02
5589.3115  1.5802e+02  1.7453e+02
5590.5615  5.2216e+01  1.8475e+02
5591.8120  -6.4362e+01  1.8607e+02
5593.0625  6.1407e+01  1.7526e+02
5594.3125  1.2727e+02  1.7167e+02
5595.5630  1.1038e+02  1.7041e+02
5596.8135  -1.4763e+01  1.7046e+02
5598.0635  -5.2638e+01  1.7161e+02
5599.3140  4.7923e+00  1.7611e+02
5600.5645  1.2366e+02  1.7583e+02
5601.8145  1.2191e+02  1.7196e+02
5603.0649  6.7097e+01  1.7045e+02
5604.3154  3.1034e+01  1.6905e+02
5605.5654  1.2548e+02  1.7351e+02
5606.8159  1.7906e+02  1.8177e+02
5608.0664  -2.0656e+02  1.8188e+02
5609.3169  -1.6020e+02  1.7410e+02
5610.5669  1.0179e+02  1.7163e+02
5611.8174  -6.1995e+01  1.6968e+02
5613.0679  1.6412e+01  1.7113e+02
5614.3179  -2.4048e+01  1.7040e+02
5615.5684  -1.7510e+02  1.7038e+02
5616.8188  -1.2713e+02  1.6924e+02
5618.0688  4.3542e+01  1.7087e+02
5619.3193  1.0586e+02  1.7533e+02
5620.5698  -4.9339e+01  1.7235e+02
5621.8198  -1.5312e+02  1.6992e+02
5623.0703  -7.6629e+01  1.6971e+02
5624.3208  -3.4602e+01  1.7558e+02
5625.5708  1.9521e+02  1.8343e+02
5626.8213  2.2012e+02  1.8094e+02
5628.0718  2.6775e+02  1.7156e+02
5629.3218  3.1026e+02  1.6944e+02
5630.5723  3.7224e+02  1.6961e+02
5631.8228  3.2492e+02  1.6933e+02
5633.0732  1.0567e+03  1.6923e+02
5634.3232  8.6101e+02  1.7025e+02
5635.5737  4.0516e+02  1.6951e+02
5636.8242  1.5253e+02  1.6946e+02
5638.0742  -1.0435e+02  1.6834e+02
5639.3247  7.3936e+00  1.6912e+02
5640.5752  1.1952e+02  1.7127e+02
5641.8252  -1.3117e+02  1.7384e+02
5643.0757  1.5935e+02  1.6994e+02
5644.3262  -1.7246e+02  1.6821e+02
5645.5762  -1.1329e+02  1.7088e+02
5646.8267  -9.6639e+01  1.7801e+02
5648.0771  -4.4154e+01  1.7833e+02
5649.3271  -1.3997e+02  1.7228e+02
5650.5776  -2.9486e+02  1.6840e+02
5651.8281  2.1508e+01  1.6886e+02
5653.0781  -1.6815e+02  1.6905e+02
5654.3286  -1.0717e+02  1.6887e+02
5655.5791  -1.1715e+02  1.6891e+02
5656.8296  1.5462e+02  1.6834e+02
5658.0796  8.6848e+00  1.6875e+02
5659.3301  7.6823e+01  1.6819e+02
5660.5806  9.7197e+01  1.6679e+02
5661.8306  7.5710e+01  1.6735e+02
5663.0811  2.2018e+02  1.6835e+02
5664.3315  -1.0329e+01  1.6839e+02
5665.5815  -1.6165e+02  1.7182e+02
5666.8320  2.0560e+02  1.7004e+02
5668.0825  1.7700e+02  1.7066e+02
5669.3325  1.0130e+02  1.6924e+02
5670.5830  3.3516e+01  1.7174e+02
5671.8335  -9.0545e+01  1.7351e+02
5673.0835  -1.2902e+02  1.7166e+02
5674.3340  3.0881e+00  1.7120e+02
5675.5845  2.4279e+02  1.7126e+02
5676.8345  8.7512e+01  1.7137e+02
5678.0850  -5.2798e-01  1.6884e+02
5679.3354  6.0195e+01  1.6887e+02
5680.5859  9.1456e-01  1.6992e+02
5681.8359  -1.1802e+02  1.7007e+02
5683.0864  -1.8600e+02  1.7079e+02
5684.3369  -2.7277e+01  1.6918e+02
5685.5869  3.4540e+01  1.7051e+02
5686.8374  7.7403e+01  1.7031e+02
5688.0879  -6.3528e+01  1.7185e+02
5689.3379  5.3968e+01  1.7009e+02
5690.5884  -1.2294e+02  1.7003e+02
5691.8389  9.0553e+00  1.7282e+02
5693.0889  2.3417e+02  1.7261e+02
5694.3394  4.9350e+01  1.7267e+02
5695.5898  -1.3913e+01  1.7138e+02
5696.8398  -2.4184e+01  1.7110e+02
5698.0903  -3.1119e+01  1.7404e+02
5699.3408  -7.6843e+01  1.7236e+02
5700.5908  2.0186e+02  1.6962e+02
5701.8413  3.1978e+02  1.6923e+02
5703.0918  -1.3205e+02  1.7015e+02
5704.3423  -1.3095e+02  1.6906e+02
5705.5923  1.0825e+02  1.7095e+02
5706.8428  -1.4957e+01  1.7065e+02
5708.0933  1.0183e+02  1.6951e+02
5709.3433  1.0115e+02  1.7042e+02
5710.5938  5.6920e+01  1.6940e+02
5711.8442  -1.1164e+02  1.6764e+02
5713.0942  -1.6018e+02  1.6901e+02
5714.3447  -7.4530e+01  1.7046e+02
5715.5952  6.2604e+01  1.7171e+02
5716.8452  -1.1327e+02  1.6934e+02
5718.0957  -1.2025e+02  1.6974e+02
5719.3462  3.8129e+01  1.7071e+02
5720.5962  -3.1342e+01  1.7158e+02
5721.8467  3.4761e+01  1.7066e+02
5723.0972  1.9912e+02  1.7064e+02
5724.3472  -1.9818e+02  1.7144e+02
5725.5977  -4.2682e+01  1.7152e+02
5726.8481  1.1888e+02  1.7155e+02
