# SNR 21.5725
# Quality c
# flux_factor = 1.e-20
5567.7124  5.2624e-01  6.0998e+01
5568.9624  -1.0277e+02  6.4736e+01
5570.2129  -9.0322e+00  7.1707e+01
5571.4634  -4.0775e+01  8.0852e+01
5572.7134  -1.5574e+02  8.3491e+01
5573.9639  -2.7504e+02  8.4996e+01
5575.2144  4.3287e+01  8.0691e+01
5576.4648  -1.3042e+01  2.2207e+02
5577.7148  -7.4160e+00  5.2292e+02
5578.9653  -1.0253e+01  6.1880e+02
5580.2158  -1.1813e+01  4.0208e+02
5581.4658  3.9986e+00  1.3433e+02
5582.7163  -2.4595e+02  9.2893e+01
5583.9668  1.4683e+01  6.5055e+01
5585.2168  1.9819e+00  6.2384e+01
5586.4673  5.3130e+01  6.0517e+01
5587.7178  7.5810e+00  7.0469e+01
5588.9678  -1.7571e+01  7.1422e+01
5590.2183  8.2156e+01  6.8026e+01
5591.4688  9.7325e+00  6.7087e+01
5592.7188  -2.7794e+01  6.3077e+01
5593.9692  1.9043e+01  5.9977e+01
5595.2197  1.2076e+02  6.3386e+01
5596.4697  5.1888e+01  7.4188e+01
5597.7202  -4.1746e+01  6.0458e+01
5598.9707  -1.1102e+02  7.8802e+01
5600.2212  -8.0700e+01  6.6876e+01
5601.4712  -2.5266e+01  7.2232e+01
5602.7217  -2.0331e+01  7.1480e+01
5603.9722  2.3444e+01  7.2957e+01
5605.2222  3.5374e+01  6.5555e+01
5606.4727  1.2479e+02  7.0282e+01
5607.7231  5.7084e+01  6.6713e+01
5608.9731  -9.9315e+01  7.4795e+01
5610.2236  -1.1318e+02  6.2293e+01
5611.4741  -1.1463e+02  6.5939e+01
5612.7241  -3.0251e+01  6.4061e+01
5613.9746  -5.5433e+01  7.2144e+01
5615.2251  5.2625e+01  6.2172e+01
5616.4751  -6.9548e+00  6.6856e+01
5617.7256  -7.2002e+01  8.3315e+01
5618.9761  -2.4338e+01  7.2855e+01
5620.2261  -2.4804e+01  8.6516e+01
5621.4766  6.4769e+00  6.7783e+01
5622.7271  1.0571e+02  7.0715e+01
5623.9775  -6.2822e+01  7.0060e+01
5625.2275  -3.2235e+01  6.7194e+01
5626.4780  -3.3743e+01  6.5204e+01
5627.7285  -4.6019e+00  5.6922e+01
5628.9785  6.2499e+00  6.7356e+01
5630.2290  -1.3539e+02  7.3323e+01
5631.4795  -1.0207e+02  7.6758e+01
5632.7295  5.8586e+01  6.5920e+01
5633.9800  -1.0568e+02  5.7218e+01
5635.2305  -1.3014e+02  7.0587e+01
5636.4805  -1.9380e+02  5.5807e+01
5637.7310  -5.9974e+01  7.1499e+01
5638.9814  -8.5704e+01  6.7668e+01
5640.2314  -3.2066e+01  7.2980e+01
5641.4819  -5.0153e+01  7.2241e+01
5642.7324  -6.0336e+01  5.5568e+01
5643.9824  -1.0181e+02  5.5980e+01
5645.2329  2.2546e+01  7.6331e+01
5646.4834  -8.7238e+01  6.2014e+01
5647.7339  -9.0428e+01  9.4314e+01
5648.9839  -3.8607e+01  6.1762e+01
5650.2344  -1.3046e+02  7.9648e+01
5651.4849  -3.1696e+01  6.4790e+01
5652.7349  -1.0355e+02  7.0382e+01
5653.9854  -1.3573e+01  6.7687e+01
5655.2358  4.9081e+01  6.4980e+01
5656.4858  8.9660e+01  6.4040e+01
5657.7363  1.2128e+02  6.2705e+01
5658.9868  8.2151e+01  6.3744e+01
5660.2368  6.6896e+02  6.2039e+01
5661.4873  8.3548e+02  6.4791e+01
5662.7378  8.2957e+02  6.2427e+01
5663.9878  5.2233e+02  5.7483e+01
5665.2383  1.4649e+02  6.5043e+01
5666.4888  2.0293e+02  6.2597e+01
5667.7388  1.5808e+02  5.7332e+01
5668.9893  9.1991e+01  7.0817e+01
5670.2397  7.5472e+01  7.2081e+01
5671.4902  3.3313e+01  6.1974e+01
5672.7402  -7.3868e+01  6.5054e+01
5673.9907  6.2608e+01  6.3587e+01
5675.2412  1.0125e+01  6.5002e+01
5676.4912  3.1432e+01  5.7598e+01
5677.7417  -1.8072e+02  6.5893e+01
5678.9922  9.8194e+01  5.9878e+01
5680.2422  -9.7555e+01  7.2263e+01
5681.4927  -6.0949e+01  6.1342e+01
5682.7432  -1.6277e+01  7.2354e+01
5683.9932  -1.0672e+02  7.1029e+01
5685.2437  -1.3125e+02  7.4386e+01
5686.4941  -6.5943e+01  7.5976e+01
5687.7441  -3.1412e+01  6.2498e+01
5688.9946  -3.9112e+01  6.8482e+01
5690.2451  -3.5451e+00  6.0969e+01
5691.4951  -5.2792e+01  5.7823e+01
5692.7456  1.7942e+01  6.1654e+01
5693.9961  5.1933e+01  6.9966e+01
5695.2466  -1.2738e+02  5.9064e+01
5696.4966  -1.0699e+02  7.2624e+01
5697.7471  1.2720e+01  5.8616e+01
5698.9976  -4.6392e+01  6.2220e+01
5700.2476  2.6557e+01  6.3033e+01
5701.4980  -5.9268e+01  6.8443e+01
5702.7485  -2.9759e+01  6.2564e+01
5703.9985  -9.6840e+01  5.6876e+01
5705.2490  9.0952e+01  5.8625e+01
5706.4995  -3.9333e+01  6.9778e+01
5707.7495  -7.8465e+01  5.6902e+01
5709.0000  -7.0796e+01  5.6416e+01
5710.2505  -8.8729e+01  6.5468e+01
5711.5005  -6.0506e+01  6.9715e+01
5712.7510  -1.0054e+01  5.5806e+01
5714.0015  -9.6482e+01  5.8144e+01
5715.2520  -9.6744e+01  6.0056e+01
5716.5020  -1.3086e+02  6.2570e+01
5717.7524  -7.0490e+01  6.6452e+01
5719.0029  3.6244e+01  5.7107e+01
5720.2529  -7.7650e+01  6.0650e+01
5721.5034  -6.8648e+01  6.5418e+01
5722.7539  -3.4587e+01  7.2209e+01
5724.0039  -4.4199e+01  5.8136e+01
5725.2544  -7.8812e+01  7.1627e+01
5726.5049  3.5719e+01  6.5648e+01
5727.7549  1.0874e+02  6.9904e+01
5729.0054  1.0395e+02  7.2498e+01
5730.2559  4.8437e+01  5.7455e+01
5731.5059  -1.6238e+02  7.2326e+01
5732.7563  1.7210e+01  7.0700e+01
5734.0068  6.5690e+01  5.6012e+01
5735.2568  -5.6249e+01  5.7350e+01
5736.5073  -9.2283e+00  6.7098e+01
5737.7578  8.3882e+01  5.9055e+01
5739.0083  9.5779e+01  7.9937e+01
5740.2583  -5.0449e+01  7.0749e+01
5741.5088  -4.0374e+01  5.5466e+01
5742.7593  -1.6579e+02  6.4250e+01
5744.0093  -4.0898e+01  6.0574e+01
5745.2598  1.0537e+02  6.5679e+01
5746.5103  2.8467e+01  7.3985e+01
5747.7603  -1.3970e+02  5.7867e+01
5749.0107  -7.3011e+01  5.7915e+01
5750.2612  -2.9622e+01  6.7456e+01
5751.5112  -7.9367e+01  5.6027e+01
5752.7617  4.9784e+01  6.1311e+01
5754.0122  6.0198e+00  5.5787e+01
5755.2622  6.4840e+01  6.0902e+01
