# SNR 21.4756
# Quality c
# flux_factor = 1.e-20
6019.0186  -1.6513e+01  7.3879e+01
6020.2690  -4.7043e+01  7.6045e+01
6021.5190  -1.4551e+00  7.5426e+01
6022.7695  -4.0821e+01  9.2264e+01
6024.0200  -2.7866e+01  7.4327e+01
6025.2705  -6.0885e+01  8.3215e+01
6026.5205  1.2972e+01  7.4177e+01
6027.7710  -3.8172e+01  7.6647e+01
6029.0215  -5.0568e+01  7.6593e+01
6030.2715  6.8635e+01  8.3348e+01
6031.5220  -8.2118e+01  7.5559e+01
6032.7725  7.6322e+01  7.3559e+01
6034.0225  2.0298e+02  7.8377e+01
6035.2729  -7.5324e+01  7.8931e+01
6036.5234  -1.9847e+02  7.5705e+01
6037.7734  -9.1421e+01  7.5383e+01
6039.0239  -1.5384e+01  8.4620e+01
6040.2744  1.0161e+02  7.2047e+01
6041.5244  2.2483e+02  9.3620e+01
6042.7749  4.8866e+01  8.1954e+01
6044.0254  -7.5968e+01  7.6011e+01
6045.2754  8.3889e+01  8.4504e+01
6046.5259  -2.8837e+01  7.2233e+01
6047.7764  -1.1617e+02  7.2482e+01
6049.0269  -5.4666e+01  7.6959e+01
6050.2769  2.2240e+01  8.4950e+01
6051.5273  2.2235e+01  7.4911e+01
6052.7778  -3.0863e+01  8.4281e+01
6054.0278  -1.0004e+01  9.7678e+01
6055.2783  -2.1702e+01  8.6470e+01
6056.5288  -1.0741e+01  7.0440e+01
6057.7788  3.6578e+01  7.0565e+01
6059.0293  1.2821e+02  7.7929e+01
6060.2798  7.5307e+01  7.0426e+01
6061.5298  9.7392e+01  7.0470e+01
6062.7803  3.3099e+01  8.2501e+01
6064.0308  -2.4912e+01  7.2729e+01
6065.2808  -2.7830e+01  7.2337e+01
6066.5312  4.9926e+01  7.5994e+01
6067.7817  9.6475e+00  7.2824e+01
6069.0322  -6.3690e+01  7.4766e+01
6070.2822  -2.7744e+01  8.5531e+01
6071.5327  -1.2862e+01  7.0676e+01
6072.7832  -7.4662e+01  1.0110e+02
6074.0332  -1.1001e+02  8.1600e+01
6075.2837  9.4484e+01  7.1911e+01
6076.5342  -2.6204e+01  8.3357e+01
6077.7842  -2.1488e+01  7.2272e+01
6079.0347  -4.8914e+01  7.8904e+01
6080.2852  8.3740e+01  9.9713e+01
6081.5352  6.3601e+01  7.1316e+01
6082.7856  -3.7365e+01  7.7150e+01
6084.0361  -8.3885e+01  7.2027e+01
6085.2861  -9.9954e+01  8.2184e+01
6086.5366  6.2255e+00  7.2204e+01
6087.7871  -2.7011e+01  7.1778e+01
6089.0376  -3.7666e+01  7.1732e+01
6090.2876  -3.9542e+00  7.3633e+01
6091.5381  1.6264e+02  7.1136e+01
6092.7886  1.0277e+02  7.0302e+01
6094.0386  4.3915e+01  7.5891e+01
6095.2891  -3.2760e+01  8.0607e+01
6096.5396  -6.9725e+01  7.4929e+01
6097.7896  -2.7412e+00  9.1662e+01
6099.0400  -4.7303e-01  7.2653e+01
6100.2905  1.0625e+01  7.4174e+01
6101.5405  -4.1481e+01  8.2848e+01
6102.7910  9.0356e+00  7.1061e+01
6104.0415  -1.7036e+02  8.2718e+01
6105.2915  -1.9396e+01  7.4994e+01
6106.5420  4.6904e+01  8.7083e+01
6107.7925  8.8856e+01  8.5602e+01
6109.0425  -7.6408e+01  7.3767e+01
6110.2930  2.3032e+00  7.6788e+01
6111.5435  1.4875e+02  7.3278e+01
6112.7939  1.4903e+02  9.4079e+01
6114.0439  8.8456e+01  7.3976e+01
6115.2944  2.6067e+02  7.3252e+01
6116.5449  1.8545e+02  7.3637e+01
6117.7949  1.6082e+02  7.3478e+01
6119.0454  1.0256e+03  8.9353e+01
6120.2959  1.1986e+03  8.8368e+01
6121.5459  8.0999e+02  7.2587e+01
6122.7964  4.2386e+02  7.1083e+01
6124.0469  2.3072e+02  7.0742e+01
6125.2969  4.7277e+01  8.4709e+01
6126.5474  1.6464e+02  8.6122e+01
6127.7979  7.6773e+01  8.8509e+01
6129.0479  -4.4084e+01  8.7314e+01
6130.2983  1.0114e+02  8.0590e+01
6131.5488  -3.2587e+01  7.8945e+01
6132.7993  -1.0050e+02  7.2841e+01
6134.0493  3.2546e+01  7.5035e+01
6135.2998  -8.1908e+01  7.1887e+01
6136.5503  -2.5596e+01  7.7863e+01
6137.8003  5.8781e+01  8.1209e+01
6139.0508  7.7724e+01  7.7107e+01
6140.3013  -1.9460e+01  8.2200e+01
6141.5513  -1.7363e+01  8.0551e+01
6142.8018  -3.1657e+01  8.0207e+01
6144.0522  1.8961e+01  8.9470e+01
6145.3022  1.1292e+01  8.2737e+01
6146.5527  1.4254e+01  9.9496e+01
6147.8032  2.7908e+01  7.3283e+01
6149.0532  6.4108e+00  7.0708e+01
6150.3037  -9.3107e+01  7.1456e+01
6151.5542  -7.2784e+01  7.8544e+01
6152.8047  -7.6432e+01  7.3445e+01
6154.0547  -9.1924e+00  8.2224e+01
6155.3052  3.6519e+01  7.4377e+01
6156.5557  1.0812e+02  7.9883e+01
6157.8057  -5.6471e+01  9.9713e+01
6159.0562  4.2917e+01  9.2938e+01
6160.3066  1.6646e+01  8.3372e+01
6161.5566  -2.6884e+01  7.5111e+01
6162.8071  -5.5562e+01  7.6308e+01
6164.0576  -1.1796e+01  6.6668e+01
6165.3076  9.8713e+01  6.7320e+01
6166.5581  1.3227e+02  6.8134e+01
6167.8086  1.0635e+02  6.8017e+01
6169.0586  -4.0033e+01  7.3688e+01
6170.3091  6.3319e+01  9.2094e+01
6171.5596  9.0600e+01  8.9162e+01
6172.8101  2.9479e+01  8.6232e+01
6174.0601  -1.8840e+01  7.0535e+01
6175.3105  1.4831e+02  7.0502e+01
6176.5610  6.4531e+01  7.3367e+01
6177.8110  -1.7680e+02  7.4739e+01
6179.0615  -8.4711e+01  7.9164e+01
6180.3120  -5.8537e-01  8.0318e+01
6181.5620  -1.3677e+02  7.6664e+01
6182.8125  -8.2468e+01  8.3907e+01
6184.0630  -9.8884e+00  6.7632e+01
6185.3130  -5.9321e+01  7.8156e+01
6186.5635  -3.7206e+01  6.9939e+01
6187.8140  -3.0990e+01  8.8758e+01
6189.0640  9.1719e-01  7.5526e+01
6190.3145  -1.2091e+02  7.9418e+01
6191.5649  -6.3473e+01  7.7046e+01
6192.8154  1.9545e+02  6.7076e+01
6194.0654  3.5712e+01  7.0125e+01
6195.3159  -5.9547e+01  7.0851e+01
6196.5664  -6.5519e+01  8.0621e+01
6197.8164  8.3203e+01  7.5429e+01
6199.0669  -2.4192e+01  7.8911e+01
6200.3174  1.0716e+02  7.8085e+01
6201.5674  -1.6826e+02  6.4755e+01
6202.8179  3.2005e+00  8.9310e+01
6204.0684  -4.8284e+01  9.0934e+01
6205.3184  -1.2818e+02  8.3276e+01
6206.5688  -8.5800e+01  7.7896e+01
6207.8193  8.7496e+01  7.5388e+01
6209.0693  1.4516e+01  6.4919e+01
6210.3198  1.0831e+02  6.5816e+01
6211.5703  -6.1930e+01  7.8028e+01
6212.8208  3.8991e+01  8.2977e+01
6214.0708  1.4857e+01  7.1473e+01
6215.3213  -4.2912e+01  6.9872e+01
6216.5718  -1.0447e+00  7.0881e+01
6217.8218  5.4301e+01  7.5328e+01
6219.0723  1.3149e+01  6.5004e+01
6220.3228  1.3927e+02  7.6119e+01
6221.5728  3.0434e+01  7.9026e+01
