# SNR 9.7864
# Quality c
# flux_factor = 1.e-20
6633.1577  2.0302e+01  4.6360e+01
6634.4077  8.2169e+01  5.0942e+01
6635.6582  9.5591e+01  7.2105e+01
6636.9087  1.1752e+02  7.0390e+01
6638.1587  7.7155e+01  4.8933e+01
6639.4092  7.7459e+01  5.3600e+01
6640.6597  3.9815e+00  4.5454e+01
6641.9102  3.3594e+01  4.9723e+01
6643.1602  7.4631e+01  5.1921e+01
6644.4106  1.1337e+01  4.5451e+01
6645.6611  5.4459e+01  4.3908e+01
6646.9111  1.3588e+01  4.3945e+01
6648.1616  6.4846e+01  4.3344e+01
6649.4121  -2.9608e+00  4.5600e+01
6650.6621  3.7147e+01  4.9595e+01
6651.9126  6.4193e+01  4.5623e+01
6653.1631  5.0524e+01  5.0639e+01
6654.4131  2.5557e+01  5.1268e+01
6655.6636  4.1545e+01  5.0136e+01
6656.9141  1.1613e+02  4.4252e+01
6658.1641  9.2667e+01  5.0979e+01
6659.4146  1.5131e+02  5.3297e+01
6660.6650  1.0832e+02  4.9356e+01
6661.9155  1.4884e+02  5.5952e+01
6663.1655  8.1697e+01  4.8226e+01
6664.4160  9.7677e+01  5.4508e+01
6665.6665  9.7647e+01  5.0309e+01
6666.9165  7.5798e+01  4.6477e+01
6668.1670  3.6618e+01  5.1708e+01
6669.4175  7.5078e+01  6.4607e+01
6670.6675  -3.6895e+01  5.1048e+01
6671.9180  4.2531e+01  5.1779e+01
6673.1685  8.0806e+01  4.6653e+01
6674.4185  1.7078e+01  4.4642e+01
6675.6689  1.4497e+02  4.4165e+01
6676.9194  6.4335e+01  4.3379e+01
6678.1699  3.9516e+01  4.4049e+01
6679.4199  7.7142e+01  5.1944e+01
6680.6704  1.1091e+02  4.5019e+01
6681.9209  9.1227e+01  4.3693e+01
6683.1709  1.4681e+02  5.9200e+01
6684.4214  7.3956e+00  4.4601e+01
6685.6719  5.7020e+01  4.7802e+01
6686.9219  2.6055e+01  4.7844e+01
6688.1724  6.0287e+01  4.5216e+01
6689.4229  5.0023e+01  5.3420e+01
6690.6729  9.0556e+01  4.4679e+01
6691.9233  8.6203e+01  4.6540e+01
6693.1738  1.0761e+02  5.7773e+01
6694.4238  4.3328e+01  4.9924e+01
6695.6743  2.9084e+01  4.4670e+01
6696.9248  2.3166e+01  5.4396e+01
6698.1753  3.3147e+01  5.1779e+01
6699.4253  3.5206e+01  4.9257e+01
6700.6758  1.3390e+01  5.2259e+01
6701.9263  5.3383e+01  5.3534e+01
6703.1763  7.4499e+01  4.5616e+01
6704.4268  4.9244e+01  5.5483e+01
6705.6772  5.9194e+01  5.2656e+01
6706.9272  1.0904e+02  5.1798e+01
6708.1777  5.5078e+01  4.5877e+01
6709.4282  8.5958e+00  5.6511e+01
6710.6782  3.9337e+01  4.4508e+01
6711.9287  1.0428e+02  4.4170e+01
6713.1792  1.6206e+02  4.4624e+01
6714.4292  1.3861e+02  4.5954e+01
6715.6797  6.2511e+01  4.4217e+01
6716.9302  1.9411e+01  4.5688e+01
6718.1807  9.6881e+01  5.7395e+01
6719.4307  7.2302e+01  4.6629e+01
6720.6812  2.7395e+01  4.5547e+01
6721.9316  5.9819e+01  6.0582e+01
6723.1816  5.0934e+01  6.0136e+01
6724.4321  9.9329e+01  5.0125e+01
6725.6826  5.2093e+01  5.0779e+01
6726.9326  7.2639e+01  4.4612e+01
6728.1831  6.9233e+01  4.2448e+01
6729.4336  1.0033e+02  4.5849e+01
6730.6836  9.4883e+01  5.0341e+01
6731.9341  7.7732e+01  5.8577e+01
6733.1846  2.5167e+01  4.8306e+01
6734.4346  1.4699e+02  5.3995e+01
6735.6851  2.3375e+01  4.7878e+01
6736.9355  7.2290e+01  4.9082e+01
6738.1860  6.8131e+01  4.7538e+01
6739.4360  -1.8181e+01  4.3847e+01
6740.6865  1.1944e+02  5.0925e+01
6741.9370  1.4361e+02  5.7251e+01
6743.1870  2.4269e+02  5.4477e+01
6744.4375  3.3387e+02  5.2455e+01
6745.6880  3.9062e+02  4.6194e+01
6746.9380  2.0474e+02  4.9596e+01
6748.1885  1.7999e+02  4.9555e+01
6749.4390  1.4692e+02  5.1276e+01
6750.6890  9.0343e+01  5.7942e+01
6751.9395  8.5164e+01  5.0808e+01
6753.1899  7.3228e+01  4.9486e+01
6754.4404  6.1758e+01  4.6847e+01
6755.6904  5.6601e+01  5.0383e+01
6756.9409  -2.2694e+00  4.8660e+01
6758.1914  -7.3585e+00  5.5517e+01
6759.4414  3.9518e+01  5.3646e+01
6760.6919  7.4463e+01  4.1944e+01
6761.9424  3.9003e+01  4.5144e+01
6763.1924  4.7486e+01  4.5123e+01
6764.4429  2.8418e+01  4.3554e+01
6765.6934  2.8762e+01  4.7972e+01
6766.9434  5.5915e+01  4.7510e+01
6768.1938  9.1333e+01  4.9591e+01
6769.4443  1.4780e+02  5.9083e+01
6770.6943  1.5700e+02  4.5135e+01
6771.9448  1.1586e+02  4.7448e+01
6773.1953  2.9768e+01  4.9408e+01
6774.4458  8.4175e+01  4.1312e+01
6775.6958  5.2414e+01  4.8213e+01
6776.9463  6.8235e+01  4.4890e+01
6778.1968  2.1868e+01  4.1622e+01
6779.4468  7.9269e+01  4.1469e+01
6780.6973  2.4078e+01  5.3955e+01
6781.9478  4.0197e+01  4.1165e+01
6783.1978  5.1368e+01  4.1060e+01
6784.4482  9.3587e+01  4.2507e+01
6785.6987  4.4094e+01  5.4146e+01
6786.9487  3.3800e+01  4.7761e+01
6788.1992  8.0329e+01  4.8715e+01
6789.4497  1.1588e+02  4.3906e+01
6790.6997  5.4483e+01  4.5593e+01
6791.9502  7.9631e+01  5.5218e+01
6793.2007  6.6042e+01  4.6439e+01
6794.4512  7.0683e+01  4.6749e+01
6795.7012  4.9609e+01  4.0011e+01
6796.9517  2.1850e+01  4.0667e+01
6798.2021  4.9794e+01  4.0628e+01
6799.4521  5.6741e+01  4.1088e+01
6800.7026  5.7490e+01  4.9303e+01
6801.9531  9.6906e+00  4.3058e+01
6803.2031  8.3120e+01  5.2336e+01
6804.4536  3.7136e+01  4.5695e+01
6805.7041  3.2844e+01  4.0770e+01
6806.9541  8.8611e+01  4.8446e+01
6808.2046  1.0431e+02  4.0410e+01
6809.4551  9.1814e+01  4.0708e+01
6810.7056  7.9817e+01  4.0889e+01
6811.9556  5.6990e+01  4.5554e+01
6813.2061  2.3442e+01  4.3471e+01
6814.4565  9.3458e+01  4.9415e+01
6815.7065  -2.4133e+00  5.0491e+01
6816.9570  -6.1832e+00  4.1037e+01
6818.2075  1.0307e+01  4.3199e+01
6819.4575  -6.9503e+00  5.4185e+01
6820.7080  1.1381e+01  4.6686e+01
6821.9585  6.3944e+01  4.7950e+01
6823.2085  1.2715e+02  4.4390e+01
6824.4590  1.5642e+02  4.4790e+01
6825.7095  3.5579e+01  4.0696e+01
6826.9595  2.9923e+01  4.1928e+01
6828.2100  4.7632e+01  6.1512e+01
6829.4604  7.1482e+01  9.1504e+01
6830.7109  1.2346e+02  1.1786e+02
6831.9609  4.5815e+01  1.1678e+02
6833.2114  1.0259e+02  7.8853e+01
6834.4619  4.6093e+01  8.0150e+01
6835.7119  2.1888e+02  1.1296e+02
6836.9624  9.5827e+01  1.1282e+02
6838.2129  1.8752e+01  7.3323e+01
6839.4629  2.8904e+01  4.3976e+01
6840.7134  1.0499e+02  5.2060e+01
6841.9639  1.2592e+02  5.4014e+01
6843.2139  8.6744e+00  6.6488e+01
6844.4644  1.0999e+02  8.7483e+01
6845.7148  -1.1721e+02  4.9467e+01
6846.9648  5.4839e+01  5.0426e+01
6848.2153  8.5648e+01  4.4499e+01
6849.4658  6.0808e+01  5.4736e+01
6850.7163  9.2235e+01  4.1724e+01
6851.9663  8.1649e+01  4.9024e+01
6853.2168  2.8353e+01  5.4657e+01
6854.4673  2.9995e+01  4.4840e+01
6855.7173  1.0606e+01  4.0905e+01
6856.9678  2.9818e+01  4.7861e+01
