# SNR 8.7565
# Quality c
# flux_factor = 1.e-20
6494.3701  9.8198e+00  4.5816e+01
6495.6206  7.3367e+01  4.8125e+01
6496.8711  1.2049e+02  5.0870e+01
6498.1211  3.0469e+01  6.0779e+01
6499.3716  8.7630e+01  8.5588e+01
6500.6221  3.8289e+01  1.1146e+02
6501.8721  -5.9593e+01  9.0459e+01
6503.1226  4.3481e+01  5.9434e+01
6504.3730  1.5683e+01  6.4291e+01
6505.6235  6.6566e+01  6.9655e+01
6506.8735  -3.0773e+01  7.7375e+01
6508.1240  -7.5129e+01  7.3256e+01
6509.3745  -2.0314e+01  4.9733e+01
6510.6245  8.9861e+01  5.0539e+01
6511.8750  2.9840e+01  5.1570e+01
6513.1255  3.1847e+01  5.0264e+01
6514.3755  -6.7446e+01  5.0980e+01
6515.6260  8.4815e+01  5.5401e+01
6516.8765  -7.6917e+01  5.2514e+01
6518.1265  -1.5680e+01  5.5796e+01
6519.3770  4.9958e+01  5.4249e+01
6520.6274  1.4942e+01  4.7952e+01
6521.8774  5.1325e+01  4.8945e+01
6523.1279  1.6162e+02  6.5794e+01
6524.3784  -1.2646e+01  6.8330e+01
6525.6289  -6.1611e+01  5.9681e+01
6526.8789  -5.2346e+01  5.0906e+01
6528.1294  -4.3780e+01  5.1404e+01
6529.3799  1.5401e+00  5.1449e+01
6530.6299  3.6587e+00  4.5240e+01
6531.8804  -5.1073e+01  4.5729e+01
6533.1309  8.9167e+00  7.0039e+01
6534.3809  2.7023e+01  9.3005e+01
6535.6313  5.5020e+01  9.6652e+01
6536.8818  -1.3524e+01  6.9720e+01
6538.1318  5.1770e+01  5.6802e+01
6539.3823  3.2186e+01  4.6227e+01
6540.6328  6.6270e+01  4.8440e+01
6541.8828  1.6183e+01  4.8642e+01
6543.1333  -3.1510e+01  5.7900e+01
6544.3838  2.3475e+01  5.6622e+01
6545.6343  3.6047e+01  7.3818e+01
6546.8843  1.1191e+01  7.1386e+01
6548.1348  1.8251e+01  6.6753e+01
6549.3853  -2.3131e+01  5.8671e+01
6550.6353  9.2337e+00  5.0668e+01
6551.8857  5.0629e+01  6.4795e+01
6553.1362  7.9652e+01  7.0178e+01
6554.3862  -8.3848e+01  8.7744e+01
6555.6367  4.9423e+01  1.0818e+02
6556.8872  1.2013e+02  8.2735e+01
6558.1372  7.7139e+01  5.7909e+01
6559.3877  4.8519e+01  5.1717e+01
6560.6382  8.3564e+01  5.2928e+01
6561.8882  -1.3527e+01  5.9757e+01
6563.1387  1.1635e+01  6.6342e+01
6564.3892  7.9291e+01  9.0478e+01
6565.6396  -1.0618e+02  8.3510e+01
6566.8896  4.2514e+01  6.8688e+01
6568.1401  5.1649e+00  6.0944e+01
6569.3906  5.5093e+01  6.0782e+01
6570.6406  -9.2328e+01  7.1006e+01
6571.8911  -5.9497e+01  6.3617e+01
6573.1416  6.1401e+01  5.0115e+01
6574.3916  2.4051e+01  5.0132e+01
6575.6421  3.4789e+01  5.1706e+01
6576.8926  9.3145e+01  5.0546e+01
6578.1426  1.8144e+01  7.7422e+01
6579.3931  7.4765e+01  9.7707e+01
6580.6436  -8.3611e+01  7.7483e+01
6581.8936  3.4157e+01  5.2119e+01
6583.1440  -3.2104e+01  4.5406e+01
6584.3945  6.2753e+01  5.9281e+01
6585.6450  1.1113e+02  4.9608e+01
6586.8950  -4.7595e+01  4.9549e+01
6588.1455  -6.9655e+01  4.5096e+01
6589.3960  1.7444e+01  4.5677e+01
6590.6460  -1.0838e+01  4.8756e+01
6591.8965  4.9418e+01  4.6369e+01
6593.1470  6.2996e+01  4.7107e+01
6594.3970  6.1305e+01  5.3453e+01
6595.6475  4.9311e+00  4.8412e+01
6596.8979  8.1888e+01  5.9585e+01
6598.1479  1.6240e+02  6.2470e+01
6599.3984  6.0094e+01  6.0850e+01
6600.6489  1.4105e+02  4.7177e+01
6601.8994  3.5368e+02  4.4534e+01
6603.1494  3.3714e+02  4.6317e+01
6604.3999  3.9184e+02  6.1095e+01
6605.6504  3.2520e+02  7.6861e+01
6606.9004  1.7662e+02  8.4593e+01
6608.1509  2.6933e+02  7.0939e+01
6609.4014  1.4895e+02  4.6625e+01
6610.6514  1.1281e+02  5.8223e+01
6611.9019  9.6095e+01  5.0171e+01
6613.1523  3.4572e+01  5.0838e+01
6614.4023  1.0768e+02  4.7579e+01
6615.6528  5.3032e+01  5.2013e+01
6616.9033  8.6057e+01  5.1212e+01
6618.1533  4.0625e+01  4.8062e+01
6619.4038  -5.1835e+00  4.4786e+01
6620.6543  1.4495e+01  5.4027e+01
6621.9048  2.4499e+01  4.7452e+01
6623.1548  -3.9496e+00  4.4556e+01
6624.4053  2.2327e+01  5.6655e+01
6625.6558  2.3189e+01  5.1203e+01
6626.9058  2.6982e+01  5.2906e+01
6628.1562  5.0060e+01  4.8585e+01
6629.4067  9.9654e+01  6.9176e+01
6630.6567  -1.5800e+01  5.2339e+01
6631.9072  1.6522e+01  4.5407e+01
6633.1577  -9.2606e+01  4.6450e+01
6634.4077  -5.2650e+01  5.1041e+01
6635.6582  -4.4003e+01  7.2245e+01
6636.9087  -3.4074e+01  7.0527e+01
6638.1587  -2.4062e+01  4.9028e+01
6639.4092  5.7933e+01  5.3704e+01
6640.6597  6.6682e+01  4.5542e+01
6641.9102  5.9129e+01  4.9819e+01
6643.1602  -2.4570e+01  5.2022e+01
6644.4106  1.5429e+01  4.5539e+01
6645.6611  -5.1247e+01  4.3993e+01
6646.9111  -3.4565e+01  4.4031e+01
6648.1616  7.1695e+01  4.3429e+01
6649.4121  -7.7665e+00  4.5688e+01
6650.6621  -4.7411e+01  4.9692e+01
6651.9126  5.7454e+01  4.5712e+01
6653.1631  5.1839e+01  5.0737e+01
6654.4131  -4.3371e+00  5.1367e+01
6655.6636  8.2518e+00  5.0233e+01
6656.9141  9.7055e+01  4.4338e+01
6658.1641  9.4804e-02  5.1078e+01
6659.4146  1.0179e+02  5.3401e+01
6660.6650  4.3592e+01  4.9452e+01
6661.9155  8.3016e+01  5.6060e+01
6663.1655  3.1859e-01  4.8320e+01
6664.4160  -2.4614e+01  5.4614e+01
6665.6665  1.0262e+02  5.0407e+01
6666.9165  4.2711e+01  4.6567e+01
6668.1670  1.0411e+02  5.1808e+01
6669.4175  7.8270e+01  6.4732e+01
6670.6675  8.5090e+00  5.1147e+01
6671.9180  5.9163e+01  5.1879e+01
6673.1685  4.9261e+01  4.6744e+01
6674.4185  4.0750e+01  4.4728e+01
6675.6689  -3.0415e+00  4.4251e+01
6676.9194  -2.3591e+01  4.3464e+01
6678.1699  2.1950e+01  4.4134e+01
6679.4199  5.0432e+01  5.2045e+01
6680.6704  3.4911e+01  4.5107e+01
6681.9209  2.6883e+01  4.3778e+01
6683.1709  -1.0137e+02  5.9315e+01
6684.4214  5.3400e+01  4.4688e+01
6685.6719  4.7328e+01  4.7895e+01
6686.9219  -5.2370e+01  4.7937e+01
6688.1724  2.0648e+01  4.5304e+01
6689.4229  3.4347e+01  5.3523e+01
6690.6729  -3.0571e+01  4.4766e+01
6691.9233  6.4911e+00  4.6631e+01
6693.1738  8.0460e+00  5.7885e+01
6694.4238  -4.5465e+00  5.0020e+01
6695.6743  -1.4493e+01  4.4757e+01
6696.9248  -2.4225e+00  5.4502e+01
6698.1753  -2.7693e+01  5.1880e+01
6699.4253  -1.0012e+01  4.9353e+01
6700.6758  -1.8872e+01  5.2360e+01
6701.9263  -7.4397e+00  5.3638e+01
6703.1763  -7.3381e+01  4.5705e+01
6704.4268  -9.4196e+00  5.5591e+01
6705.6772  5.1779e+01  5.2758e+01
6706.9272  -6.3718e+01  5.1899e+01
6708.1777  1.8416e+01  4.5966e+01
6709.4282  -5.0553e+01  5.6621e+01
6710.6782  2.3629e+01  4.4594e+01
6711.9287  3.1626e+01  4.4256e+01
6713.1792  1.0028e+02  4.4711e+01
