# SNR 19.5867
# Quality c
# flux_factor = 1.e-20
7752.3892  4.8467e+01  1.9517e+02
7753.6396  -4.1725e+01  2.5122e+02
7754.8901  -1.5472e+02  1.4853e+02
7756.1401  -5.1281e+01  6.7316e+01
7757.3906  -3.5900e+01  4.9122e+01
7758.6411  5.2136e+01  5.4223e+01
7759.8911  -9.2400e+01  6.0217e+01
7761.1416  -9.6804e+01  7.5374e+01
7762.3921  -2.3036e+02  1.1972e+02
7763.6421  9.3402e+00  1.1863e+02
7764.8926  2.0490e+01  6.9092e+01
7766.1431  -5.2939e+01  4.7608e+01
7767.3936  -3.4262e+01  4.6469e+01
7768.6436  -3.4471e+01  4.6095e+01
7769.8940  -1.7120e+01  4.6953e+01
7771.1445  -1.3108e+01  4.9737e+01
7772.3945  -4.5523e+01  5.0112e+01
7773.6450  -4.7526e+00  5.2282e+01
7774.8955  1.1572e+00  7.0091e+01
7776.1455  -1.0457e+02  8.9090e+01
7777.3960  8.0252e-01  7.9320e+01
7778.6465  -2.5214e+00  5.4258e+01
7779.8965  -8.6262e+01  4.7361e+01
7781.1470  -1.3014e+02  5.4304e+01
7782.3975  -5.4696e+01  8.9941e+01
7783.6479  1.2811e+01  1.0467e+02
7784.8979  -2.2988e+00  7.5675e+01
7786.1484  1.7322e+01  4.9639e+01
7787.3989  -6.8225e+01  5.0707e+01
7788.6489  -4.2723e+01  5.2693e+01
7789.8994  4.9353e+01  5.1493e+01
7791.1499  -3.8910e+01  5.0760e+01
7792.3999  6.7488e+00  5.5817e+01
7793.6504  -8.2144e+01  6.4638e+01
7794.9009  -1.7262e+02  8.3622e+01
7796.1509  1.4204e+01  1.5051e+02
7797.4014  3.0996e+02  2.1532e+02
7798.6519  1.9744e+02  1.1339e+02
7799.9023  -9.2763e+00  5.3774e+01
7801.1523  -8.6672e+01  4.7950e+01
7802.4028  -2.5503e+01  4.7487e+01
7803.6533  3.7049e+01  4.6625e+01
7804.9033  2.6337e+01  4.6687e+01
7806.1538  -1.1259e+01  4.8053e+01
7807.4043  -3.4969e+01  4.7957e+01
7808.6543  -3.2356e+01  5.0208e+01
7809.9048  -1.6981e+01  8.1847e+01
7811.1553  5.9002e+01  1.2112e+02
7812.4053  1.5052e+01  1.0592e+02
7813.6558  1.9848e+01  6.1297e+01
7814.9062  3.3622e+01  5.1716e+01
7816.1567  3.2247e+01  5.1945e+01
7817.4067  -2.8325e+01  5.4175e+01
7818.6572  -5.9377e+01  5.3991e+01
7819.9077  -1.2265e+02  5.0725e+01
7821.1577  -1.7340e+02  5.5317e+01
7822.4082  -9.2977e+01  9.2047e+01
7823.6587  1.2240e+02  2.1125e+02
7824.9087  1.0864e+02  2.3420e+02
7826.1592  2.6289e+01  1.1728e+02
7827.4097  -1.0073e+02  5.5571e+01
7828.6597  -4.6673e+01  4.9694e+01
7829.9102  -3.5151e+01  4.8877e+01
7831.1606  1.7753e+00  5.3099e+01
7832.4111  -2.5620e+01  5.3239e+01
7833.6611  -5.5839e+01  4.8095e+01
7834.9116  -7.7668e+01  4.7108e+01
7836.1621  3.8052e+01  5.0187e+01
7837.4121  1.9370e+01  5.1101e+01
7838.6626  -2.4546e+01  4.7952e+01
7839.9131  -6.3197e+00  4.6184e+01
7841.1631  -4.4513e+01  4.8342e+01
7842.4136  -9.1810e+01  6.8168e+01
7843.6641  -1.1437e+02  1.1078e+02
7844.9141  -3.5896e+01  1.1025e+02
7846.1646  -6.2195e+01  6.5096e+01
7847.4150  2.7341e+01  4.7155e+01
7848.6650  2.0316e+01  4.7153e+01
7849.9155  -2.4975e+01  4.7887e+01
7851.1660  -1.8404e+01  6.1517e+01
7852.4165  -4.8043e+01  7.9493e+01
7853.6665  -7.3961e+01  8.5319e+01
7854.9170  7.4527e+00  1.4139e+02
7856.1675  -2.3324e+02  2.4405e+02
7857.4175  7.0371e+01  1.6394e+02
7858.6680  3.2274e+01  7.9287e+01
7859.9185  -8.1754e+00  6.7927e+01
7861.1685  1.0121e+02  8.1569e+01
7862.4189  -3.6842e+00  1.0683e+02
7863.6694  -2.0982e+02  1.2760e+02
7864.9194  -6.7401e+01  9.9053e+01
7866.1699  1.0462e+01  5.2593e+01
7867.4204  -7.4339e+01  4.7382e+01
7868.6709  1.0622e+02  5.4375e+01
7869.9209  8.5488e+01  8.2532e+01
7871.1714  1.0570e+02  9.3153e+01
7872.4219  1.7564e+02  1.1073e+02
7873.6719  1.5692e+02  1.3882e+02
7874.9224  5.2479e+00  1.1043e+02
7876.1729  4.6651e+01  5.6365e+01
7877.4229  1.3112e+01  4.7372e+01
7878.6733  9.8720e+00  4.8133e+01
7879.9238  2.2230e+02  6.3556e+01
7881.1738  6.1375e+02  9.9179e+01
7882.4243  7.6817e+02  1.0235e+02
7883.6748  9.0059e+02  9.2555e+01
7884.9253  7.8635e+02  9.5926e+01
7886.1753  5.5546e+02  7.2672e+01
7887.4258  5.2715e+02  5.5278e+01
7888.6763  4.3525e+02  5.7462e+01
7889.9263  2.3340e+02  6.0591e+01
7891.1768  2.4115e+02  9.2240e+01
7892.4272  2.1291e+02  1.4298e+02
7893.6772  3.1410e+02  1.3280e+02
7894.9277  8.8725e+01  7.7186e+01
7896.1782  8.7723e+01  5.7648e+01
7897.4282  6.0120e+01  5.6136e+01
7898.6787  6.1471e+01  5.3257e+01
7899.9292  7.5758e+01  5.2859e+01
7901.1797  2.4685e+00  5.2844e+01
7902.4297  1.9522e+01  4.9809e+01
7903.6802  -1.1978e+01  4.7008e+01
7904.9307  2.9027e+01  5.0662e+01
7906.1807  4.9973e+01  5.2552e+01
7907.4312  4.8183e+01  5.0739e+01
7908.6816  5.8006e+00  5.1913e+01
7909.9316  5.4881e+00  5.2415e+01
7911.1821  1.6960e+01  5.0705e+01
7912.4326  1.2135e+01  5.4631e+01
7913.6826  -1.1560e+02  7.2578e+01
7914.9331  1.0262e+01  1.2786e+02
7916.1836  3.2141e+01  2.6202e+02
7917.4341  -2.8831e+01  2.4731e+02
7918.6841  6.3903e+00  1.0906e+02
7919.9346  3.0112e+00  5.9299e+01
7921.1851  -1.1803e+02  6.9591e+01
7922.4351  -1.3506e+02  9.7765e+01
7923.6855  -2.0894e+01  1.4411e+02
7924.9360  -1.7090e+01  1.3375e+02
7926.1860  7.9856e+01  7.4333e+01
7927.4365  2.4175e+01  5.3593e+01
7928.6870  1.3445e+01  4.9181e+01
7929.9370  -5.3076e+00  4.9632e+01
7931.1875  3.0700e+01  5.6911e+01
7932.4380  -3.3649e+01  7.6530e+01
7933.6885  2.0740e+01  1.1665e+02
7934.9385  -1.1796e+02  1.2086e+02
7936.1890  1.3538e+01  7.8984e+01
7937.4395  -1.6638e+01  5.3868e+01
7938.6895  9.1889e+00  4.9071e+01
7939.9399  -3.6946e+01  4.7679e+01
7941.1904  -3.2033e+01  4.8407e+01
7942.4404  1.7156e+01  4.9264e+01
7943.6909  -3.1978e+01  4.9589e+01
7944.9414  -1.8455e+01  5.0462e+01
7946.1914  1.4765e+01  5.1928e+01
7947.4419  2.6601e+01  5.5108e+01
7948.6924  2.9385e+01  5.9284e+01
7949.9424  7.0956e+01  6.1504e+01
7951.1929  -3.0754e+01  9.4023e+01
7952.4434  5.4351e+01  1.1106e+02
7953.6938  3.7692e+01  8.1128e+01
7954.9438  3.0869e+01  5.2333e+01
7956.1943  7.1483e+00  4.9741e+01
7957.4448  1.3551e+01  4.7336e+01
7958.6948  6.0447e+01  4.6892e+01
7959.9453  -2.3244e+01  4.6815e+01
7961.1958  -4.6847e+00  4.7294e+01
7962.4458  -2.0897e+01  4.7222e+01
7963.6963  -5.0002e+00  4.8314e+01
7964.9468  -1.3912e+02  6.0408e+01
7966.1968  1.3255e+02  1.2635e+02
7967.4473  -1.4653e+02  2.3548e+02
7968.6978  1.8576e+00  1.6173e+02
7969.9482  2.3709e+01  8.5020e+01
7971.1982  1.0237e+01  6.9095e+01
7972.4487  -2.8540e+01  6.0380e+01
7973.6992  2.8310e+01  5.0284e+01
7974.9492  -4.0049e+01  4.9806e+01
7976.1997  -2.8344e+01  4.9783e+01
7977.4502  -5.0606e+01  4.8834e+01
7978.7002  4.3519e+01  6.0986e+01
7979.9507  -4.6894e+01  8.2291e+01
7981.2012  7.1172e+01  1.0003e+02
7982.4512  3.2052e+01  1.2559e+02
7983.7017  6.3300e+01  1.1161e+02
7984.9521  -4.7151e+01  6.1211e+01
7986.2026  -2.5094e+01  4.7793e+01
7987.4526  1.5998e+01  4.8090e+01
7988.7031  2.1292e+01  4.9301e+01
7989.9536  -2.0651e+01  5.2441e+01
7991.2036  -4.6679e+00  5.3337e+01
7992.4541  -3.5011e+01  5.3313e+01
7993.7046  -1.2686e+02  6.7205e+01
7994.9546  1.2276e+02  1.3731e+02
7996.2051  5.9865e+01  2.5078e+02
7997.4556  -2.6007e+01  2.0522e+02
7998.7056  9.6886e+01  8.1640e+01
7999.9561  -9.5193e-01  5.4959e+01
8001.2065  -6.3064e+01  5.4755e+01
8002.4570  3.3121e+01  5.3434e+01
8003.7070  2.7313e+01  5.2032e+01
8004.9575  1.0505e+01  5.2836e+01
8006.2080  -3.3685e+01  5.1350e+01
8007.4580  2.3987e+01  4.9788e+01
8008.7085  -2.3971e+01  4.8607e+01
8009.9590  -2.1510e+01  4.8209e+01
8011.2090  1.1073e+01  4.8191e+01
8012.4595  6.1454e+01  4.8727e+01
8013.7100  -1.0332e+01  5.0273e+01
