# SNR 16.1302
# Quality c
# flux_factor = 1.e-20
5506.2695  5.8002e+00  6.9479e+01
5507.5200  1.9455e+01  6.3884e+01
5508.7700  -5.0390e+01  6.9992e+01
5510.0205  -6.2184e+01  6.4706e+01
5511.2710  -3.1304e+01  5.5236e+01
5512.5215  2.3038e+01  6.0679e+01
5513.7715  -1.5284e+01  7.5093e+01
5515.0220  4.7166e+01  6.9762e+01
5516.2725  1.0495e+01  6.0988e+01
5517.5225  -5.9390e+01  5.6761e+01
5518.7729  1.6942e+02  5.8769e+01
5520.0234  6.0766e+01  6.9876e+01
5521.2734  -9.0136e+01  7.8030e+01
5522.5239  -8.1078e-01  6.9860e+01
5523.7744  -2.8374e+01  6.8262e+01
5525.0244  -8.2079e+00  5.7436e+01
5526.2749  3.7250e+01  5.3756e+01
5527.5254  -9.1270e+01  5.8425e+01
5528.7754  -9.8536e+01  5.0826e+01
5530.0259  -2.1269e+01  4.9871e+01
5531.2764  -2.9609e+01  7.2826e+01
5532.5264  -1.0800e+02  6.6217e+01
5533.7769  7.3207e+00  5.0526e+01
5535.0273  -5.1057e+00  5.5213e+01
5536.2778  -6.5050e+01  5.4470e+01
5537.5278  -7.9398e+01  5.8499e+01
5538.7783  -6.8218e+01  5.8890e+01
5540.0288  -2.4753e+01  6.3401e+01
5541.2788  -9.2481e+00  6.5876e+01
5542.5293  -2.6848e+01  7.6493e+01
5543.7798  -4.4119e+01  6.3323e+01
5545.0298  -3.3676e+01  5.8231e+01
5546.2803  5.9072e+01  6.3800e+01
5547.5308  6.5977e+00  6.2321e+01
5548.7808  -9.1189e+01  5.8384e+01
5550.0312  -2.8275e+01  6.8204e+01
5551.2817  -3.0946e+01  6.2146e+01
5552.5317  5.7224e+01  5.9924e+01
5553.7822  -2.8428e+01  6.0577e+01
5555.0327  -1.0196e+02  4.9217e+01
5556.2827  -9.0336e+00  5.7681e+01
5557.5332  -7.5182e+01  5.8771e+01
5558.7837  9.5847e+00  5.6650e+01
5560.0342  8.7236e+01  5.8664e+01
5561.2842  9.2401e+01  5.8922e+01
5562.5347  3.7272e+01  7.0329e+01
5563.7852  -5.3126e+01  7.0012e+01
5565.0352  6.5719e+01  5.9486e+01
5566.2856  -1.1511e+02  5.9877e+01
5567.5361  -6.2476e+01  6.2856e+01
5568.7861  3.2287e+01  5.6693e+01
5570.0366  -7.3862e+01  6.3836e+01
5571.2871  -3.2645e+01  5.8907e+01
5572.5371  8.4118e+01  7.0618e+01
5573.7876  -5.4291e+01  8.4291e+01
5575.0381  2.5434e+01  6.5261e+01
5576.2881  1.7674e+01  1.7678e+02
5577.5386  2.0198e+01  3.5635e+02
5578.7891  2.1706e+01  3.8393e+02
5580.0391  2.1445e+01  2.3066e+02
5581.2896  1.0275e+01  7.8581e+01
5582.5400  8.4290e+01  6.2021e+01
5583.7905  -7.4721e+00  5.6033e+01
5585.0405  1.1265e+02  6.0645e+01
5586.2910  9.4117e+01  6.4296e+01
5587.5415  3.6432e+01  5.2111e+01
5588.7915  -1.0274e+02  6.5994e+01
5590.0420  -9.9510e+01  7.7715e+01
5591.2925  -6.6209e+01  5.7260e+01
5592.5425  7.0276e+01  5.2717e+01
5593.7930  1.6670e+02  7.5725e+01
5595.0435  3.1956e+02  4.7579e+01
5596.2935  5.3178e+02  4.8934e+01
5597.5439  5.7130e+02  5.3055e+01
5598.7944  6.5922e+02  5.8699e+01
5600.0444  7.7638e+02  8.2725e+01
5601.2949  6.8011e+02  5.9737e+01
5602.5454  4.6545e+02  4.9649e+01
5603.7954  2.6910e+02  5.8961e+01
5605.0459  1.7510e+02  5.8749e+01
5606.2964  -3.0624e+01  6.1360e+01
5607.5469  1.8486e+01  6.6674e+01
5608.7969  1.0169e+02  5.9274e+01
5610.0474  1.2834e+02  5.4585e+01
5611.2979  4.5421e+01  5.6267e+01
5612.5479  -8.0800e+01  6.0080e+01
5613.7983  -3.7331e+01  6.3343e+01
5615.0488  -1.2198e+01  6.7000e+01
5616.2988  5.8533e+01  6.4754e+01
5617.5493  -2.8214e+01  5.4829e+01
5618.7998  7.2680e-01  6.2758e+01
5620.0498  1.5804e+01  6.1396e+01
5621.3003  -2.9537e+01  5.8375e+01
5622.5508  4.7927e+01  5.6396e+01
5623.8008  -6.0557e+01  6.0009e+01
5625.0513  -3.1254e+01  6.4725e+01
5626.3018  -1.1740e+01  5.4754e+01
5627.5518  4.1395e+01  6.2200e+01
5628.8022  -5.1819e+01  4.8819e+01
5630.0527  1.5714e+00  5.3655e+01
5631.3032  2.8173e+01  5.1221e+01
5632.5532  -4.6671e+01  5.4346e+01
5633.8037  -6.9566e+01  4.9679e+01
5635.0542  3.8213e+01  5.5870e+01
5636.3042  -5.4112e+01  6.1898e+01
5637.5547  -3.8616e+00  5.8859e+01
5638.8052  -2.5098e+01  5.2595e+01
5640.0552  -9.2207e+01  5.7057e+01
5641.3057  1.0041e+01  6.4062e+01
5642.5562  4.1084e+01  5.7133e+01
5643.8062  1.1452e+01  5.5115e+01
5645.0566  2.6523e+01  6.1876e+01
5646.3071  4.1322e+01  5.9209e+01
5647.5571  1.5704e+02  5.5438e+01
5648.8076  7.1360e+01  5.7143e+01
5650.0581  -2.4979e+01  5.4599e+01
5651.3081  3.5880e+01  6.0856e+01
5652.5586  5.9255e+00  5.0311e+01
5653.8091  5.0490e+01  5.7341e+01
5655.0596  5.2642e+01  5.4586e+01
5656.3096  -5.4188e+01  5.0523e+01
5657.5601  2.4540e+01  6.7069e+01
5658.8105  6.0368e+01  4.6815e+01
5660.0605  2.6493e+01  5.8459e+01
5661.3110  -3.4184e+01  5.1568e+01
5662.5615  9.6517e+01  5.1924e+01
5663.8115  5.8359e+01  7.8224e+01
5665.0620  2.4130e+01  5.6580e+01
5666.3125  9.2668e+01  5.5430e+01
5667.5625  7.6931e+01  5.4891e+01
5668.8130  6.8602e+01  5.6817e+01
5670.0635  5.1059e+01  4.8247e+01
5671.3135  1.1007e+02  6.5876e+01
5672.5640  1.2918e+02  5.2531e+01
5673.8145  3.0092e+01  5.3106e+01
5675.0645  1.7908e+01  5.2923e+01
5676.3149  1.2938e+00  5.7244e+01
5677.5654  1.3966e+02  5.8089e+01
5678.8159  5.0861e+00  5.6684e+01
5680.0659  4.7028e+01  6.4617e+01
5681.3164  9.2484e+01  6.1198e+01
5682.5669  5.1960e+01  6.0215e+01
5683.8169  3.1919e+01  5.3498e+01
5685.0674  7.0522e+01  6.8934e+01
5686.3179  7.3751e+01  6.0059e+01
5687.5679  -3.1710e+01  5.7465e+01
5688.8184  1.3147e+02  5.1375e+01
5690.0688  -4.1122e+01  4.7720e+01
5691.3188  8.6816e+01  5.9284e+01
5692.5693  -1.7271e+01  6.4380e+01
