# SNR 11.3751
# Quality c
# flux_factor = 1.e-20
5925.1348  -3.5361e+01  1.4514e+02
5926.3848  -5.4978e+01  1.4440e+02
5927.6353  6.5315e+01  1.3353e+02
5928.8857  1.1012e+02  1.2832e+02
5930.1357  -8.3185e+01  1.2951e+02
5931.3862  -3.3453e+00  1.3227e+02
5932.6367  6.6972e+00  1.5519e+02
5933.8867  1.3870e+02  1.7467e+02
5935.1372  -1.4875e+01  1.5578e+02
5936.3877  -1.1695e+02  1.3067e+02
5937.6377  -7.8111e+01  1.2759e+02
5938.8882  7.7181e+01  1.2690e+02
5940.1387  -5.2942e+01  1.2638e+02
5941.3887  1.4427e+02  1.2563e+02
5942.6392  5.1864e+01  1.2549e+02
5943.8896  8.4093e+01  1.2505e+02
5945.1401  -9.7288e+01  1.3073e+02
5946.3901  -1.6434e+02  1.4073e+02
5947.6406  3.9089e+01  1.4019e+02
5948.8911  -1.3776e+02  1.2960e+02
5950.1411  -4.7853e+01  1.2488e+02
5951.3916  -1.2559e+02  1.2616e+02
5952.6421  1.6923e+02  1.3715e+02
5953.8921  -2.5225e+01  1.6211e+02
5955.1426  -8.1366e+00  1.5989e+02
5956.3931  1.6578e+02  1.3542e+02
5957.6431  1.7739e+01  1.2678e+02
5958.8936  1.3714e+01  1.2954e+02
5960.1440  5.6178e+01  1.2896e+02
5961.3940  -7.3000e+00  1.2683e+02
5962.6445  -9.9255e+01  1.2477e+02
5963.8950  -2.0752e+00  1.2602e+02
5965.1455  1.0852e+02  1.2656e+02
5966.3955  -1.8617e+01  1.2478e+02
5967.6460  -2.1645e+00  1.2434e+02
5968.8965  2.8150e+01  1.2523e+02
5970.1465  9.3369e+01  1.3189e+02
5971.3970  7.7924e+01  1.3728e+02
5972.6475  4.3715e+00  1.3157e+02
5973.8975  -7.2084e+01  1.2549e+02
5975.1479  -1.8408e+02  1.2548e+02
5976.3984  -5.7174e+01  1.3171e+02
5977.6484  1.8420e+02  1.4661e+02
5978.8989  5.3856e+01  1.4314e+02
5980.1494  -1.0999e+02  1.2838e+02
5981.3994  -1.0669e+02  1.2405e+02
5982.6499  -1.0381e+02  1.2460e+02
5983.9004  -1.7307e+02  1.2275e+02
5985.1504  -6.1294e+01  1.2257e+02
5986.4009  -6.1080e+01  1.2246e+02
5987.6514  1.6801e+01  1.2306e+02
5988.9019  -4.3031e+01  1.2208e+02
5990.1519  4.0340e+01  1.2262e+02
5991.4023  1.7026e+01  1.2216e+02
5992.6528  1.9932e+01  1.2223e+02
5993.9028  2.1726e+01  1.2128e+02
5995.1533  1.0562e+02  1.2190e+02
5996.4038  -2.1749e+01  1.2216e+02
5997.6538  -8.2529e+01  1.2549e+02
5998.9043  -1.0754e+02  1.2821e+02
6000.1548  4.0536e+01  1.2411e+02
6001.4048  1.7641e+02  1.2128e+02
6002.6553  -3.0930e+01  1.2273e+02
6003.9058  -1.0461e+02  1.3036e+02
6005.1558  -2.1358e+01  1.3285e+02
6006.4062  -3.9578e+01  1.2673e+02
6007.6567  -3.8296e+01  1.2115e+02
6008.9072  -3.3607e+01  1.1923e+02
6010.1572  -1.4216e+02  1.1894e+02
6011.4077  -2.0279e+01  1.1957e+02
6012.6582  1.4936e+01  1.1988e+02
6013.9082  -1.4004e+02  1.1789e+02
6015.1587  1.1085e+02  1.1840e+02
6016.4092  1.2522e+02  1.1806e+02
6017.6592  -8.3474e+01  1.1812e+02
6018.9097  -4.2744e+01  1.1717e+02
6020.1602  -4.6703e+01  1.1833e+02
6021.4102  1.1401e+02  1.1754e+02
6022.6606  3.0689e+02  1.1678e+02
6023.9111  6.6123e+02  1.1791e+02
6025.1611  6.9876e+02  1.1809e+02
6026.4116  5.8633e+02  1.1797e+02
6027.6621  2.7362e+02  1.1922e+02
6028.9126  3.0201e+02  1.2141e+02
6030.1626  2.6513e+02  1.2121e+02
6031.4131  2.2750e+02  1.1833e+02
6032.6636  2.6926e+02  1.1891e+02
6033.9136  1.9192e+02  1.2354e+02
6035.1641  7.8578e+01  1.2616e+02
6036.4146  2.3363e+01  1.2125e+02
6037.6646  1.4908e+02  1.1821e+02
6038.9150  -4.9364e+01  1.1664e+02
6040.1655  2.2110e+01  1.1745e+02
6041.4155  9.1353e+01  1.1826e+02
6042.6660  -5.1088e+01  1.1789e+02
6043.9165  3.6729e+00  1.1748e+02
6045.1665  4.5831e+01  1.1694e+02
6046.4170  1.8071e+02  1.1807e+02
6047.6675  -5.9989e+01  1.1908e+02
6048.9175  -2.1049e+01  1.1753e+02
6050.1680  6.0286e+01  1.1698e+02
6051.4185  5.9751e+01  1.1654e+02
6052.6689  -1.1408e+02  1.1604e+02
6053.9189  9.4334e+00  1.1578e+02
6055.1694  -2.0695e+02  1.1531e+02
6056.4199  1.4784e+01  1.1679e+02
6057.6699  9.4406e+01  1.1639e+02
6058.9204  -1.0722e+02  1.1628e+02
6060.1709  -8.7046e+01  1.1648e+02
6061.4209  -1.6115e+02  1.1718e+02
6062.6714  -5.3629e+01  1.1881e+02
6063.9219  -3.8558e+01  1.1841e+02
6065.1719  1.4194e+01  1.1690e+02
6066.4224  1.0684e+02  1.1698e+02
6067.6729  -1.6452e+02  1.1842e+02
6068.9229  -1.6534e+02  1.2046e+02
6070.1733  -1.7466e+02  1.1741e+02
6071.4238  -5.8392e+01  1.1646e+02
6072.6743  -9.2337e+01  1.1461e+02
6073.9243  -4.1861e+01  1.1543e+02
6075.1748  1.0823e+02  1.1485e+02
6076.4253  3.5210e+01  1.1412e+02
6077.6753  -1.0941e+02  1.1527e+02
6078.9258  3.7321e+01  1.1438e+02
6080.1763  -1.1825e+02  1.1388e+02
6081.4263  -1.6031e+02  1.1366e+02
6082.6768  -1.5554e+02  1.1364e+02
6083.9272  -1.7023e+01  1.1370e+02
6085.1772  -1.2585e+02  1.1406e+02
6086.4277  -6.8175e+01  1.1304e+02
6087.6782  8.3967e+01  1.1369e+02
6088.9282  -7.1308e+01  1.1431e+02
6090.1787  -2.3133e+01  1.1340e+02
6091.4292  -2.6421e+01  1.1261e+02
6092.6797  -1.0678e+02  1.1268e+02
6093.9297  -3.9308e+01  1.1244e+02
6095.1802  1.3012e+02  1.1339e+02
6096.4307  -1.0158e+02  1.1506e+02
6097.6807  -8.5274e+01  1.1470e+02
6098.9312  1.8529e+02  1.1432e+02
6100.1816  3.5036e-02  1.1519e+02
6101.4316  1.0998e+01  1.1535e+02
6102.6821  -2.5043e+01  1.1202e+02
6103.9326  -9.7910e+00  1.1262e+02
6105.1826  -5.7024e+01  1.1615e+02
6106.4331  2.8248e+02  1.1625e+02
6107.6836  2.0440e+02  1.1427e+02
6108.9336  -6.3319e+01  1.1333e+02
6110.1841  -8.4207e+01  1.1136e+02
6111.4346  4.0474e+01  1.1271e+02
6112.6846  1.8811e+02  1.1223e+02
6113.9351  -5.5525e+01  1.1309e+02
6115.1855  5.2026e+01  1.1203e+02
6116.4360  1.7917e+02  1.1092e+02
6117.6860  9.0359e+01  1.1055e+02
6118.9365  1.0611e+02  1.1065e+02
6120.1870  1.1351e+01  1.1179e+02
6121.4370  5.2841e+01  1.1009e+02
6122.6875  -3.3999e+01  1.0955e+02
6123.9380  8.3319e+01  1.0917e+02
