# SNR 8.1520
# Quality c
# flux_factor = 1.e-20
6822.8726  -2.5810e+01  3.4784e+01
6824.1230  3.8615e+01  3.5580e+01
6825.3735  1.2229e+01  3.9540e+01
6826.6235  -3.2312e+01  3.7715e+01
6827.8740  -2.8610e+01  5.3632e+01
6829.1245  3.1801e+01  7.2375e+01
6830.3745  -1.0327e+02  8.4604e+01
6831.6250  6.3803e+01  7.1390e+01
6832.8755  2.0542e+02  5.9128e+01
6834.1255  1.6449e+02  6.6750e+01
6835.3760  -1.6802e+01  8.4625e+01
6836.6265  1.9846e+01  7.9895e+01
6837.8765  3.5793e+01  4.1625e+01
6839.1270  -2.8607e+00  3.2496e+01
6840.3774  8.1505e+01  3.8844e+01
6841.6279  1.1758e+01  4.6048e+01
6842.8779  4.2640e+01  6.0876e+01
6844.1284  -1.8113e+01  5.6440e+01
6845.3789  2.0689e+01  3.6586e+01
6846.6289  3.1714e+01  3.0940e+01
6847.8794  2.2422e+01  4.0353e+01
6849.1299  9.3416e+00  3.2481e+01
6850.3799  -4.0117e+01  4.0699e+01
6851.6304  2.1658e+01  3.4847e+01
6852.8809  2.9905e+01  3.9031e+01
6854.1309  -9.5989e+00  4.1478e+01
6855.3813  -7.8328e+00  3.2273e+01
6856.6318  -5.0629e+01  3.6228e+01
6857.8823  -5.0149e+01  4.0150e+01
6859.1323  -5.2681e+00  4.0775e+01
6860.3828  3.4349e+01  3.9285e+01
6861.6333  -2.8360e+01  3.4612e+01
6862.8833  5.1845e+01  6.6702e+01
6864.1338  7.5040e+00  9.8407e+01
6865.3843  4.6199e+01  1.1199e+02
6866.6343  3.4624e+01  7.6960e+01
6867.8848  -3.4724e+01  4.5657e+01
6869.1353  -5.0480e+01  5.0486e+01
6870.3853  4.9137e+01  5.1395e+01
6871.6357  5.0479e+01  6.0064e+01
6872.8862  4.4045e+01  5.8913e+01
6874.1362  -1.8937e+01  5.0235e+01
6875.3867  6.9346e+01  3.9556e+01
6876.6372  2.1696e+01  4.1328e+01
6877.8877  -1.4398e+01  4.1186e+01
6879.1377  3.1462e+00  4.5215e+01
6880.3882  -2.0994e+01  4.1410e+01
6881.6387  -4.2071e+01  4.7493e+01
6882.8887  -2.3183e+01  5.1603e+01
6884.1392  3.3304e+00  4.4233e+01
6885.3896  -2.1651e+01  3.6673e+01
6886.6396  -2.4523e+01  3.5793e+01
6887.8901  -1.7794e+01  5.2317e+01
6889.1406  3.4758e+01  5.3023e+01
6890.3906  1.8344e+01  6.7811e+01
6891.6411  9.6257e+01  5.7585e+01
6892.8916  -4.5330e+01  3.7657e+01
6894.1421  5.3180e+01  4.6126e+01
6895.3921  -3.1392e+00  4.2666e+01
6896.6426  -8.0230e+01  4.9589e+01
6897.8931  -2.3451e+01  3.6368e+01
6899.1431  4.6599e+01  3.6381e+01
6900.3936  1.7551e+01  5.0615e+01
6901.6440  3.1350e+00  6.8143e+01
6902.8940  -2.9710e+01  5.9005e+01
6904.1445  -4.7603e+01  4.5053e+01
6905.3950  -8.2954e+01  3.3533e+01
6906.6450  4.1123e+01  4.0125e+01
6907.8955  -8.1491e+00  3.3344e+01
6909.1460  2.1365e+01  3.9827e+01
6910.3960  4.9338e-01  3.9723e+01
6911.6465  -3.3853e+01  4.1942e+01
6912.8970  2.1665e+01  7.1256e+01
6914.1475  7.5572e+01  6.9278e+01
6915.3975  1.2795e+02  5.5574e+01
6916.6479  -1.2197e+01  3.8139e+01
6917.8984  -4.6565e+01  3.0758e+01
6919.1484  5.6348e+01  3.1716e+01
6920.3989  2.2916e+01  3.5388e+01
6921.6494  5.7193e+01  4.2124e+01
6922.8994  1.2703e+02  6.6283e+01
6924.1499  9.2562e+01  9.0681e+01
6925.4004  1.0639e+01  8.8383e+01
6926.6504  1.4518e+02  6.0620e+01
6927.9009  -3.7311e+01  3.9051e+01
6929.1514  -4.2312e+01  3.9085e+01
6930.4014  -5.3974e+01  3.8956e+01
6931.6519  -6.6751e+01  3.9102e+01
6932.9023  4.4288e+01  3.1552e+01
6934.1528  1.1789e+02  3.2506e+01
6935.4028  1.8838e+02  3.3050e+01
6936.6533  2.9367e+02  3.4308e+01
6937.9038  3.1094e+02  3.6713e+01
6939.1538  2.7571e+02  6.7436e+01
6940.4043  1.1910e+02  6.3515e+01
6941.6548  2.1869e+02  5.6054e+01
6942.9048  1.9104e+02  4.5836e+01
6944.1553  1.6713e+02  3.5080e+01
6945.4058  1.2731e+02  3.4422e+01
6946.6558  8.6687e+01  3.0223e+01
6947.9062  1.1983e+02  5.5832e+01
6949.1567  1.4398e+02  7.8917e+01
6950.4072  -6.8269e+00  9.1840e+01
6951.6572  1.3563e+02  7.4608e+01
6952.9077  6.2789e+01  4.4981e+01
6954.1582  9.6128e+00  3.4897e+01
6955.4082  9.6888e+00  3.5943e+01
6956.6587  7.7706e+01  3.4951e+01
6957.9092  2.8021e+01  3.7273e+01
6959.1592  5.7681e+01  3.3046e+01
6960.4097  -6.0337e+00  3.4786e+01
6961.6602  3.3652e+01  3.1691e+01
6962.9102  5.6737e+01  3.7629e+01
6964.1606  8.6151e-01  3.0566e+01
6965.4111  1.7138e+01  4.3915e+01
6966.6611  -2.8099e+01  4.3009e+01
6967.9116  7.3918e+01  3.6479e+01
6969.1621  2.7602e+01  4.2367e+01
6970.4126  -2.4510e+01  5.4289e+01
6971.6626  -1.7109e+01  5.4282e+01
6972.9131  7.0412e+00  4.0779e+01
6974.1636  2.3284e+01  3.6581e+01
6975.4136  -8.1939e+00  4.1977e+01
6976.6641  3.0661e+01  3.8332e+01
6977.9146  -1.2716e+01  5.1384e+01
6979.1646  -6.3168e+01  6.9694e+01
6980.4150  7.6791e+01  6.4778e+01
6981.6655  3.0244e+01  5.1040e+01
6982.9155  1.6741e+01  3.2626e+01
6984.1660  -3.7101e+01  3.7649e+01
6985.4165  -2.1573e+00  3.1698e+01
6986.6670  3.1336e+01  3.8412e+01
6987.9170  3.3056e+00  3.6972e+01
6989.1675  -1.0803e+01  3.8229e+01
6990.4180  9.4413e+00  3.3919e+01
6991.6680  1.8609e+01  3.0532e+01
6992.9185  -8.0946e+00  2.9980e+01
6994.1689  -1.6367e+01  3.4506e+01
6995.4189  2.7009e+01  3.2106e+01
6996.6694  1.9533e+01  3.1201e+01
6997.9199  5.3061e+01  3.4206e+01
6999.1699  -2.1128e+01  4.0057e+01
7000.4204  -7.1776e+01  3.3470e+01
7001.6709  -4.6644e+00  4.2260e+01
7002.9209  6.8928e+00  3.9796e+01
7004.1714  -2.1888e+01  4.7212e+01
7005.4219  2.0178e+01  5.0536e+01
7006.6724  4.1546e+01  3.9523e+01
7007.9224  -7.0856e+01  3.6882e+01
7009.1729  -1.2599e+01  3.4349e+01
7010.4233  -1.0933e+01  3.8574e+01
7011.6733  -1.7940e+01  6.4810e+01
7012.9238  1.3472e+02  5.8619e+01
7014.1743  6.1564e+01  3.8750e+01
7015.4243  4.5837e+01  3.4471e+01
7016.6748  -4.0886e+01  2.8473e+01
7017.9253  -2.3280e+00  2.8345e+01
7019.1753  2.7036e+01  3.2756e+01
7020.4258  4.3008e+01  3.7437e+01
7021.6763  -2.0782e+01  3.4201e+01
7022.9268  3.7640e+01  3.6734e+01
7024.1768  6.5414e+01  3.4575e+01
7025.4272  1.3969e+01  3.2237e+01
7026.6777  -7.4398e+01  3.1746e+01
7027.9277  7.3726e+00  3.2762e+01
7029.1782  5.5885e+01  3.0614e+01
7030.4287  4.3673e+01  3.8009e+01
7031.6787  2.2353e+01  3.9867e+01
7032.9292  5.5904e+01  3.3390e+01
7034.1797  3.1033e+01  3.2987e+01
7035.4297  -5.1792e+01  3.4240e+01
7036.6802  6.5797e+01  3.2049e+01
7037.9307  1.5764e+02  3.3808e+01
7039.1807  -8.0189e+01  3.2363e+01
7040.4312  4.4104e+01  3.6746e+01
7041.6816  2.3940e+01  3.4925e+01
7042.9321  -1.1793e+02  4.5485e+01
7044.1821  -8.1851e+01  3.1026e+01
7045.4326  -3.0461e+01  2.9387e+01
7046.6831  2.0973e+01  3.4857e+01
7047.9331  3.1883e+01  4.4562e+01
7049.1836  3.7718e+01  4.8373e+01
7050.4341  2.3282e+01  5.0609e+01
7051.6841  1.5200e+01  4.7430e+01
7052.9346  8.1561e+01  4.0580e+01
