# SNR 33.6131
# Quality c
# flux_factor = 1.e-20
5567.7080  2.0224e+02  7.7250e+01
5568.9580  1.0679e+02  6.9706e+01
5570.2085  -1.1403e+01  8.6828e+01
5571.4590  1.0849e+01  7.2409e+01
5572.7090  -4.1413e+00  9.6537e+01
5573.9595  4.3585e+01  7.7041e+01
5575.2100  7.7987e+01  9.7872e+01
5576.4604  7.2345e+01  2.4082e+02
5577.7104  7.6109e+01  5.5617e+02
5578.9609  7.1251e+01  6.6531e+02
5580.2114  6.9894e+01  4.3672e+02
5581.4614  7.2538e+01  1.3746e+02
5582.7119  -8.3587e+01  1.5868e+02
5583.9624  -1.5951e+00  1.0444e+02
5585.2124  7.6410e+01  8.2451e+01
5586.4629  1.8705e+02  7.0262e+01
5587.7134  2.4166e+01  7.3679e+01
5588.9634  1.4700e+02  8.3364e+01
5590.2139  1.2796e+02  7.9348e+01
5591.4644  1.8218e+02  8.2747e+01
5592.7144  3.8118e+01  8.1732e+01
5593.9648  -2.0315e+01  8.9773e+01
5595.2153  1.0266e+02  8.9192e+01
5596.4653  4.9301e+01  7.7310e+01
5597.7158  3.4810e+01  7.8058e+01
5598.9663  1.6533e+02  7.9786e+01
5600.2168  1.4082e+02  7.2791e+01
5601.4668  1.7760e+02  6.8324e+01
5602.7173  -8.5130e+01  7.8182e+01
5603.9678  2.8809e+01  8.6854e+01
5605.2178  5.3420e+01  7.8229e+01
5606.4683  -4.2447e+01  9.1674e+01
5607.7188  1.5537e+02  9.2971e+01
5608.9688  4.6415e+01  8.4566e+01
5610.2192  1.3429e+02  8.8292e+01
5611.4697  7.3929e+01  6.8746e+01
5612.7197  -6.6014e+01  6.7140e+01
5613.9702  1.2595e+02  7.1679e+01
5615.2207  9.9629e+01  6.6846e+01
5616.4707  6.1355e+01  7.0545e+01
5617.7212  7.4192e+01  7.6158e+01
5618.9717  1.9294e+01  7.5717e+01
5620.2217  -5.1751e+00  8.4205e+01
5621.4722  -6.4487e+00  7.1286e+01
5622.7227  -2.9448e+01  6.6144e+01
5623.9731  9.8888e+01  9.2536e+01
5625.2231  9.5632e+01  1.0759e+02
5626.4736  -2.0545e+00  8.8102e+01
5627.7241  4.5138e+01  7.6513e+01
5628.9741  1.2735e+02  7.2783e+01
5630.2246  -2.5395e+01  7.2069e+01
5631.4751  -3.5117e+01  7.7425e+01
5632.7251  1.3708e+02  8.3319e+01
5633.9756  3.3094e+01  7.4465e+01
5635.2261  4.1962e+01  7.9478e+01
5636.4761  -3.9799e+01  6.9789e+01
5637.7266  5.9767e+01  8.3982e+01
5638.9771  -1.8338e+02  7.4466e+01
5640.2271  2.3802e+01  7.4608e+01
5641.4775  1.2500e+02  7.5394e+01
5642.7280  1.0798e+02  7.6505e+01
5643.9780  2.2280e+02  6.7597e+01
5645.2285  3.1733e+02  7.2413e+01
5646.4790  3.7373e+02  8.3416e+01
5647.7295  6.1117e+02  7.3887e+01
5648.9795  6.4771e+02  7.1596e+01
5650.2300  6.3513e+02  7.9096e+01
5651.4805  5.6880e+02  7.1359e+01
5652.7305  3.8979e+02  7.0573e+01
5653.9810  1.2786e+02  7.2399e+01
5655.2314  4.9153e+01  7.8042e+01
5656.4814  1.4627e+02  7.7313e+01
5657.7319  3.5241e+02  7.8976e+01
5658.9824  8.1447e+02  7.0824e+01
5660.2324  1.5449e+03  7.3137e+01
5661.4829  1.8532e+03  7.6884e+01
5662.7334  1.6256e+03  7.4649e+01
5663.9834  1.1097e+03  7.7033e+01
5665.2339  7.5257e+02  8.5667e+01
5666.4844  4.5994e+02  6.7376e+01
5667.7344  3.0852e+02  8.1677e+01
5668.9849  3.5798e+02  7.1500e+01
5670.2354  2.0132e+02  7.3203e+01
5671.4858  1.4752e+02  7.5511e+01
5672.7358  2.3438e+02  6.9037e+01
5673.9863  1.0658e+02  7.6169e+01
5675.2368  4.9871e+01  7.2379e+01
5676.4868  -8.0448e+01  6.7133e+01
5677.7373  2.0481e+01  7.6223e+01
5678.9878  -5.2902e+01  8.5103e+01
5680.2378  1.3658e+02  7.5632e+01
5681.4883  6.2183e+01  6.9738e+01
5682.7388  1.2706e+01  1.0617e+02
5683.9888  3.0271e+01  7.8150e+01
5685.2393  2.2665e+01  6.6389e+01
5686.4897  -1.0017e+01  8.0850e+01
5687.7397  1.0579e+02  7.6270e+01
5688.9902  4.6405e+01  7.9846e+01
5690.2407  -7.7784e-01  6.7809e+01
5691.4907  2.7496e+01  7.4990e+01
5692.7412  1.8632e+01  6.8177e+01
5693.9917  6.3859e+01  7.7116e+01
5695.2422  6.7603e+01  6.8467e+01
5696.4922  -7.3552e+01  6.9649e+01
5697.7427  -2.1206e+01  8.1099e+01
5698.9932  -7.1960e+01  6.9746e+01
5700.2432  6.1380e+01  9.2839e+01
5701.4937  2.5488e+01  7.2086e+01
5702.7441  1.1603e+02  7.8650e+01
5703.9941  4.4695e+01  6.7628e+01
5705.2446  2.3620e+02  7.2128e+01
5706.4951  -7.9999e+01  7.0106e+01
5707.7451  -3.3387e+01  7.2242e+01
5708.9956  -1.5845e+02  6.9073e+01
5710.2461  -6.4117e+01  8.3034e+01
5711.4961  -5.1618e+01  8.8702e+01
5712.7466  -9.9935e+01  7.5732e+01
5713.9971  -8.2391e+01  7.6695e+01
5715.2476  -1.1968e+02  7.8830e+01
5716.4976  -1.8328e+01  7.7946e+01
5717.7480  1.4242e+01  8.1433e+01
5718.9985  -1.1044e+01  7.9031e+01
5720.2485  -1.4121e+02  8.0008e+01
5721.4990  1.5490e+02  7.9838e+01
5722.7495  -8.9867e+00  7.9165e+01
5723.9995  2.4688e+01  7.4844e+01
5725.2500  1.3150e+02  9.0139e+01
5726.5005  -9.7665e+01  7.4905e+01
5727.7505  -8.4682e+01  7.4433e+01
5729.0010  -2.0608e+02  7.1850e+01
5730.2515  -3.2305e+01  7.0478e+01
5731.5015  -4.1885e+01  7.0186e+01
5732.7520  7.7218e+01  8.2012e+01
5734.0024  -5.3583e+01  7.0169e+01
5735.2524  7.0388e+00  7.8748e+01
5736.5029  -1.1439e+01  7.9409e+01
5737.7534  3.5066e+01  7.7529e+01
5739.0039  8.4694e+01  8.4135e+01
5740.2539  3.0957e+01  7.0297e+01
5741.5044  -1.0929e+02  7.9826e+01
5742.7549  8.0964e+01  7.8233e+01
5744.0049  2.3148e+02  7.7906e+01
5745.2554  9.6475e+01  7.2472e+01
5746.5059  -2.8666e+01  7.4322e+01
5747.7559  8.0283e+01  8.4871e+01
5749.0063  -1.1074e+02  6.4564e+01
5750.2568  3.6399e+01  8.9274e+01
5751.5068  -1.1323e+01  6.5290e+01
5752.7573  -7.6833e+01  7.2573e+01
5754.0078  -7.8438e+00  6.7386e+01
5755.2578  5.7748e+01  7.3929e+01
