# SNR 8.3839
# Quality c
# flux_factor = 1.e-20
7105.6665  -3.9685e+01  5.4654e+01
7106.9170  -1.1739e+02  5.4226e+01
7108.1675  -5.2940e+01  5.3892e+01
7109.4175  -6.4912e+01  5.4926e+01
7110.6680  -5.3234e+01  5.4865e+01
7111.9185  -1.2391e+01  5.4680e+01
7113.1685  -1.2935e+01  5.5140e+01
7114.4189  2.1400e+01  5.4012e+01
7115.6694  -5.8386e+01  5.3346e+01
7116.9194  4.0851e+01  5.3726e+01
7118.1699  2.6606e+01  5.4354e+01
7119.4204  -4.8629e+01  5.3693e+01
7120.6704  5.4556e+01  5.3756e+01
7121.9209  1.6760e+01  5.3703e+01
7123.1714  1.8812e+01  5.2941e+01
7124.4214  3.6147e+00  5.3637e+01
7125.6719  3.6747e+00  5.3376e+01
7126.9224  2.8054e+00  5.4372e+01
7128.1729  -1.1258e+02  5.7478e+01
7129.4229  2.7674e+01  6.0298e+01
7130.6733  -3.3244e+00  5.7723e+01
7131.9238  -1.1197e+01  5.4540e+01
7133.1738  5.2448e+01  5.5990e+01
7134.4243  -1.1784e+01  6.0399e+01
7135.6748  5.1892e+01  5.8529e+01
7136.9248  5.4727e+01  5.4504e+01
7138.1753  3.3892e+01  5.3520e+01
7139.4258  -2.2429e+01  5.3337e+01
7140.6758  -2.4362e+01  5.3475e+01
7141.9263  5.4529e+00  5.5017e+01
7143.1768  4.7918e+01  5.9029e+01
7144.4272  1.5085e+01  6.3188e+01
7145.6772  -1.1700e+01  6.4312e+01
7146.9277  -2.7441e+01  6.3827e+01
7148.1782  2.1294e+01  6.2257e+01
7149.4282  3.3931e+01  6.0557e+01
7150.6787  1.5099e+01  5.8703e+01
7151.9292  2.6458e+00  5.7523e+01
7153.1792  1.8711e+01  5.5842e+01
7154.4297  4.1872e+01  5.4628e+01
7155.6802  5.6075e+01  5.3456e+01
7156.9302  5.8320e+01  5.4851e+01
7158.1807  1.3711e+01  5.5545e+01
7159.4312  -5.4133e+01  5.6348e+01
7160.6812  -1.0050e+01  5.8329e+01
7161.9316  -2.2054e+01  5.7025e+01
7163.1821  1.8557e+01  5.8363e+01
7164.4326  7.8637e+01  5.9564e+01
7165.6826  2.1138e+01  5.7173e+01
7166.9331  3.2976e+01  5.8966e+01
7168.1836  5.8417e+01  6.0632e+01
7169.4336  -1.9875e+01  5.7586e+01
7170.6841  -2.5810e+00  5.9597e+01
7171.9346  7.1657e+01  6.1280e+01
7173.1846  1.2035e+01  5.8906e+01
7174.4351  3.3720e+01  5.9751e+01
7175.6855  1.2681e+02  6.2865e+01
7176.9355  2.3061e+01  6.4772e+01
7178.1860  -6.2643e+00  6.5341e+01
7179.4365  -3.9593e+01  6.5355e+01
7180.6870  7.9423e+00  6.4898e+01
7181.9370  -4.7517e+01  6.5843e+01
7183.1875  1.9474e+01  6.6123e+01
7184.4380  1.0527e+02  6.3603e+01
7185.6880  -1.8497e+01  6.1615e+01
7186.9385  -8.7613e+00  6.0028e+01
7188.1890  -5.2327e+01  5.9099e+01
7189.4390  -6.3413e+01  5.8306e+01
7190.6895  1.0078e+01  5.7227e+01
7191.9399  2.1302e+00  5.6345e+01
7193.1899  -2.3239e+01  5.6303e+01
7194.4404  3.3670e+00  5.6671e+01
7195.6909  4.0963e+01  5.6766e+01
7196.9414  -2.7939e+01  5.6542e+01
7198.1914  -1.3669e+01  5.5312e+01
7199.4419  2.3738e+01  5.6031e+01
7200.6924  -9.3996e+00  5.7075e+01
7201.9424  1.4952e+01  5.8102e+01
7203.1929  -9.0512e+00  5.8263e+01
7204.4434  -5.2673e+01  5.6524e+01
7205.6934  -5.1728e+01  5.5484e+01
7206.9438  -4.7610e+01  5.5424e+01
7208.1943  3.2971e+01  5.5817e+01
7209.4443  -2.5859e+01  5.5952e+01
7210.6948  6.5394e+01  5.5393e+01
7211.9453  -1.6312e+01  5.4342e+01
7213.1953  -7.7658e+01  5.4306e+01
7214.4458  -4.6897e+01  5.3420e+01
7215.6963  4.7222e+01  5.3543e+01
7216.9468  -1.6905e+01  5.3446e+01
7218.1968  -3.8078e+00  5.4066e+01
7219.4473  2.1484e+01  5.3391e+01
7220.6978  6.3699e+01  5.3649e+01
7221.9478  9.5936e+01  5.5047e+01
7223.1982  2.2243e+02  5.7992e+01
7224.4487  2.1558e+02  5.8965e+01
7225.6987  2.4520e+02  5.8172e+01
7226.9492  1.7322e+02  5.7763e+01
7228.1997  1.4833e+02  5.6217e+01
7229.4497  6.9435e+01  5.6740e+01
7230.7002  7.4938e+01  5.8807e+01
7231.9507  8.0826e+01  5.7092e+01
7233.2012  3.3972e+01  5.6389e+01
7234.4512  8.4490e+01  6.0851e+01
7235.7017  2.6849e+01  6.4151e+01
7236.9521  -7.3536e+01  6.1943e+01
7238.2021  -6.6294e+01  6.3920e+01
7239.4526  -6.7147e+01  1.0026e+02
7240.7031  -5.3917e+01  1.8120e+02
7241.9531  -1.2823e+02  2.2329e+02
7243.2036  -7.0498e+00  1.9763e+02
7244.4541  8.6984e+01  1.1811e+02
7245.7041  -5.3284e+01  1.5100e+02
7246.9546  9.2581e+01  2.2437e+02
7248.2051  2.0514e+02  1.4508e+02
7249.4551  -9.4367e+01  8.6644e+01
7250.7056  1.9622e+01  6.3915e+01
7251.9561  5.4713e+00  6.1628e+01
7253.2065  -1.3240e+01  7.2241e+01
7254.4565  -2.8996e+01  1.0289e+02
7255.7070  -8.2005e+01  1.0332e+02
7256.9575  4.3123e+01  7.9993e+01
7258.2075  -2.4884e+01  7.0553e+01
7259.4580  -3.2884e+01  6.0741e+01
7260.7085  1.6004e+01  5.8027e+01
7261.9585  1.9365e+00  5.8659e+01
7263.2090  -3.3747e+01  5.7976e+01
7264.4595  -4.3377e+00  5.9975e+01
7265.7095  -4.1301e+01  6.0158e+01
7266.9600  4.2202e+00  5.9586e+01
7268.2104  -3.0568e+00  6.2433e+01
7269.4609  2.6258e+01  6.6494e+01
7270.7109  -1.2537e+01  6.8121e+01
7271.9614  4.8292e+00  6.4073e+01
7273.2119  7.6893e+01  6.1412e+01
7274.4619  -2.9215e+01  6.2849e+01
7275.7124  -8.2900e+01  9.6309e+01
7276.9629  -1.0131e+02  2.1628e+02
7278.2129  1.1385e+02  2.9275e+02
7279.4634  -1.6522e+02  2.1844e+02
7280.7139  -9.7324e+01  8.7079e+01
7281.9639  -4.0470e+01  6.5250e+01
7283.2144  -1.1561e+02  7.1335e+01
7284.4648  -6.8203e+01  9.0056e+01
7285.7148  1.1782e+02  1.4032e+02
7286.9653  -6.3538e+01  1.4135e+02
7288.2158  1.4813e+02  8.9277e+01
7289.4663  -2.3273e+00  6.1051e+01
7290.7163  -2.3428e+01  5.9688e+01
7291.9668  6.2024e+01  6.3741e+01
7293.2173  1.8450e+01  6.5765e+01
7294.4673  -2.0760e+01  6.2094e+01
7295.7178  3.2430e+01  6.2853e+01
7296.9683  -6.9910e+01  8.8332e+01
7298.2183  -1.5804e+01  9.4609e+01
7299.4688  -2.2778e+01  6.9916e+01
7300.7192  -3.5103e+01  5.5257e+01
7301.9692  -5.4711e+01  5.4948e+01
7303.2197  -5.1900e+01  6.1601e+01
7304.4702  -2.4272e+01  1.0184e+02
7305.7207  9.5517e+01  1.2564e+02
7306.9707  4.7382e+01  9.5933e+01
7308.2212  4.6760e+00  6.2612e+01
7309.4717  2.5622e+01  5.9214e+01
7310.7217  -5.7924e+01  5.7995e+01
7311.9722  4.3313e+01  6.5729e+01
7313.2227  5.0848e+01  6.9515e+01
7314.4727  -2.1862e+01  6.2938e+01
7315.7231  -8.1931e+01  7.6408e+01
7316.9736  -1.1872e+02  1.8395e+02
7318.2236  -1.1593e+02  2.4876e+02
7319.4741  -4.2215e+01  1.7880e+02
7320.7246  -1.7169e+02  7.3189e+01
7321.9751  -9.3899e+01  5.5725e+01
7323.2251  1.5810e+01  5.4664e+01
7324.4756  7.2743e+01  5.4228e+01
7325.7261  8.4210e+00  5.4424e+01
7326.9761  -3.3398e+01  5.4612e+01
7328.2266  -1.4039e+01  5.7930e+01
7329.4771  -1.5346e+02  9.3468e+01
7330.7271  3.4564e+01  1.3843e+02
7331.9775  2.7522e+00  1.2494e+02
7333.2280  -3.1223e+01  7.3087e+01
7334.4780  1.8772e+01  5.8507e+01
7335.7285  5.0613e+01  5.5899e+01
7336.9790  2.2463e+01  5.4318e+01
7338.2290  -2.0754e+01  5.5672e+01
7339.4795  -1.0353e+02  6.0445e+01
7340.7300  -2.3230e+02  1.0416e+02
7341.9805  2.0371e+02  2.3699e+02
7343.2305  -1.5902e+02  2.5931e+02
7344.4810  1.9282e+02  1.2852e+02
