# SNR 8.2993
# Quality c
# flux_factor = 1.e-20
6492.7798  -5.3122e+01  3.6693e+01
6494.0303  1.7997e+01  3.5719e+01
6495.2808  -7.3511e+01  4.2871e+01
6496.5312  -6.5862e+01  3.5639e+01
6497.7812  -7.1458e+01  4.5639e+01
6499.0317  1.6492e+01  6.9899e+01
6500.2822  -2.4916e+01  7.2267e+01
6501.5322  9.4840e+00  5.3049e+01
6502.7827  -6.6544e+01  3.6859e+01
6504.0332  -3.3597e+01  4.3574e+01
6505.2832  6.5449e+00  5.8382e+01
6506.5337  -6.8495e+01  4.9244e+01
6507.7842  -4.4642e+01  3.9475e+01
6509.0342  -6.8025e+01  4.6933e+01
6510.2847  -7.1377e+01  3.7634e+01
6511.5352  3.9526e+01  4.1609e+01
6512.7852  1.7319e+01  4.1823e+01
6514.0356  1.4640e+01  3.8703e+01
6515.2861  -5.3198e+01  4.1895e+01
6516.5366  -8.0706e+01  3.7185e+01
6517.7866  -6.5991e+01  4.0672e+01
6519.0371  -9.1425e+01  4.3430e+01
6520.2876  1.7732e+00  4.6356e+01
6521.5376  -2.2809e+01  3.8317e+01
6522.7881  -4.2663e+00  4.4362e+01
6524.0386  -5.4796e+01  5.4507e+01
6525.2886  -6.8805e+01  4.3662e+01
6526.5391  -3.6933e+01  3.5461e+01
6527.7896  3.4181e+00  3.8328e+01
6529.0396  -2.5411e+01  4.2678e+01
6530.2900  -7.9915e+01  3.6726e+01
6531.5405  -8.1374e+01  3.5260e+01
6532.7905  -9.1668e+01  5.2734e+01
6534.0410  1.4950e+01  6.6501e+01
6535.2915  1.5069e+01  5.3868e+01
6536.5420  3.5483e-01  4.5458e+01
6537.7920  -6.4216e+01  3.6743e+01
6539.0425  -2.3110e+01  3.6863e+01
6540.2930  4.4379e+01  3.7289e+01
6541.5430  -5.9140e+01  4.6838e+01
6542.7935  -6.7121e+01  3.9426e+01
6544.0439  -5.8011e+01  4.7988e+01
6545.2939  -2.2558e+01  4.9569e+01
6546.5444  7.5050e+01  5.0725e+01
6547.7949  2.5589e+01  4.2290e+01
6549.0449  2.8869e+01  4.0820e+01
6550.2954  -4.5393e+01  4.1772e+01
6551.5459  4.5790e+00  4.5092e+01
6552.7959  -1.7508e+01  4.6795e+01
6554.0464  -2.5199e+01  6.5788e+01
6555.2969  -4.3405e+01  6.4701e+01
6556.5474  1.5623e+02  6.5908e+01
6557.7974  2.6092e+01  3.5314e+01
6559.0479  -7.1860e+01  3.5829e+01
6560.2983  -3.7776e+00  3.6300e+01
6561.5483  -3.6345e+01  4.4032e+01
6562.7988  -1.9847e+01  6.2077e+01
6564.0493  -1.2299e+00  7.4314e+01
6565.2993  -4.8271e+01  5.4972e+01
6566.5498  -3.9848e+01  4.1125e+01
6567.8003  1.3725e+01  3.9404e+01
6569.0503  6.4530e+01  4.4004e+01
6570.3008  -3.5220e+01  4.9681e+01
6571.5513  -1.0089e+02  3.8921e+01
6572.8013  5.4897e+01  4.2083e+01
6574.0518  -1.9608e+01  3.4262e+01
6575.3022  6.4128e-01  3.9645e+01
6576.5527  7.6721e-01  4.2872e+01
6577.8027  1.7546e+01  5.8184e+01
6579.0532  -5.0943e+01  5.7449e+01
6580.3037  -3.3686e+01  6.0045e+01
6581.5537  -1.0273e+02  3.8019e+01
6582.8042  -1.0229e+02  3.8382e+01
6584.0547  -1.1268e+02  4.9122e+01
6585.3047  1.0046e+01  4.5376e+01
6586.5552  -2.7522e+01  3.6547e+01
6587.8057  -5.2109e+01  3.5472e+01
6589.0557  -6.5595e+01  3.5969e+01
6590.3062  8.7493e+00  3.6010e+01
6591.5566  3.6213e+01  4.4252e+01
6592.8071  5.6500e+00  3.9332e+01
6594.0571  -7.1467e+00  4.3094e+01
6595.3076  3.3608e+01  3.4729e+01
6596.5581  3.5089e+01  3.8660e+01
6597.8081  -3.5816e+00  4.6646e+01
6599.0586  -1.6727e+01  3.7002e+01
6600.3091  5.0097e+01  3.3082e+01
6601.5591  1.9192e+02  4.3972e+01
6602.8096  2.7039e+02  3.9310e+01
6604.0601  1.8845e+02  5.1691e+01
6605.3101  1.0179e+02  4.9749e+01
6606.5605  1.1206e+02  4.7388e+01
6607.8110  5.5681e+01  3.8020e+01
6609.0610  3.5210e+00  3.3549e+01
6610.3115  -3.8269e+01  3.2286e+01
6611.5620  3.0129e+01  4.0558e+01
6612.8125  -3.0998e+01  4.0989e+01
6614.0625  4.9847e+01  4.0363e+01
6615.3130  2.7449e+01  3.5097e+01
6616.5635  3.3785e+01  3.3030e+01
6617.8135  8.9613e+00  4.4801e+01
6619.0640  4.6613e+01  4.2668e+01
6620.3145  -2.0501e+01  4.0019e+01
6621.5645  -1.3648e+00  3.5163e+01
6622.8149  -3.5231e+01  4.0156e+01
6624.0654  2.3893e+00  3.9322e+01
6625.3154  -7.0075e+01  3.4346e+01
6626.5659  -9.3336e+01  4.0006e+01
6627.8164  -4.2403e+01  3.6462e+01
6629.0664  -1.1946e+01  4.8822e+01
6630.3169  -4.3630e+01  4.8497e+01
6631.5674  5.3608e+01  3.5394e+01
6632.8179  3.2026e+01  4.7945e+01
6634.0679  -5.3440e+01  3.9934e+01
6635.3184  -1.2709e+01  5.1913e+01
6636.5688  -8.7432e+00  3.8503e+01
6637.8188  1.7193e+01  3.8052e+01
6639.0693  -1.1744e+01  4.8446e+01
6640.3198  -3.2471e+00  4.6849e+01
6641.5698  -6.9601e+00  3.8366e+01
6642.8203  -9.0782e+00  3.4395e+01
6644.0708  2.1357e+01  3.2396e+01
6645.3208  -1.4512e+01  4.3230e+01
6646.5713  1.6156e+01  4.2842e+01
6647.8218  -4.7393e+01  3.5906e+01
6649.0718  7.2707e+01  4.0070e+01
6650.3223  -4.8893e+01  3.3633e+01
6651.5728  7.1329e+00  4.0351e+01
6652.8232  -1.9041e+01  3.9051e+01
6654.0732  -1.8838e+01  3.9427e+01
6655.3237  -1.2296e+01  4.1678e+01
6656.5742  -3.5664e-01  4.7654e+01
6657.8242  1.3783e+00  3.3353e+01
6659.0747  -5.7729e+01  3.2885e+01
6660.3252  -2.2274e+01  3.4451e+01
6661.5752  6.4358e+01  4.4486e+01
6662.8257  1.1670e+01  3.7387e+01
6664.0762  -2.8548e+01  3.9247e+01
6665.3262  -1.1906e+02  3.8692e+01
6666.5767  9.8540e+00  3.6250e+01
6667.8271  4.6905e+01  3.9433e+01
6669.0771  7.4501e+01  4.0839e+01
6670.3276  5.8002e+01  4.3142e+01
6671.5781  3.4176e+01  3.2886e+01
6672.8286  1.7952e+01  3.9485e+01
6674.0786  3.1980e+01  3.3798e+01
6675.3291  1.2958e+01  4.5895e+01
6676.5796  6.5912e+00  3.5768e+01
6677.8296  6.0234e+01  3.3303e+01
6679.0801  7.1351e+01  3.2930e+01
6680.3306  -4.4463e+00  3.7968e+01
6681.5806  -5.3403e+01  3.5735e+01
6682.8311  -6.9066e+00  3.5546e+01
6684.0815  3.3290e+00  3.3379e+01
6685.3315  -2.3327e+01  3.5576e+01
6686.5820  7.2838e+01  3.3530e+01
6687.8325  -4.8831e+01  3.9076e+01
6689.0830  -1.5085e+01  3.7580e+01
6690.3330  1.9032e-01  3.3088e+01
6691.5835  -4.0924e+01  3.6948e+01
6692.8340  -9.2471e+00  3.3054e+01
6694.0840  6.7092e+00  3.4994e+01
6695.3345  2.2445e+01  4.4464e+01
6696.5850  -1.1344e+01  3.3114e+01
6697.8350  1.3459e+01  3.8866e+01
6699.0854  3.7091e-01  4.2550e+01
6700.3359  6.0469e+00  3.6457e+01
6701.5859  -5.9075e+01  4.1921e+01
6702.8364  9.6306e+00  3.3600e+01
6704.0869  1.8192e+01  4.0009e+01
6705.3369  -6.0753e+01  3.5084e+01
6706.5874  -2.4809e+01  3.4698e+01
6707.8379  -2.9989e+00  3.9933e+01
6709.0884  -3.8064e+01  3.3059e+01
6710.3384  -6.8309e+01  3.5992e+01
6711.5889  -5.0917e+01  3.7175e+01
