# SNR 14.4044
# Quality c
# flux_factor = 1.e-20
5087.8906  1.5356e+01  9.2405e+01
5089.1406  7.5116e+01  1.0276e+02
5090.3911  3.1977e+01  9.6805e+01
5091.6416  4.3942e+01  1.0231e+02
5092.8916  -1.2951e+01  1.0402e+02
5094.1421  6.7768e+01  9.2751e+01
5095.3926  -1.1877e+01  8.4350e+01
5096.6431  1.7132e+01  9.5570e+01
5097.8931  -2.0738e+02  1.0406e+02
5099.1436  8.6249e+01  1.1252e+02
5100.3940  6.6818e+01  9.3753e+01
5101.6440  9.5874e+01  9.8329e+01
5102.8945  -2.1698e+02  1.0264e+02
5104.1450  -1.1816e+02  9.7237e+01
5105.3950  -2.6662e+02  8.5937e+01
5106.6455  2.5649e+01  8.8780e+01
5107.8960  -3.1144e+01  1.0115e+02
5109.1460  3.9268e+01  9.4864e+01
5110.3965  6.4911e+01  1.0404e+02
5111.6470  -2.0266e+01  1.0713e+02
5112.8970  1.8231e+02  1.0286e+02
5114.1475  1.3666e+02  7.5871e+01
5115.3979  7.9693e+01  1.0191e+02
5116.6479  9.3666e+01  8.5085e+01
5117.8984  -1.2018e+02  1.0002e+02
5119.1489  -6.8342e+01  9.8553e+01
5120.3989  1.6174e+02  1.1098e+02
5121.6494  7.3408e+01  1.0434e+02
5122.8999  -4.7355e+01  1.0514e+02
5124.1504  -3.6061e+01  9.9845e+01
5125.4004  6.0936e+01  9.7189e+01
5126.6509  -6.9673e-01  9.7097e+01
5127.9014  4.7267e+01  8.9431e+01
5129.1514  -1.5615e+02  8.1405e+01
5130.4019  -7.8537e+01  1.1743e+02
5131.6523  1.6196e+02  1.0237e+02
5132.9023  1.0439e+01  1.1038e+02
5134.1528  4.5217e+01  1.0992e+02
5135.4033  8.6460e+01  1.0985e+02
5136.6533  -1.1359e+02  1.0147e+02
5137.9038  -2.8515e+01  1.4412e+02
5139.1543  6.6688e+01  9.7262e+01
5140.4043  9.2743e+01  1.1795e+02
5141.6548  1.3947e+02  1.0169e+02
5142.9053  6.9949e+01  9.0641e+01
5144.1553  -9.2615e+01  8.8796e+01
5145.4058  3.5812e+01  1.1871e+02
5146.6562  3.0409e+01  8.9016e+01
5147.9062  3.8875e+01  9.5413e+01
5149.1567  -1.1585e+02  1.0317e+02
5150.4072  -2.7324e+01  1.0657e+02
5151.6572  1.0194e+01  1.1040e+02
5152.9077  7.2392e+01  1.1652e+02
5154.1582  -1.3445e+02  8.5928e+01
5155.4087  -3.4040e+01  9.7072e+01
5156.6587  -9.4893e+01  9.8908e+01
5157.9092  2.6688e+01  8.8154e+01
5159.1597  -6.4389e+01  8.4511e+01
5160.4097  4.1883e+01  9.2871e+01
5161.6602  2.5804e+01  1.0647e+02
5162.9106  -3.8818e+01  8.5294e+01
5164.1606  2.4207e+02  1.1853e+02
5165.4111  1.0913e+01  8.1524e+01
5166.6616  9.6751e+01  8.4244e+01
5167.9116  1.3642e+01  8.2191e+01
5169.1621  8.5538e+01  1.0199e+02
5170.4126  2.0487e+02  9.6124e+01
5171.6626  6.5652e+02  1.0378e+02
5172.9131  1.0128e+03  8.3454e+01
5174.1636  8.6315e+02  8.9110e+01
5175.4136  5.3035e+02  9.2649e+01
5176.6641  2.3911e+02  1.0359e+02
5177.9146  1.9477e+02  9.9800e+01
5179.1646  2.3927e+02  1.0976e+02
5180.4150  1.3952e+02  9.7138e+01
5181.6655  1.1167e+01  8.3591e+01
5182.9160  -6.3087e+01  9.2252e+01
5184.1660  7.4206e+01  9.5191e+01
5185.4165  1.4370e+02  9.8443e+01
5186.6670  3.4511e+01  8.5508e+01
5187.9170  -1.3018e+01  1.2225e+02
5189.1675  6.6152e+01  9.1943e+01
5190.4180  4.9002e+01  8.4183e+01
5191.6680  1.2797e+02  1.0179e+02
5192.9185  1.3098e+02  1.0005e+02
5194.1689  1.8875e+01  9.8556e+01
5195.4189  -1.1011e+02  1.0755e+02
5196.6694  -5.2208e+01  1.0403e+02
5197.9199  -1.0400e+02  9.3867e+01
5199.1699  6.0915e+01  1.1659e+02
5200.4204  1.3052e+02  1.0784e+02
5201.6709  -5.0471e+01  1.1521e+02
5202.9209  1.2067e+02  1.1008e+02
5204.1714  1.2428e+02  9.6567e+01
5205.4219  8.0855e+01  9.2065e+01
5206.6719  2.8426e+02  8.7138e+01
5207.9224  1.1152e+02  8.0412e+01
5209.1729  1.5039e+01  9.0898e+01
5210.4233  -6.8415e+01  1.0524e+02
5211.6733  1.4574e+02  1.0764e+02
5212.9238  6.0539e+01  1.1087e+02
5214.1743  1.0355e+02  9.9815e+01
5215.4243  1.6871e+02  1.1199e+02
5216.6748  -1.3203e+02  1.2581e+02
5217.9253  -1.0808e+02  8.9399e+01
5219.1753  -6.4977e+01  1.1021e+02
5220.4258  -1.9349e+02  1.1640e+02
5221.6763  1.9687e+02  9.7118e+01
5222.9263  3.7346e+01  9.4905e+01
5224.1768  3.8271e+01  1.0685e+02
5225.4272  1.0115e+02  1.2151e+02
5226.6772  -6.0746e+01  9.3650e+01
5227.9277  -2.2058e+01  1.0401e+02
5229.1782  -5.2713e+01  9.0839e+01
5230.4282  -6.3996e+01  1.0964e+02
5231.6787  -4.8286e+01  1.0394e+02
5232.9292  -3.0391e+01  8.9810e+01
5234.1792  -5.1519e+00  8.5964e+01
5235.4297  1.7825e+02  9.4058e+01
5236.6802  1.4884e+02  9.6402e+01
5237.9307  2.0016e+01  1.0846e+02
5239.1807  -2.9221e+01  9.5499e+01
5240.4312  -3.8989e+01  1.0012e+02
5241.6816  4.0588e+01  9.6881e+01
5242.9316  7.5801e+01  9.6053e+01
5244.1821  1.6252e+02  8.8003e+01
5245.4326  1.1246e+02  7.6400e+01
5246.6826  2.9218e+02  8.2317e+01
5247.9331  2.2681e+01  9.5006e+01
5249.1836  8.6076e+01  9.9043e+01
5250.4336  1.6709e+02  9.5076e+01
5251.6841  1.6771e+02  9.7739e+01
5252.9346  1.1152e+02  1.2081e+02
5254.1846  3.9321e+01  8.8343e+01
5255.4351  -2.0364e+02  1.1266e+02
5256.6855  -2.2235e+02  8.9549e+01
5257.9355  -1.2759e+02  1.1687e+02
5259.1860  1.1125e+02  1.0973e+02
