# SNR 14.0285
# Quality c
# flux_factor = 1.e-20
5453.7563  5.9770e+01  8.4103e+01
5455.0068  1.2474e+02  6.8177e+01
5456.2573  4.4856e+01  8.6780e+01
5457.5073  1.1624e+02  9.0081e+01
5458.7578  5.0368e+01  6.6696e+01
5460.0083  8.9535e+01  7.7838e+01
5461.2588  2.9006e+02  9.7606e+01
5462.5088  8.3831e+01  7.4192e+01
5463.7593  -8.2471e+00  7.1481e+01
5465.0098  1.3647e+02  6.5422e+01
5466.2598  2.7884e+01  8.6254e+01
5467.5103  1.8342e+02  8.7813e+01
5468.7607  2.3353e+02  9.0058e+01
5470.0107  -1.3712e+01  7.7127e+01
5471.2612  2.4535e+01  7.4449e+01
5472.5117  7.4008e+00  6.3809e+01
5473.7617  5.4586e+01  7.0206e+01
5475.0122  1.3618e+02  7.1686e+01
5476.2627  1.3766e+02  8.9533e+01
5477.5127  1.2226e+02  7.5263e+01
5478.7632  7.5846e+01  7.7426e+01
5480.0137  -9.8674e+01  7.7945e+01
5481.2637  3.0521e+01  9.4626e+01
5482.5142  5.7630e+00  7.7029e+01
5483.7646  2.4255e+01  8.1987e+01
5485.0146  -3.2583e+00  7.3473e+01
5486.2651  7.7768e+00  7.1106e+01
5487.5156  -4.6875e+01  7.9493e+01
5488.7661  3.6751e+01  6.7484e+01
5490.0161  7.8954e+01  6.6509e+01
5491.2666  1.4426e+01  8.6933e+01
5492.5171  6.0423e+01  7.1886e+01
5493.7671  7.7845e+01  8.5340e+01
5495.0176  -1.5608e+00  7.9032e+01
5496.2681  6.5266e+01  7.3168e+01
5497.5181  -1.6654e+01  7.3976e+01
5498.7686  -3.0242e+01  6.8799e+01
5500.0190  -2.3474e+01  8.6969e+01
5501.2690  3.0790e+01  8.6533e+01
5502.5195  -1.0382e+02  7.0875e+01
5503.7700  1.3531e+02  6.7322e+01
5505.0200  1.3808e+02  7.5381e+01
5506.2705  2.4407e+01  8.1585e+01
5507.5210  1.1421e+02  7.9802e+01
5508.7710  1.2676e+02  8.3563e+01
5510.0215  1.9100e+02  8.2107e+01
5511.2720  4.7863e+01  8.4757e+01
5512.5225  -2.9827e+01  7.0034e+01
5513.7725  9.9325e+00  9.2659e+01
5515.0229  1.8478e+01  6.9577e+01
5516.2734  2.7433e+01  8.3129e+01
5517.5234  2.9791e+01  8.4661e+01
5518.7739  3.4462e+01  7.0170e+01
5520.0244  8.8687e+00  8.3523e+01
5521.2744  1.3937e+02  9.0655e+01
5522.5249  6.3644e+01  8.8122e+01
5523.7754  6.6213e+01  7.2098e+01
5525.0254  5.3914e+01  7.4055e+01
5526.2759  4.0948e+01  7.0828e+01
5527.5264  3.5928e+01  8.8455e+01
5528.7764  -3.1680e+01  7.3991e+01
5530.0269  9.7002e+01  9.4513e+01
5531.2773  1.7378e+02  6.8558e+01
5532.5273  1.5649e+02  6.9090e+01
5533.7778  -5.5799e+01  7.1361e+01
5535.0283  -2.1471e+01  7.4101e+01
5536.2788  5.5465e+01  8.2159e+01
5537.5288  1.7798e+02  6.8972e+01
5538.7793  1.5204e+02  8.0508e+01
5540.0298  -7.4325e-01  8.7397e+01
5541.2798  1.1814e+02  8.2078e+01
5542.5303  1.8196e+02  7.3952e+01
5543.7808  4.5011e+02  7.4538e+01
5545.0308  6.9898e+02  8.1689e+01
5546.2812  5.9327e+02  9.2603e+01
5547.5317  4.9248e+02  7.1962e+01
5548.7817  3.1932e+02  8.7475e+01
5550.0322  1.6637e+02  8.9886e+01
5551.2827  1.3427e+02  8.5735e+01
5552.5327  -1.2160e+01  7.2220e+01
5553.7832  -5.7883e+01  8.7562e+01
5555.0337  -8.1464e+00  6.4141e+01
5556.2837  8.7066e+01  7.6157e+01
5557.5342  7.0737e+00  7.4053e+01
5558.7847  1.6783e+01  7.8898e+01
5560.0352  1.4017e+02  7.4496e+01
5561.2852  5.9057e+01  8.2368e+01
5562.5356  4.0285e+01  9.0989e+01
5563.7861  -9.4521e+01  8.8364e+01
5565.0361  -1.6979e+02  7.9345e+01
5566.2866  3.2843e+01  7.1685e+01
5567.5371  1.3920e+02  6.5351e+01
5568.7871  -4.0422e+01  7.6752e+01
5570.0376  1.3273e+02  7.6062e+01
5571.2881  -2.6954e+01  8.1411e+01
5572.5381  -6.3263e+00  8.0335e+01
5573.7886  1.2703e+02  1.0045e+02
5575.0391  6.3523e+01  9.6917e+01
5576.2891  -4.7480e+01  2.9294e+02
5577.5396  3.3994e+01  6.2325e+02
5578.7900  9.3944e+01  6.7517e+02
5580.0400  1.6028e+02  3.9295e+02
5581.2905  6.4181e+01  1.1928e+02
5582.5410  -5.8565e+01  1.0173e+02
5583.7915  -1.2486e+01  9.0421e+01
5585.0415  3.7683e+01  8.4095e+01
5586.2920  -9.1004e+01  8.6770e+01
5587.5425  -3.9014e+01  8.4308e+01
5588.7925  1.2410e+02  7.2402e+01
5590.0430  1.4239e+02  7.6211e+01
5591.2935  9.2642e+01  7.6932e+01
5592.5435  4.4262e+01  6.7469e+01
5593.7939  7.1744e+00  7.4266e+01
5595.0444  1.2530e+02  7.8287e+01
5596.2944  1.4308e+01  7.8839e+01
5597.5449  -3.6111e+01  6.9044e+01
5598.7954  -1.3672e+01  8.4666e+01
5600.0454  1.3166e+02  6.8002e+01
5601.2959  -1.4220e+01  6.9102e+01
5602.5464  -7.8757e+01  7.6117e+01
5603.7964  -3.6515e+01  9.1173e+01
5605.0469  -6.7943e+01  9.6201e+01
5606.2974  -2.5670e+01  8.2404e+01
5607.5479  -3.0133e+01  8.4674e+01
5608.7979  -1.4768e+01  7.7321e+01
5610.0483  -5.5650e+01  8.1723e+01
5611.2988  9.3933e+00  8.9032e+01
5612.5488  4.3768e+01  7.4061e+01
5613.7993  1.1394e+02  8.3617e+01
5615.0498  -6.1842e+01  8.0229e+01
5616.2998  1.3043e+01  6.5736e+01
5617.5503  -1.1176e+02  8.4523e+01
5618.8008  1.3004e+02  7.0322e+01
5620.0508  1.9091e+01  7.7286e+01
5621.3013  8.7833e+01  7.0230e+01
5622.5518  5.2454e+01  7.6024e+01
5623.8018  -4.3101e+00  7.5382e+01
5625.0522  1.5577e+02  9.6965e+01
5626.3027  -1.7719e+01  7.5942e+01
5627.5527  5.3644e+01  8.7125e+01
5628.8032  -9.9246e+01  6.9751e+01
5630.0537  3.1334e+01  6.5130e+01
5631.3042  -2.1983e+01  7.7811e+01
5632.5542  7.9898e+01  7.9589e+01
5633.8047  -5.6498e+00  6.4550e+01
5635.0552  1.0356e+02  7.3890e+01
5636.3052  1.6360e+02  6.5938e+01
5637.5557  7.6426e+01  6.4688e+01
