# SNR 14.4278
# Quality c
# flux_factor = 1.e-20
5731.6655  -3.2222e+01  8.3601e+01
5732.9160  -3.4627e+01  6.5068e+01
5734.1665  -1.1619e+02  7.4505e+01
5735.4170  -4.4528e+01  8.3420e+01
5736.6670  -5.0971e+01  8.1272e+01
5737.9175  1.3291e+02  8.0525e+01
5739.1680  1.5376e+02  6.6347e+01
5740.4180  8.5681e+01  6.6252e+01
5741.6685  -6.1619e+00  7.0310e+01
5742.9189  -1.0260e+02  7.6809e+01
5744.1689  1.7804e+01  6.7954e+01
5745.4194  7.6093e+01  8.8677e+01
5746.6699  -1.2605e+02  7.0006e+01
5747.9199  1.4485e+02  6.7657e+01
5749.1704  5.6024e+01  9.2635e+01
5750.4209  -7.9285e+01  6.9674e+01
5751.6709  1.4680e+02  7.5936e+01
5752.9214  4.3448e+01  7.2326e+01
5754.1719  8.4121e+01  7.1853e+01
5755.4224  3.8625e+01  6.7681e+01
5756.6724  5.6206e+01  8.2287e+01
5757.9229  -1.6340e+02  8.1145e+01
5759.1733  -7.2159e+01  6.9073e+01
5760.4233  2.6789e+01  7.3516e+01
5761.6738  -1.3914e+01  7.6401e+01
5762.9243  1.5017e-01  8.3571e+01
5764.1743  -1.2088e+01  6.7059e+01
5765.4248  -4.9858e+01  6.8569e+01
5766.6753  3.1328e+01  6.8874e+01
5767.9253  2.2870e+01  6.9271e+01
5769.1758  1.2593e+02  6.8977e+01
5770.4263  6.6140e+01  6.8462e+01
5771.6763  -4.0262e+01  6.8929e+01
5772.9268  8.8443e+01  7.1733e+01
5774.1772  -8.8452e+01  7.2999e+01
5775.4272  -5.3497e+01  6.9784e+01
5776.6777  4.4263e+01  7.0609e+01
5777.9282  1.0623e+02  7.3258e+01
5779.1787  -7.4056e+01  6.8993e+01
5780.4287  -2.5613e+01  7.4067e+01
5781.6792  5.9625e+01  7.6959e+01
5782.9297  5.1082e+01  9.2699e+01
5784.1797  -1.1289e+02  6.9763e+01
5785.4302  -1.0808e+01  7.3504e+01
5786.6807  -1.4742e-01  6.7363e+01
5787.9307  -1.9378e+01  7.4318e+01
5789.1812  -1.0291e+02  6.8400e+01
5790.4316  -4.9967e+01  8.2903e+01
5791.6816  1.0413e+02  6.8946e+01
5792.9321  1.6510e+02  7.1632e+01
5794.1826  -6.3440e+01  7.2595e+01
5795.4326  -7.6181e+00  7.1438e+01
5796.6831  2.1734e+01  8.0628e+01
5797.9336  5.2742e+01  8.2342e+01
5799.1836  8.3998e+01  8.6059e+01
5800.4341  -4.7550e+01  7.0478e+01
5801.6846  -8.5380e+00  6.7515e+01
5802.9351  -8.4099e+01  6.8254e+01
5804.1851  -4.8757e+01  7.1091e+01
5805.4355  -1.0022e+02  6.9177e+01
5806.6860  6.5384e+00  7.3024e+01
5807.9360  6.9910e+01  7.0874e+01
5809.1865  4.6502e+01  7.7470e+01
5810.4370  9.2847e+01  6.8887e+01
5811.6870  1.3302e+02  7.9998e+01
5812.9375  7.7292e+01  6.8108e+01
5814.1880  -3.5462e+00  6.7356e+01
5815.4380  9.2730e+00  6.9030e+01
5816.6885  -2.1728e+01  6.9974e+01
5817.9390  -1.7249e+02  6.6396e+01
5819.1890  -1.3437e+02  6.6311e+01
5820.4395  7.2984e+01  7.3760e+01
5821.6899  -5.1970e+01  6.7895e+01
5822.9404  2.0041e+02  7.3811e+01
5824.1904  4.6668e+01  6.6602e+01
5825.4409  1.5703e+02  8.0790e+01
5826.6914  3.6948e+02  6.5520e+01
5827.9414  6.9690e+02  7.1767e+01
5829.1919  6.5241e+02  7.0399e+01
5830.4424  4.8688e+02  8.0529e+01
5831.6924  1.8344e+02  6.9895e+01
5832.9429  9.0446e+01  7.5023e+01
5834.1934  1.8574e+02  8.3182e+01
5835.4434  1.3491e+02  7.8270e+01
5836.6938  1.5475e+02  6.5529e+01
5837.9443  -1.2652e+02  6.5339e+01
5839.1943  3.1806e+01  7.4093e+01
5840.4448  1.5002e+02  7.5035e+01
5841.6953  -7.1243e+01  8.6139e+01
5842.9453  -1.0710e+01  7.1967e+01
5844.1958  -1.1956e+02  6.7526e+01
5845.4463  3.6335e+01  6.8860e+01
5846.6968  -2.3780e+01  7.6707e+01
5847.9468  9.5144e+01  6.3864e+01
5849.1973  2.7507e+00  6.8807e+01
5850.4478  -1.1895e+02  6.4766e+01
5851.6978  -5.0971e+01  8.0710e+01
5852.9482  3.0797e+01  6.4743e+01
5854.1987  2.1155e+02  7.6927e+01
5855.4487  9.8681e+01  7.4501e+01
5856.6992  -2.0857e+01  8.0585e+01
5857.9497  -4.6475e+01  6.4794e+01
5859.1997  1.3115e+02  6.3764e+01
5860.4502  4.6234e+00  7.2772e+01
5861.7007  1.9516e+02  7.0427e+01
5862.9507  -2.1103e+01  6.4598e+01
5864.2012  8.4735e+00  7.9370e+01
5865.4517  -7.2650e+01  7.3715e+01
5866.7021  -1.8090e+02  9.5196e+01
5867.9521  -8.0149e+00  1.0204e+02
5869.2026  1.7627e+00  1.0048e+02
5870.4531  1.5935e+01  9.3620e+01
5871.7031  3.8700e+01  9.2940e+01
5872.9536  2.0080e+01  8.8330e+01
5874.2041  -5.4393e+01  8.8990e+01
5875.4541  -3.5554e+01  7.5600e+01
5876.7046  8.3858e+01  8.1758e+01
5877.9551  1.6452e+02  7.2355e+01
5879.2051  8.7377e+01  7.2942e+01
5880.4556  9.5243e+01  8.1039e+01
5881.7061  2.5756e+01  8.5364e+01
5882.9561  -9.1781e+00  6.9688e+01
5884.2065  -5.7263e+01  8.7253e+01
5885.4570  1.0261e+00  7.0563e+01
5886.7070  1.0745e+02  8.1783e+01
5887.9575  4.8211e+00  1.2034e+02
5889.2080  6.4128e+01  1.1731e+02
5890.4585  2.8859e+01  2.1717e+02
5891.7085  -6.5999e-01  2.9270e+02
5892.9590  4.8775e+01  2.2940e+02
5894.2095  -7.8855e+01  1.0658e+02
5895.4595  9.6959e+01  1.0545e+02
5896.7100  8.4467e+01  1.9029e+02
5897.9604  1.1391e+01  2.2692e+02
5899.2104  -5.1644e+00  1.5657e+02
5900.4609  1.3793e+00  9.6587e+01
5901.7114  3.1267e+01  7.1881e+01
5902.9614  -9.5812e+00  7.1935e+01
5904.2119  1.0438e+02  7.4558e+01
5905.4624  -6.8238e+01  7.6176e+01
5906.7124  1.2996e+02  8.5916e+01
5907.9629  8.1647e+01  8.3340e+01
5909.2134  1.8655e+01  8.8273e+01
5910.4639  1.0725e+02  7.3827e+01
5911.7139  3.4168e+01  7.4118e+01
5912.9644  -1.3305e+02  7.6175e+01
5914.2148  4.3009e+01  7.1553e+01
5915.4648  1.6397e+01  9.9260e+01
5916.7153  -3.6520e+01  1.0705e+02
5917.9658  4.7027e+01  1.0138e+02
5919.2158  -6.0383e+01  8.4270e+01
5920.4663  -8.4130e+01  7.9491e+01
5921.7168  1.2162e+02  7.4784e+01
5922.9668  1.0805e+02  7.1009e+01
5924.2173  8.0379e+01  7.3081e+01
5925.4678  -5.5351e+01  8.6655e+01
