# SNR 13.9955
# Quality c
# flux_factor = 1.e-20
5923.8774  4.2986e+01  5.6710e+01
5925.1279  2.9771e+01  6.4813e+01
5926.3779  3.5483e+01  7.1618e+01
5927.6284  2.0050e+01  5.5492e+01
5928.8789  4.5204e+01  6.2156e+01
5930.1289  6.3581e+01  6.0712e+01
5931.3794  -7.2103e+01  5.9605e+01
5932.6299  -8.3597e+01  5.9323e+01
5933.8799  -1.0787e+02  7.7640e+01
5935.1304  -1.7595e+01  6.6364e+01
5936.3809  8.0970e+01  5.9384e+01
5937.6309  3.2646e+01  4.7803e+01
5938.8813  5.6647e+01  4.9865e+01
5940.1318  -6.4820e+00  5.1106e+01
5941.3818  -1.2057e+00  4.9645e+01
5942.6323  2.4421e+01  5.0817e+01
5943.8828  -2.0778e+01  5.7070e+01
5945.1333  2.3910e+01  5.2921e+01
5946.3833  -2.3698e+01  7.3005e+01
5947.6338  4.5328e+01  5.4551e+01
5948.8843  1.3199e+01  5.2283e+01
5950.1343  -2.4808e+01  4.6767e+01
5951.3848  9.6303e+00  4.5737e+01
5952.6353  1.1240e+02  5.1444e+01
5953.8853  -8.4167e+00  8.0913e+01
5955.1357  3.5871e+01  7.6156e+01
5956.3862  -3.5144e+01  5.4581e+01
5957.6362  -2.8216e+01  5.8875e+01
5958.8867  -3.9925e+01  5.6174e+01
5960.1372  3.6228e+01  5.5588e+01
5961.3872  5.0560e+01  5.2656e+01
5962.6377  2.8955e+01  4.9006e+01
5963.8882  3.0269e+01  4.5426e+01
5965.1387  1.5140e-01  5.1919e+01
5966.3887  6.8471e+01  5.4891e+01
5967.6392  -4.5177e+00  4.5621e+01
5968.8896  2.8186e+01  5.3850e+01
5970.1396  2.7968e+01  5.1863e+01
5971.3901  -4.0954e+01  5.8868e+01
5972.6406  5.8126e+01  6.0087e+01
5973.8906  -4.0551e+01  6.6873e+01
5975.1411  -1.5582e+01  5.5181e+01
5976.3916  -3.7349e+01  4.9023e+01
5977.6416  1.0236e+02  5.9445e+01
5978.8921  4.3124e+01  6.1608e+01
5980.1426  8.6495e+01  5.6221e+01
5981.3926  3.2418e+01  5.3137e+01
5982.6431  1.0243e+00  5.3849e+01
5983.8936  -3.9503e+01  4.4189e+01
5985.1436  1.3037e+01  5.3473e+01
5986.3940  3.4698e+01  4.4496e+01
5987.6445  -9.0064e+00  5.4165e+01
5988.8950  -5.1270e+00  5.3511e+01
5990.1450  -9.4364e+01  4.6778e+01
5991.3955  -2.2199e+01  4.4857e+01
5992.6460  -3.6358e+01  6.1043e+01
5993.8960  2.2635e+01  4.4484e+01
5995.1465  1.6292e+01  5.0047e+01
5996.3970  1.0689e+02  5.5649e+01
5997.6470  -5.9892e+00  5.6803e+01
5998.8975  -4.5291e+01  5.5088e+01
6000.1479  -2.7103e+01  4.9167e+01
6001.3979  -6.5378e+01  4.7111e+01
6002.6484  1.2494e+01  5.4464e+01
6003.8989  -3.0446e+01  4.7179e+01
6005.1489  -6.4673e+01  5.2830e+01
6006.3994  -9.2214e+01  4.7212e+01
6007.6499  -6.5242e+01  4.6783e+01
6008.9004  -5.1835e+01  4.9639e+01
6010.1504  -2.0670e+01  4.9461e+01
6011.4009  5.3021e+01  4.8171e+01
6012.6514  2.8729e+01  4.9579e+01
6013.9014  1.8316e+01  4.1487e+01
6015.1519  -4.4603e+01  4.6627e+01
6016.4023  -4.0068e+01  4.4484e+01
6017.6523  1.1044e+02  5.6083e+01
6018.9028  4.8566e+01  4.7468e+01
6020.1533  4.1441e+01  5.5251e+01
6021.4033  1.6830e+02  5.0376e+01
6022.6538  3.9136e+02  4.4919e+01
6023.9043  4.1604e+02  4.4553e+01
6025.1543  3.7572e+02  4.9503e+01
6026.4048  1.9627e+02  5.1538e+01
6027.6553  5.9225e+01  4.1895e+01
6028.9053  1.2660e+01  4.7300e+01
6030.1558  -3.9089e+01  4.8849e+01
6031.4062  -5.1330e+00  4.7603e+01
6032.6567  -2.4614e+01  4.1770e+01
6033.9067  2.3149e+01  5.4515e+01
6035.1572  -5.4428e+01  5.1432e+01
6036.4077  1.7313e+01  5.6255e+01
6037.6577  5.2294e+01  4.6274e+01
6038.9082  1.5836e+00  4.3496e+01
6040.1587  -2.7979e+01  4.8202e+01
6041.4087  -6.4990e+01  4.9375e+01
6042.6592  1.7986e+01  5.5084e+01
6043.9097  1.2171e+01  5.0928e+01
6045.1597  4.4080e-01  5.1067e+01
6046.4102  -7.8942e+00  5.0905e+01
6047.6606  1.5556e+02  4.2765e+01
6048.9106  5.5964e+01  4.1545e+01
6050.1611  -2.6758e+01  4.6927e+01
6051.4116  4.1316e+01  4.4714e+01
6052.6621  -8.4923e+01  5.1473e+01
6053.9121  5.0673e+01  4.8269e+01
6055.1626  1.3713e+01  4.7162e+01
6056.4131  2.3055e+01  5.0045e+01
6057.6631  3.4596e+01  4.4324e+01
6058.9136  3.5672e+01  4.8929e+01
6060.1641  8.9338e+01  5.0103e+01
6061.4141  3.6806e+01  4.6569e+01
6062.6646  2.1545e+01  5.3328e+01
6063.9150  1.2329e+01  5.3079e+01
6065.1650  -5.8021e+01  4.1863e+01
6066.4155  -1.3147e+01  4.5594e+01
6067.6660  4.4922e+01  5.1271e+01
6068.9160  2.7515e+01  4.7670e+01
6070.1665  1.1509e+02  4.5646e+01
6071.4170  1.0083e+01  4.4651e+01
6072.6675  4.8027e+01  4.1691e+01
6073.9175  2.4167e+01  5.9222e+01
6075.1680  2.8989e+01  4.6817e+01
6076.4185  -2.1624e+01  4.5823e+01
6077.6685  4.1382e+01  4.8777e+01
6078.9189  -4.0656e-01  4.8822e+01
6080.1694  -4.2863e+01  5.2631e+01
6081.4194  -1.5297e+01  4.4821e+01
6082.6699  2.7242e+01  6.6013e+01
6083.9204  1.8321e+01  4.2325e+01
6085.1704  7.0399e+01  4.7987e+01
6086.4209  6.3499e+01  4.7678e+01
6087.6714  -2.3228e+01  5.2446e+01
6088.9214  -6.5073e+01  4.3083e+01
6090.1719  -1.1732e+01  4.2452e+01
6091.4224  -2.1216e+01  4.5410e+01
6092.6729  -8.9290e+01  4.2690e+01
6093.9229  -3.1489e+01  5.4051e+01
6095.1733  1.7014e+01  5.6483e+01
6096.4238  1.3603e+02  4.3255e+01
6097.6738  3.8279e+01  5.0215e+01
6098.9243  1.6767e+01  4.7877e+01
6100.1748  5.6696e-01  5.6651e+01
6101.4248  -4.6532e+01  4.6022e+01
6102.6753  -7.1851e+01  4.6634e+01
6103.9258  -7.4627e+01  4.5568e+01
6105.1758  -6.1080e+01  4.4003e+01
6106.4263  5.0628e+01  5.2107e+01
6107.6768  -1.8075e+01  4.4599e+01
6108.9268  1.4107e+01  4.9909e+01
6110.1772  -5.0065e+01  4.6155e+01
6111.4277  7.3218e-01  4.3849e+01
6112.6777  3.6619e+01  4.4895e+01
6113.9282  9.7936e+01  4.7234e+01
6115.1787  3.2902e+01  4.4322e+01
6116.4292  3.4829e+01  4.8539e+01
6117.6792  7.5542e+00  4.7140e+01
6118.9297  7.3138e+01  4.2625e+01
6120.1802  1.9646e+01  5.2895e+01
6121.4302  -5.4118e+01  4.7821e+01
6122.6807  3.9406e+00  4.4275e+01
6123.9312  -4.5001e+01  4.2468e+01
