# SNR 11.3945
# Quality c
# flux_factor = 1.e-20
6316.6616  3.9044e+00  6.9145e+01
6317.9116  1.3151e+01  6.7364e+01
6319.1621  -2.2525e+02  5.6117e+01
6320.4126  -1.5444e+02  5.7823e+01
6321.6626  -1.3524e+02  7.4245e+01
6322.9131  9.0051e+00  8.0627e+01
6324.1636  3.3798e+01  7.3195e+01
6325.4136  6.2746e+01  5.6542e+01
6326.6641  4.6087e+01  6.6422e+01
6327.9146  -3.2261e+01  6.1098e+01
6329.1646  -8.2268e+01  6.1587e+01
6330.4150  -9.8631e+01  8.9546e+01
6331.6655  -8.6724e+01  1.0093e+02
6332.9160  3.0040e+01  8.2679e+01
6334.1660  -1.3609e+02  6.7967e+01
6335.4165  -1.1821e+02  5.5148e+01
6336.6670  -3.2123e+01  6.8313e+01
6337.9170  -4.2335e+01  5.4126e+01
6339.1675  -7.0868e+00  5.5130e+01
6340.4180  -3.7094e+01  7.5359e+01
6341.6680  -3.3873e+01  6.2803e+01
6342.9185  7.7460e+01  6.5206e+01
6344.1689  5.7916e+00  5.7500e+01
6345.4189  4.2094e+01  7.3890e+01
6346.6694  6.2675e+01  5.8080e+01
6347.9199  3.0833e+01  6.4561e+01
6349.1699  1.2042e+00  8.2418e+01
6350.4204  6.1414e+01  7.3902e+01
6351.6709  5.5385e+01  7.1631e+01
6352.9214  -7.2266e-01  6.5406e+01
6354.1714  1.6283e+01  6.5666e+01
6355.4219  1.9230e+01  5.9511e+01
6356.6724  1.1584e+02  7.8070e+01
6357.9224  -1.8615e+01  8.7223e+01
6359.1729  -1.0953e+02  7.2372e+01
6360.4233  8.4872e+01  5.5997e+01
6361.6733  7.5183e+00  7.2174e+01
6362.9238  2.3507e+01  1.2941e+02
6364.1743  -5.9630e+00  1.8259e+02
6365.4243  -1.1387e+01  2.3044e+02
6366.6748  -2.8725e+01  1.6019e+02
6367.9253  -1.3164e+02  9.9816e+01
6369.1753  5.2323e+01  5.7042e+01
6370.4258  1.4035e+01  6.4438e+01
6371.6763  -6.1049e+01  5.3701e+01
6372.9268  -4.9669e+01  6.1112e+01
6374.1768  -4.4675e+01  6.4072e+01
6375.4272  6.5151e+00  5.3434e+01
6376.6777  -9.1956e+01  7.4947e+01
6377.9277  3.9138e+01  5.3485e+01
6379.1782  -6.0910e+01  5.8009e+01
6380.4287  -4.1652e+01  6.3595e+01
6381.6787  1.8250e+01  7.4705e+01
6382.9292  5.3267e+01  6.1122e+01
6384.1797  -3.5396e+01  6.0237e+01
6385.4297  -2.6079e+01  5.8282e+01
6386.6802  -3.0840e+01  7.4448e+01
6387.9307  -1.1593e+02  7.2667e+01
6389.1807  -9.3085e+01  7.2674e+01
6390.4312  -1.1374e+02  5.4204e+01
6391.6816  -6.2392e+01  6.5212e+01
6392.9321  1.4405e+01  6.8628e+01
6394.1821  -3.7202e+01  7.1719e+01
6395.4326  -6.0376e+01  5.9951e+01
6396.6831  -1.2409e+02  6.8768e+01
6397.9331  -4.9752e+01  5.7585e+01
6399.1836  -3.2068e+01  5.3119e+01
6400.4341  -8.5059e+01  5.8376e+01
6401.6841  -1.8112e+01  5.0487e+01
6402.9346  4.5435e+01  5.1586e+01
6404.1851  -4.5466e+01  6.4143e+01
6405.4351  -5.6879e+01  5.7512e+01
6406.6855  -3.6554e+01  6.1733e+01
6407.9360  -1.0274e+02  5.2800e+01
6409.1860  7.2509e+01  6.4445e+01
6410.4365  7.8042e+01  5.6878e+01
6411.6870  1.8141e+02  5.9019e+01
6412.9375  1.7119e+01  6.4208e+01
6414.1875  -1.5888e+01  7.4077e+01
6415.4380  -1.3152e+02  6.7731e+01
6416.6885  4.4845e+01  6.0243e+01
6417.9385  -5.4861e+01  5.3866e+01
6419.1890  -2.7195e+01  6.1846e+01
6420.4395  7.0484e+01  7.1659e+01
6421.6895  2.1055e+02  6.9252e+01
6422.9399  4.2821e+02  6.5939e+01
6424.1904  5.3387e+02  6.8895e+01
6425.4404  2.4809e+02  6.9994e+01
6426.6909  1.3712e+02  5.5107e+01
6427.9414  8.1909e+01  6.4054e+01
6429.1914  3.5571e+01  5.2110e+01
6430.4419  6.1154e+01  6.0272e+01
6431.6924  1.3939e+01  6.8774e+01
6432.9429  4.7931e+01  5.0063e+01
6434.1929  6.1233e+01  6.7652e+01
6435.4434  -6.1053e+01  5.8264e+01
6436.6938  4.0451e+01  5.1183e+01
6437.9438  6.3636e+01  4.9639e+01
6439.1943  6.4957e+01  5.0913e+01
6440.4448  3.8324e+01  6.4095e+01
6441.6948  6.2574e+01  4.9913e+01
6442.9453  -2.8399e+01  6.1350e+01
6444.1958  -1.6755e+01  5.8199e+01
6445.4458  2.0559e+01  6.9335e+01
6446.6963  -1.2055e+02  5.6480e+01
6447.9468  4.1279e+01  5.1203e+01
6449.1968  -1.9578e+01  5.2620e+01
6450.4473  -7.8690e+01  6.3655e+01
6451.6978  -9.8447e+01  5.5312e+01
6452.9482  -9.1093e+01  6.2603e+01
6454.1982  -6.8972e+01  5.7432e+01
6455.4487  -1.0109e+01  7.0274e+01
6456.6992  4.4942e+01  7.5951e+01
6457.9492  -1.0219e+01  6.5962e+01
6459.1997  -1.4250e+02  5.7899e+01
6460.4502  -8.2721e+01  7.4794e+01
6461.7002  -5.6929e+01  5.8373e+01
6462.9507  -3.5552e+01  6.9261e+01
6464.2012  1.9706e+01  7.1014e+01
6465.4512  -1.7833e+02  7.0940e+01
6466.7017  -1.1039e+02  7.8524e+01
6467.9521  1.4797e+02  7.6553e+01
6469.2021  -2.3582e+00  8.0571e+01
6470.4526  1.3449e+01  5.9317e+01
6471.7031  4.2972e+00  7.5567e+01
6472.9536  -2.9126e+01  7.6224e+01
6474.2036  -8.3957e+01  8.0778e+01
6475.4541  5.1217e+00  6.5130e+01
6476.7046  5.5827e+00  5.0767e+01
6477.9546  -7.4030e+00  5.5424e+01
6479.2051  -1.0640e+02  6.2134e+01
6480.4556  -1.6130e+01  5.7612e+01
6481.7056  -8.5319e+01  5.1783e+01
6482.9561  4.8297e+01  5.8685e+01
6484.2065  4.8675e+01  5.0778e+01
6485.4565  -4.7718e+01  5.8996e+01
6486.7070  9.9788e+00  5.8426e+01
6487.9575  -7.8888e+00  6.3457e+01
6489.2075  4.5668e+01  5.4420e+01
6490.4580  -8.5382e+01  4.8862e+01
6491.7085  -9.0368e-01  6.0347e+01
6492.9590  7.4895e+01  5.7479e+01
6494.2090  -2.4908e+01  5.9544e+01
6495.4595  -1.0398e+02  5.4403e+01
6496.7100  -1.3071e+02  5.1170e+01
6497.9600  -1.7115e+01  7.3928e+01
6499.2104  -9.0299e+01  8.7640e+01
6500.4609  4.0559e+01  1.0208e+02
6501.7109  -5.1604e+01  7.7222e+01
6502.9614  4.9680e+00  6.2738e+01
6504.2119  -8.0015e+01  7.5923e+01
6505.4619  -1.0541e+02  6.3926e+01
6506.7124  3.2285e+01  7.0370e+01
6507.9629  5.7151e+01  7.2910e+01
6509.2129  -4.8670e+00  6.1380e+01
6510.4634  5.2748e+01  6.5608e+01
6511.7139  4.0821e+01  5.2674e+01
6512.9644  -1.3701e+02  5.7220e+01
6514.2144  -2.5754e+01  5.3497e+01
6515.4648  2.5420e+01  5.5855e+01
6516.7153  -1.3009e+01  5.9983e+01
6517.9653  -9.2793e+00  5.8333e+01
6519.2158  -7.0370e+01  5.1701e+01
6520.4663  -2.7633e+01  6.3693e+01
6521.7163  1.2717e+02  5.0938e+01
6522.9668  -4.5991e+01  6.8047e+01
6524.2173  -9.1609e+01  6.4501e+01
6525.4673  1.7977e+00  6.5746e+01
6526.7178  -6.8386e+01  5.5691e+01
6527.9683  -4.7888e+01  6.5767e+01
6529.2188  -6.5140e+01  6.2274e+01
6530.4688  6.7028e+00  5.0233e+01
