# SNR 10.7990
# Quality c
# flux_factor = 1.e-20
5346.7949  -1.8893e+01  1.6624e+02
5348.0454  1.7822e+02  1.6618e+02
5349.2954  4.5315e+01  1.6676e+02
5350.5459  -2.1895e+02  1.6681e+02
5351.7964  -3.6897e+01  1.6830e+02
5353.0464  -3.4471e+02  1.6760e+02
5354.2969  -1.9143e+02  1.6660e+02
5355.5474  -7.1176e+01  1.6613e+02
5356.7974  3.0592e+01  1.6697e+02
5358.0479  -1.0874e+02  1.6767e+02
5359.2983  -2.7769e+02  1.6690e+02
5360.5483  3.2178e+01  1.6749e+02
5361.7988  -4.9691e+01  1.6527e+02
5363.0493  -1.6948e+02  1.6555e+02
5364.2998  -2.1587e+02  1.6410e+02
5365.5498  1.9319e+01  1.6290e+02
5366.8003  -2.4968e+02  1.6273e+02
5368.0508  -1.2831e+02  1.6357e+02
5369.3008  2.7383e+02  1.6542e+02
5370.5513  -2.0364e+02  1.6389e+02
5371.8018  -8.0173e+01  1.6283e+02
5373.0518  -3.0647e+01  1.6374e+02
5374.3022  -1.9818e+02  1.6403e+02
5375.5527  -1.1593e+02  1.6413e+02
5376.8027  3.6066e+01  1.6569e+02
5378.0532  -2.0518e+02  1.6520e+02
5379.3037  -2.3607e+02  1.6329e+02
5380.5537  -1.6294e+02  1.6421e+02
5381.8042  -1.2922e+01  1.6519e+02
5383.0547  2.2168e+02  1.6359e+02
5384.3047  2.7091e+02  1.6170e+02
5385.5552  -1.4634e+01  1.6320e+02
5386.8057  6.3825e+01  1.6368e+02
5388.0562  -4.8265e+01  1.6320e+02
5389.3062  1.8276e+01  1.6167e+02
5390.5566  -3.2168e+01  1.6221e+02
5391.8071  1.0941e+02  1.6159e+02
5393.0571  -1.4061e+02  1.6203e+02
5394.3076  -1.2184e+02  1.6227e+02
5395.5581  -1.1801e+02  1.6078e+02
5396.8081  -1.9083e+02  1.6178e+02
5398.0586  7.1429e+00  1.6090e+02
5399.3091  -2.6756e+01  1.5944e+02
5400.5591  6.6705e+00  1.6069e+02
5401.8096  -2.8418e+01  1.5886e+02
5403.0601  1.4319e+01  1.5957e+02
5404.3101  -2.7454e+02  1.5947e+02
5405.5605  -1.5417e+02  1.5866e+02
5406.8110  -5.1732e+01  1.5701e+02
5408.0610  -1.2974e+02  1.5877e+02
5409.3115  -2.0096e+02  1.5844e+02
5410.5620  -6.0649e+01  1.5901e+02
5411.8120  -5.6084e+01  1.5920e+02
5413.0625  -8.3271e+01  1.5887e+02
5414.3130  -1.2650e+02  1.5886e+02
5415.5635  4.6856e+00  1.5923e+02
5416.8135  4.7882e+01  1.5843e+02
5418.0640  -1.3081e+01  1.5871e+02
5419.3145  -1.5214e+01  1.6071e+02
5420.5645  -5.2984e+01  1.5900e+02
5421.8149  -1.5368e+02  1.5887e+02
5423.0654  5.4788e+01  1.5816e+02
5424.3154  -3.1925e+02  1.5910e+02
5425.5659  -4.8695e+00  1.5814e+02
5426.8164  -1.5468e+02  1.5807e+02
5428.0664  -2.1264e+02  1.6002e+02
5429.3169  -1.2157e+02  1.5857e+02
5430.5674  -2.1363e+01  1.5751e+02
5431.8174  3.4923e+01  1.5548e+02
5433.0679  1.9446e+02  1.5838e+02
5434.3184  3.0599e+02  1.5771e+02
5435.5684  9.5586e+02  1.5827e+02
5436.8188  8.1319e+02  1.5859e+02
5438.0693  7.6847e+02  1.5883e+02
5439.3198  6.4760e+02  1.5857e+02
5440.5698  5.2861e+02  1.5969e+02
5441.8203  4.1214e+02  1.6091e+02
5443.0708  2.7113e+02  1.5987e+02
5444.3208  3.2058e+02  1.5940e+02
5445.5713  4.1873e+02  1.5855e+02
5446.8218  -2.2505e+01  1.5817e+02
5448.0718  3.6451e+01  1.5804e+02
5449.3223  -2.6246e+01  1.5630e+02
5450.5728  -2.1495e+01  1.5814e+02
5451.8228  -2.3257e+01  1.6001e+02
5453.0732  2.9882e+01  1.5959e+02
5454.3237  5.5091e+00  1.5937e+02
5455.5737  6.1383e+00  1.5919e+02
5456.8242  -1.4433e+02  1.5845e+02
5458.0747  9.6462e+00  1.5699e+02
5459.3247  -1.4446e+02  1.5956e+02
5460.5752  -1.8217e+02  1.6039e+02
5461.8257  4.4469e+01  1.6252e+02
5463.0762  -6.2918e+01  1.6349e+02
5464.3262  -6.6482e+01  1.6140e+02
5465.5767  -1.4350e+02  1.5871e+02
5466.8271  1.0414e+01  1.5920e+02
5468.0771  1.0925e+02  1.5817e+02
5469.3276  -9.3704e+01  1.5778e+02
5470.5781  7.2306e+01  1.5875e+02
5471.8281  -1.9751e+02  1.5926e+02
5473.0786  -1.2662e+02  1.5812e+02
5474.3291  5.6590e+01  1.5728e+02
5475.5791  -4.9082e+01  1.5685e+02
5476.8296  1.3275e+02  1.5853e+02
5478.0801  2.4261e+02  1.5783e+02
5479.3301  1.0651e+02  1.5631e+02
5480.5806  -4.0266e+01  1.5702e+02
5481.8311  5.5364e+01  1.5741e+02
5483.0811  -5.3190e+01  1.5892e+02
5484.3315  -8.2312e+01  1.5734e+02
5485.5820  9.4449e+01  1.5794e+02
5486.8320  6.7629e+01  1.5875e+02
5488.0825  -2.5112e+01  1.5708e+02
5489.3330  2.6677e+01  1.5721e+02
5490.5835  1.7154e+02  1.5660e+02
5491.8335  -2.3108e+02  1.5681e+02
5493.0840  -1.6824e+02  1.5840e+02
5494.3345  3.4639e+01  1.5693e+02
5495.5845  2.7691e+02  1.5601e+02
5496.8350  1.5946e+02  1.5688e+02
5498.0854  8.0382e+01  1.5789e+02
5499.3354  -3.7353e+01  1.5818e+02
5500.5859  2.2900e+01  1.5972e+02
5501.8364  1.6266e+02  1.5871e+02
5503.0864  -1.2652e+02  1.5800e+02
5504.3369  1.6035e+02  1.5654e+02
5505.5874  -2.4389e+02  1.5865e+02
5506.8374  -6.0218e+00  1.5802e+02
5508.0879  2.0414e+02  1.5599e+02
5509.3384  -2.4959e+02  1.5722e+02
5510.5884  2.6242e+01  1.5752e+02
5511.8389  -1.7742e+02  1.5897e+02
5513.0894  -4.1410e+01  1.5744e+02
5514.3398  -1.2739e+02  1.5750e+02
5515.5898  -6.5627e+01  1.5751e+02
5516.8403  -9.9021e+01  1.5872e+02
5518.0908  -6.4477e-01  1.5805e+02
5519.3408  -1.2217e+02  1.5800e+02
5520.5913  4.7909e+00  1.5775e+02
5521.8418  -1.3145e+02  1.5687e+02
5523.0918  -1.5506e+00  1.5937e+02
5524.3423  1.8324e+01  1.5867e+02
5525.5928  -4.8807e+01  1.5744e+02
5526.8428  1.8015e+02  1.5717e+02
