# SNR 10.9317
# Quality c
# flux_factor = 1.e-20
5660.2783  -2.7375e+01  9.4078e+01
5661.5288  9.6160e-02  9.4822e+01
5662.7793  6.5385e+01  9.5545e+01
5664.0293  9.8538e+01  9.5771e+01
5665.2798  -4.9814e+01  9.6110e+01
5666.5303  -1.6962e+01  9.6705e+01
5667.7808  -6.4924e+01  9.6087e+01
5669.0308  5.2442e+01  9.6807e+01
5670.2812  -7.6348e+01  9.8788e+01
5671.5317  -2.1903e+02  9.8592e+01
5672.7817  1.5797e+01  9.6953e+01
5674.0322  1.3768e+02  9.7573e+01
5675.2827  7.3513e+00  9.6468e+01
5676.5327  1.1192e+01  9.7142e+01
5677.7832  -3.2135e+01  9.5752e+01
5679.0337  3.3666e+01  9.5975e+01
5680.2837  1.9954e+02  9.5942e+01
5681.5342  1.1483e+02  9.6959e+01
5682.7847  -1.1251e+01  9.6414e+01
5684.0347  1.2976e+02  9.6757e+01
5685.2852  1.0224e+02  9.7009e+01
5686.5356  -3.5544e+01  9.7182e+01
5687.7856  -8.1906e+01  9.7408e+01
5689.0361  7.6125e+01  9.6363e+01
5690.2866  -4.9403e+01  9.6200e+01
5691.5371  -1.8052e+01  9.7581e+01
5692.7871  -6.0002e+01  9.7900e+01
5694.0376  1.6267e+01  9.7936e+01
5695.2881  5.4863e+01  9.6959e+01
5696.5381  -8.8715e+01  9.8187e+01
5697.7886  2.0043e+01  9.8293e+01
5699.0391  -6.8636e+01  9.8453e+01
5700.2891  -7.3324e+01  9.7250e+01
5701.5396  -1.6854e+01  9.8232e+01
5702.7900  3.7894e+01  9.6945e+01
5704.0400  9.3488e+01  9.8131e+01
5705.2905  -1.7347e+01  9.7659e+01
5706.5410  -3.8612e+01  9.7304e+01
5707.7910  -2.2244e+01  9.7853e+01
5709.0415  5.5286e+01  9.8309e+01
5710.2920  2.8012e+01  9.6851e+01
5711.5420  -4.6921e+01  9.7003e+01
5712.7925  -1.2197e+02  9.7228e+01
5714.0430  -4.4760e+00  9.8009e+01
5715.2935  -4.7811e+01  9.7277e+01
5716.5435  4.9817e+01  9.7236e+01
5717.7939  -9.6238e+01  9.7321e+01
5719.0444  9.7864e+01  9.8098e+01
5720.2944  4.6461e+01  9.7660e+01
5721.5449  2.9882e+01  9.7496e+01
5722.7954  9.0525e+01  9.7573e+01
5724.0454  -4.0116e+01  9.8274e+01
5725.2959  1.3631e+01  9.7877e+01
5726.5464  2.6659e+01  9.8320e+01
5727.7964  -8.0887e+01  9.8374e+01
5729.0469  -3.3115e+01  9.7735e+01
5730.2974  5.2524e+01  9.6486e+01
5731.5474  6.4796e+01  9.6980e+01
5732.7979  -8.1954e+01  9.6640e+01
5734.0483  -6.8090e+01  9.6820e+01
5735.2983  3.8823e+00  9.7014e+01
5736.5488  7.9414e+01  9.7520e+01
5737.7993  9.6677e+01  9.7526e+01
5739.0498  1.0543e+02  9.7021e+01
5740.2998  -6.0472e+00  9.6387e+01
5741.5503  -1.9245e+02  9.6223e+01
5742.8008  -7.7382e+01  9.5760e+01
5744.0508  -8.4154e+01  9.6164e+01
5745.3013  -3.4827e+01  9.6396e+01
5746.5518  -2.4632e+01  9.6543e+01
5747.8018  1.0355e+02  9.6763e+01
5749.0522  -3.8277e+01  9.5913e+01
5750.3027  -1.1570e+02  9.6056e+01
5751.5527  7.7464e+00  9.5107e+01
5752.8032  1.4985e+02  9.5727e+01
5754.0537  4.2320e+02  9.5143e+01
5755.3037  6.3185e+02  9.5361e+01
5756.5542  6.7154e+02  9.5703e+01
5757.8047  4.6637e+02  9.5474e+01
5759.0552  3.8016e+02  9.6193e+01
5760.3052  2.2691e+02  9.6562e+01
5761.5557  1.8439e+02  9.6747e+01
5762.8062  1.1697e+02  9.5278e+01
5764.0562  1.3362e+02  9.5042e+01
5765.3066  1.5247e+02  9.5953e+01
5766.5571  -7.0374e+01  9.6740e+01
5767.8071  2.6874e+01  9.6378e+01
5769.0576  1.2540e+02  9.6088e+01
5770.3081  -3.2905e+01  9.6701e+01
5771.5581  -1.0001e+01  9.7215e+01
5772.8086  -3.0262e+01  9.6340e+01
5774.0591  -6.1336e+01  9.6010e+01
5775.3091  5.5728e+01  9.4716e+01
5776.5596  3.0674e+01  9.4384e+01
5777.8101  -5.8177e+01  9.5189e+01
5779.0601  -6.2750e+01  9.5489e+01
5780.3105  -1.0767e+02  9.5417e+01
5781.5610  8.5351e+00  9.5160e+01
5782.8115  -5.0022e+01  9.4133e+01
5784.0615  -2.9349e+01  9.4372e+01
5785.3120  -5.4089e+01  9.4441e+01
5786.5625  -1.4949e+01  9.4327e+01
5787.8125  -2.1369e+01  9.3954e+01
5789.0630  -6.2493e+01  9.5049e+01
5790.3135  -1.1475e+01  9.4803e+01
5791.5635  -8.2177e+01  9.5476e+01
5792.8140  3.7064e+01  9.5785e+01
5794.0645  -4.9517e+00  9.4415e+01
5795.3145  -2.2378e+01  9.4720e+01
5796.5649  4.9045e+01  9.5358e+01
5797.8154  1.0649e+01  9.5712e+01
5799.0654  -6.9425e+00  9.4741e+01
5800.3159  1.8817e+01  9.3986e+01
5801.5664  3.5323e+01  9.4688e+01
5802.8164  6.8942e+01  9.4842e+01
5804.0669  5.7860e+00  9.5786e+01
5805.3174  -4.6048e+01  9.5371e+01
5806.5679  4.0539e+01  9.5182e+01
5807.8179  -8.3260e+01  9.4973e+01
5809.0684  2.6194e+01  9.5117e+01
5810.3188  6.7126e+01  9.6303e+01
5811.5688  1.8324e+01  9.5768e+01
5812.8193  6.0572e+01  9.4768e+01
5814.0698  7.7846e+01  9.4091e+01
5815.3198  -3.0092e+01  9.4728e+01
5816.5703  2.7759e+01  9.3936e+01
5817.8208  5.4440e+01  9.4692e+01
5819.0708  -9.8945e+01  9.5150e+01
5820.3213  4.8159e+01  9.5141e+01
5821.5718  -2.2565e+01  9.5307e+01
5822.8218  6.3389e+01  9.5199e+01
5824.0723  -4.2032e+00  9.4840e+01
5825.3228  -1.7164e+01  9.5025e+01
5826.5732  7.5098e+01  9.5440e+01
5827.8232  8.4997e+01  9.4754e+01
5829.0737  -9.8469e+01  9.4498e+01
5830.3242  -9.1551e+01  9.3003e+01
5831.5742  5.8988e+01  9.3735e+01
5832.8247  -7.0819e+00  9.4532e+01
5834.0752  -1.8997e+02  9.4541e+01
5835.3252  -1.1856e+02  9.4811e+01
5836.5757  -1.4407e+02  9.3973e+01
5837.8262  -1.2123e+02  9.4402e+01
5839.0762  2.6300e+01  9.3909e+01
5840.3267  -1.3212e+00  9.3493e+01
5841.5771  -1.4936e+02  9.3740e+01
5842.8271  8.4555e+01  9.3906e+01
5844.0776  1.3498e+02  9.4140e+01
5845.3281  -5.0278e+00  9.3970e+01
5846.5781  -8.9339e+01  9.3843e+01
5847.8286  5.2847e+01  9.2952e+01
5849.0791  5.1493e+01  9.2687e+01
5850.3296  1.3395e+02  9.3341e+01
5851.5796  1.4956e+02  9.3155e+01
