# SNR 34.9631
# Quality c
# flux_factor = 1.e-20
5737.5815  2.8160e+01  5.6055e+01
5738.8315  -6.0324e+01  5.0802e+01
5740.0820  -5.2827e+00  6.1028e+01
5741.3325  7.7065e+00  5.7330e+01
5742.5825  1.5635e+02  5.2130e+01
5743.8330  9.5769e+01  5.2304e+01
5745.0835  3.9990e+01  5.6017e+01
5746.3340  9.1848e+01  5.6788e+01
5747.5840  -4.3650e+01  5.1931e+01
5748.8345  3.3821e+00  6.5601e+01
5750.0850  -4.5603e+01  5.6558e+01
5751.3350  7.9956e+01  5.6997e+01
5752.5854  -2.5605e+00  4.8612e+01
5753.8359  -4.5403e+01  4.6731e+01
5755.0859  -2.3914e+01  6.8005e+01
5756.3364  3.4905e+01  4.8399e+01
5757.5869  2.6444e+01  6.0602e+01
5758.8369  3.4956e-01  5.0157e+01
5760.0874  7.3229e+01  5.8364e+01
5761.3379  9.9128e+01  5.8330e+01
5762.5879  -6.2873e+00  5.3153e+01
5763.8384  -1.5641e+01  5.3968e+01
5765.0889  7.1676e+01  6.3645e+01
5766.3389  1.4164e+02  6.5036e+01
5767.5894  3.7058e+00  4.7654e+01
5768.8398  6.5388e+00  5.5551e+01
5770.0903  -1.3419e+01  5.0080e+01
5771.3403  -6.7214e+01  5.1293e+01
5772.5908  -3.3785e+01  5.8191e+01
5773.8413  -4.1797e+00  5.9433e+01
5775.0913  6.7330e+01  4.8484e+01
5776.3418  -4.1561e+01  6.0337e+01
5777.5923  1.2003e+02  4.5571e+01
5778.8423  4.5544e+01  5.9145e+01
5780.0928  3.9140e+01  5.0786e+01
5781.3433  -2.8395e+01  6.2136e+01
5782.5933  4.6329e+00  4.5342e+01
5783.8438  8.4373e+00  5.6287e+01
5785.0942  7.3221e+01  5.0133e+01
5786.3442  9.6894e+00  5.1798e+01
5787.5947  1.8030e+01  4.9925e+01
5788.8452  1.3474e+01  5.3063e+01
5790.0957  6.6174e+01  5.5723e+01
5791.3457  6.9566e+01  5.1831e+01
5792.5962  9.0376e+01  6.2235e+01
5793.8467  4.6694e+01  6.0102e+01
5795.0967  -2.0340e+01  5.5013e+01
5796.3472  -2.6985e+01  5.6391e+01
5797.5977  -9.3152e+01  4.9553e+01
5798.8477  -2.9509e+00  6.0443e+01
5800.0981  -1.0341e+02  4.9467e+01
5801.3486  -1.1299e+02  5.7935e+01
5802.5986  2.0026e+01  4.9772e+01
5803.8491  -2.0033e+01  4.9163e+01
5805.0996  8.8390e+00  6.1593e+01
5806.3496  4.5299e+00  5.1022e+01
5807.6001  2.3312e+01  5.2578e+01
5808.8506  -8.3743e+01  4.5785e+01
5810.1006  -3.0208e+01  5.1323e+01
5811.3511  3.1605e+01  4.7281e+01
5812.6016  6.8034e+01  6.0093e+01
5813.8521  -2.6550e+01  5.9582e+01
5815.1021  4.6969e+01  4.5720e+01
5816.3525  9.6803e+00  5.1274e+01
5817.6030  1.3410e+02  6.1775e+01
5818.8530  1.5662e+02  5.9973e+01
5820.1035  2.7804e+02  5.5968e+01
5821.3540  3.7844e+02  5.4999e+01
5822.6040  4.6431e+02  5.0285e+01
5823.8545  3.0747e+02  5.2143e+01
5825.1050  1.6074e+02  5.4351e+01
5826.3550  -4.0305e+01  5.6456e+01
5827.6055  5.4726e+01  4.9847e+01
5828.8560  5.7086e+01  5.3988e+01
5830.1060  6.6407e+01  5.4167e+01
5831.3564  4.7986e+02  6.2054e+01
5832.6069  1.2388e+03  5.4288e+01
5833.8574  1.4386e+03  4.8321e+01
5835.1074  1.3712e+03  6.1372e+01
5836.3579  9.9566e+02  5.5638e+01
5837.6084  6.7491e+02  5.8100e+01
5838.8584  5.9658e+02  5.4697e+01
5840.1089  4.5337e+02  5.2966e+01
5841.3594  2.2637e+02  4.7226e+01
5842.6094  1.5171e+02  4.5959e+01
5843.8599  4.4413e+01  5.3525e+01
5845.1104  -3.1862e+00  5.4041e+01
5846.3604  1.1591e+02  4.7401e+01
5847.6108  3.7701e+01  4.8963e+01
5848.8613  -1.0443e+01  4.9066e+01
5850.1113  6.4078e+01  5.7076e+01
5851.3618  7.4961e+01  4.9043e+01
5852.6123  1.6388e+02  4.7203e+01
5853.8623  1.0801e+01  6.0573e+01
5855.1128  2.4590e+01  5.2311e+01
5856.3633  -3.4539e+01  4.7010e+01
5857.6138  -1.3689e+01  5.8347e+01
5858.8638  9.2629e+01  4.7615e+01
5860.1143  6.2095e+00  4.9854e+01
5861.3647  8.2154e+01  4.9983e+01
5862.6147  9.8160e+01  5.7836e+01
5863.8652  3.9404e+01  5.6672e+01
5865.1157  1.7027e+01  5.4107e+01
5866.3657  1.1758e+02  6.7425e+01
5867.6162  1.3431e+02  7.1932e+01
5868.8667  2.9205e+01  7.0031e+01
5870.1167  -4.2774e+01  6.1102e+01
5871.3672  3.6799e+01  6.8278e+01
5872.6177  1.3204e+02  5.6839e+01
5873.8677  1.5525e+02  6.2682e+01
5875.1182  -1.1417e+01  5.3337e+01
5876.3687  4.2629e+01  5.1359e+01
5877.6187  5.1928e+01  5.9296e+01
5878.8691  9.4494e+01  5.4273e+01
5880.1196  4.7812e+01  5.2246e+01
5881.3701  3.0135e+01  5.2386e+01
5882.6201  4.1218e+01  5.4199e+01
5883.8706  -1.0005e+00  4.7339e+01
5885.1211  1.4848e+01  4.7672e+01
5886.3711  -2.4976e+01  5.8739e+01
5887.6216  8.5526e+01  6.9278e+01
5888.8721  3.5444e+01  8.5500e+01
5890.1221  1.1413e+01  1.0898e+02
5891.3726  8.4405e+01  1.0700e+02
5892.6230  2.6847e+01  7.1352e+01
5893.8730  1.3674e+02  5.4911e+01
5895.1235  6.9925e+01  6.9228e+01
5896.3740  9.9521e+01  8.8761e+01
5897.6240  4.3332e+00  8.1253e+01
5898.8745  1.2916e+02  6.5107e+01
5900.1250  2.8344e+02  5.0147e+01
5901.3755  8.8098e+01  4.8685e+01
5902.6255  3.7184e+01  4.8647e+01
5903.8760  3.7318e+01  5.1907e+01
5905.1265  5.4668e+01  6.2885e+01
5906.3765  7.7906e+01  5.1709e+01
5907.6270  8.2531e+01  5.4330e+01
5908.8774  2.0730e+01  5.0862e+01
5910.1274  2.6586e+01  5.5622e+01
5911.3779  6.6588e+00  4.7221e+01
5912.6284  7.4417e+01  5.5671e+01
5913.8784  6.5167e+01  5.3896e+01
5915.1289  3.0320e+01  6.1026e+01
5916.3794  1.9887e+01  7.1274e+01
5917.6294  1.0253e+00  6.1635e+01
5918.8799  1.1597e+02  5.4552e+01
5920.1304  1.5130e+02  5.4418e+01
5921.3804  4.9629e+01  5.6132e+01
5922.6309  2.7197e+01  5.2487e+01
5923.8813  1.7551e+02  5.2545e+01
5925.1318  4.0661e+01  5.5938e+01
5926.3818  1.7550e+02  6.5905e+01
5927.6323  -8.8968e+01  4.8799e+01
5928.8828  1.9028e+01  5.7282e+01
5930.1328  2.4000e+01  5.1130e+01
