# SNR 16.9046
# Quality c
# flux_factor = 1.e-20
5298.7217  2.9844e+02  1.5825e+02
5299.9717  3.5995e+01  1.6238e+02
5301.2222  7.5284e+01  1.6238e+02
5302.4727  3.3339e+01  1.5806e+02
5303.7227  -2.8537e+01  1.5814e+02
5304.9731  4.0924e+01  1.6002e+02
5306.2236  -4.1920e+01  1.6119e+02
5307.4736  -1.0741e+02  1.6016e+02
5308.7241  9.1443e+01  1.6092e+02
5309.9746  1.7848e+02  1.6147e+02
5311.2251  3.3856e+02  1.6130e+02
5312.4751  -1.1178e+02  1.6448e+02
5313.7256  3.6486e+00  1.6413e+02
5314.9761  2.8991e+01  1.6222e+02
5316.2261  -1.0948e+02  1.5959e+02
5317.4766  -1.4246e+02  1.5906e+02
5318.7271  -2.5233e+02  1.6022e+02
5319.9771  -1.1337e+02  1.5906e+02
5321.2275  3.2082e+01  1.5955e+02
5322.4780  -3.2571e+01  1.5948e+02
5323.7280  -1.9323e+02  1.5775e+02
5324.9785  -1.1063e+02  1.5720e+02
5326.2290  -2.3701e+01  1.5669e+02
5327.4790  -1.2789e+02  1.5642e+02
5328.7295  -4.8918e+00  1.5503e+02
5329.9800  4.3820e+00  1.6795e+02
5331.2300  1.4436e+02  1.8099e+02
5332.4805  2.6829e+02  1.7142e+02
5333.7310  1.6929e+02  1.6055e+02
5334.9814  -1.4828e+01  1.5849e+02
5336.2314  -5.9412e+01  1.5777e+02
5337.4819  -2.1772e+02  1.5762e+02
5338.7324  -3.5844e+01  1.5798e+02
5339.9824  1.5226e-01  1.5475e+02
5341.2329  9.5266e+00  1.5161e+02
5342.4834  1.3902e+02  1.5383e+02
5343.7334  -1.0005e+02  1.5658e+02
5344.9839  2.6987e+01  1.5768e+02
5346.2344  8.8671e+00  1.5513e+02
5347.4844  -1.9944e+01  1.5518e+02
5348.7349  -1.5106e+01  1.5702e+02
5349.9854  -7.4382e+01  1.5682e+02
5351.2354  2.6738e+02  1.5743e+02
5352.4858  5.9929e+00  1.5753e+02
5353.7363  1.8377e+02  1.5793e+02
5354.9863  -2.1066e+02  1.5798e+02
5356.2368  -3.2106e+02  1.5878e+02
5357.4873  -2.3472e+02  1.5912e+02
5358.7373  -1.1506e+02  1.5800e+02
5359.9878  -1.8397e+02  1.5697e+02
5361.2383  -3.4439e+01  1.5654e+02
5362.4888  1.0405e+01  1.5599e+02
5363.7388  -5.1578e+01  1.5351e+02
5364.9893  8.4643e+01  1.5210e+02
5366.2397  -1.0263e+02  1.5221e+02
5367.4897  1.8983e+02  1.5267e+02
5368.7402  1.5037e+01  1.5372e+02
5369.9907  5.2245e+01  1.5215e+02
5371.2407  2.3267e+02  1.4952e+02
5372.4912  -3.9662e+01  1.5137e+02
5373.7417  4.0804e+01  1.5344e+02
5374.9917  1.0638e+02  1.5396e+02
5376.2422  1.4635e+02  1.5572e+02
5377.4927  8.1732e+01  1.5590e+02
5378.7427  2.6048e+02  1.5494e+02
5379.9932  2.6902e+02  1.5482e+02
5381.2437  -1.4190e+02  1.5385e+02
5382.4937  -2.6473e+01  1.5261e+02
5383.7441  1.2530e+02  1.5107e+02
5384.9946  5.1147e+02  1.5197e+02
5386.2451  1.0580e+03  1.5330e+02
5387.4951  1.4003e+03  1.5545e+02
5388.7456  1.2979e+03  1.5365e+02
5389.9961  9.7231e+02  1.5317e+02
5391.2461  8.5903e+02  1.5145e+02
5392.4966  5.8210e+02  1.5132e+02
5393.7471  2.1911e+02  1.4967e+02
5394.9971  5.4362e+02  1.5024e+02
5396.2476  1.4053e+02  1.5039e+02
5397.4980  1.2862e+02  1.4910e+02
5398.7480  5.1328e+01  1.4793e+02
5399.9985  6.5411e-01  1.4978e+02
5401.2490  6.3816e+01  1.4981e+02
5402.4990  1.0173e+01  1.5034e+02
5403.7495  -3.1155e+01  1.4784e+02
5405.0000  6.5793e+01  1.4418e+02
5406.2500  -4.4169e+01  1.4332e+02
5407.5005  2.4594e+01  1.4540e+02
5408.7510  5.8030e+01  1.4647e+02
5410.0010  6.9918e+01  1.4604e+02
5411.2515  -1.3593e+02  1.4650e+02
5412.5020  4.8004e+01  1.4647e+02
5413.7524  -1.2875e+01  1.4724e+02
5415.0024  -2.1326e+01  1.4549e+02
5416.2529  5.9917e+01  1.4602e+02
5417.5034  9.0461e+01  1.4668e+02
5418.7534  2.3495e+02  1.4922e+02
5420.0039  2.4792e+02  1.4855e+02
5421.2544  -3.3392e+01  1.4768e+02
5422.5044  -2.2143e+01  1.4767e+02
5423.7549  -1.8723e+02  1.4860e+02
5425.0054  -2.3953e+00  1.4643e+02
5426.2554  -5.1293e+00  1.4754e+02
5427.5059  1.1587e+02  1.4947e+02
5428.7563  -2.0255e+01  1.4843e+02
5430.0063  -1.4174e+02  1.4681e+02
5431.2568  -9.9694e+01  1.4545e+02
5432.5073  -7.0644e+01  1.4734e+02
5433.7573  -1.1100e+02  1.4672e+02
5435.0078  1.0324e-01  1.4687e+02
5436.2583  1.5447e+02  1.4793e+02
5437.5088  4.0019e+00  1.4534e+02
5438.7588  -1.8745e+02  1.4292e+02
5440.0093  -1.0168e+01  1.4286e+02
5441.2598  2.0165e+02  1.4525e+02
5442.5098  -6.3207e+01  1.4642e+02
5443.7603  -9.7869e+01  1.4863e+02
5445.0107  2.9061e+01  1.4743e+02
5446.2607  -7.8337e+01  1.4549e+02
5447.5112  -4.6808e+01  1.4464e+02
5448.7617  7.0206e+01  1.4477e+02
5450.0117  -7.2247e+01  1.4868e+02
5451.2622  1.7046e+02  1.5046e+02
5452.5127  5.3677e+01  1.4833e+02
5453.7627  1.4371e+02  1.4912e+02
5455.0132  -4.4429e+01  1.4492e+02
5456.2637  -2.2335e+02  1.4454e+02
5457.5137  2.9405e+01  1.4658e+02
5458.7642  -1.1671e+02  1.4813e+02
5460.0146  9.6577e+00  1.4938e+02
5461.2651  -2.1289e+01  1.5082e+02
5462.5151  1.4378e+02  1.4969e+02
5463.7656  2.7697e+02  1.4581e+02
5465.0161  7.2407e+01  1.4505e+02
5466.2661  -1.7486e+02  1.4638e+02
5467.5166  -1.4392e+02  1.4746e+02
5468.7671  -1.6105e+01  1.4659e+02
5470.0171  1.9662e+02  1.4649e+02
5471.2676  1.4802e+02  1.4680e+02
5472.5181  1.9918e+02  1.4709e+02
5473.7681  1.4130e+02  1.4608e+02
5475.0186  5.9384e+01  1.4588e+02
5476.2690  8.5698e+00  1.4475e+02
5477.5190  4.9305e+01  1.4200e+02
