# SNR 13.9759
# Quality c
# flux_factor = 1.e-20
5351.7480  6.0668e+00  1.8452e+02
5352.9980  -1.3780e+00  1.8314e+02
5354.2485  -2.2039e+02  1.8282e+02
5355.4990  -1.8076e+02  1.8219e+02
5356.7490  -3.0220e+02  1.8554e+02
5357.9995  -2.2433e+02  1.8569e+02
5359.2500  -2.7070e+02  1.8405e+02
5360.5000  -2.1407e+02  1.8333e+02
5361.7505  -1.6703e+02  1.8158e+02
5363.0010  -3.6031e+01  1.8190e+02
5364.2515  1.4637e+02  1.8170e+02
5365.5015  2.4678e+00  1.7876e+02
5366.7520  1.6393e+02  1.7747e+02
5368.0024  -1.6921e+02  1.7914e+02
5369.2524  -1.7681e+01  1.8166e+02
5370.5029  -4.7513e+01  1.8004e+02
5371.7534  -4.4491e+02  1.7896e+02
5373.0034  -6.5569e+01  1.7714e+02
5374.2539  1.2792e+02  1.7943e+02
5375.5044  2.4094e+00  1.8115e+02
5376.7544  -1.9944e+02  1.8065e+02
5378.0049  -1.2857e+02  1.8072e+02
5379.2554  3.2924e+01  1.8128e+02
5380.5054  5.7405e+00  1.7980e+02
5381.7559  3.7184e+01  1.8165e+02
5383.0063  1.2696e+02  1.7999e+02
5384.2563  -4.2636e+01  1.7821e+02
5385.5068  -2.3449e+02  1.7851e+02
5386.7573  -1.8269e+02  1.7908e+02
5388.0073  -4.6646e+01  1.7862e+02
5389.2578  -1.9115e+02  1.7914e+02
5390.5083  -1.0714e+02  1.7892e+02
5391.7588  -3.3204e+02  1.7824e+02
5393.0088  -1.7348e+02  1.7721e+02
5394.2593  -3.1140e+02  1.7817e+02
5395.5098  -2.1596e+02  1.7664e+02
5396.7598  -1.1921e+02  1.7606e+02
5398.0103  -1.1940e+02  1.7532e+02
5399.2607  -8.8639e+01  1.7579e+02
5400.5107  4.6835e+01  1.7660e+02
5401.7612  -6.8150e+00  1.7625e+02
5403.0117  2.3905e+02  1.7685e+02
5404.2617  8.1679e+01  1.7558e+02
5405.5122  -4.4585e+00  1.7490e+02
5406.7627  3.1065e+01  1.7368e+02
5408.0127  2.7512e+01  1.7446e+02
5409.2632  2.2644e+01  1.7473e+02
5410.5137  -1.6475e+01  1.7502e+02
5411.7637  -2.6254e+02  1.7416e+02
5413.0142  -1.2469e+02  1.7544e+02
5414.2646  -1.2413e+02  1.7657e+02
5415.5151  -7.7664e+01  1.7593e+02
5416.7651  -2.8928e+01  1.7657e+02
5418.0156  -2.1531e+02  1.7401e+02
5419.2661  -1.3593e+02  1.7607e+02
5420.5161  -7.6558e+01  1.7471e+02
5421.7666  3.0176e+00  1.7488e+02
5423.0171  -1.3059e+02  1.7505e+02
5424.2671  -6.0548e+01  1.7512e+02
5425.5176  -6.0511e+01  1.7412e+02
5426.7681  8.0420e+01  1.7295e+02
5428.0181  -9.2499e+01  1.7456e+02
5429.2686  1.2322e+01  1.7627e+02
5430.5190  2.5910e+02  1.7444e+02
5431.7690  2.4342e+02  1.7311e+02
5433.0195  1.2828e+02  1.7446e+02
5434.2700  2.8922e+02  1.7465e+02
5435.5200  1.6931e+02  1.7347e+02
5436.7705  -2.1346e+02  1.7324e+02
5438.0210  -2.5510e+02  1.7537e+02
5439.2710  -6.9719e+01  1.7674e+02
5440.5215  7.1080e+02  1.7604e+02
5441.7720  1.0688e+03  1.7610e+02
5443.0225  1.4132e+03  1.7537e+02
5444.2725  7.8190e+02  1.7707e+02
5445.5229  5.5293e+02  1.7580e+02
5446.7734  5.2588e+02  1.7428e+02
5448.0234  3.1312e+02  1.7343e+02
5449.2739  3.0913e+02  1.7264e+02
5450.5244  9.5765e+01  1.7606e+02
5451.7744  5.9046e+01  1.7690e+02
5453.0249  1.3340e+02  1.7622e+02
5454.2754  -6.5376e+01  1.7549e+02
5455.5254  -1.7055e+02  1.7465e+02
5456.7759  6.9588e+01  1.7363e+02
5458.0264  -1.7502e+02  1.7276e+02
5459.2764  -4.0402e+01  1.7730e+02
5460.5269  4.2554e+01  1.7771e+02
5461.7773  -2.4556e+02  1.7999e+02
5463.0273  -1.8002e+02  1.8198e+02
5464.2778  8.0454e+01  1.7844e+02
5465.5283  2.9104e+02  1.7327e+02
5466.7788  1.0456e+02  1.7547e+02
5468.0288  -4.8963e+01  1.7588e+02
5469.2793  -1.6001e+02  1.7628e+02
5470.5298  -1.4630e+02  1.7646e+02
5471.7798  1.2095e+02  1.7677e+02
5473.0303  -1.9007e+02  1.7573e+02
5474.2808  -1.0608e+02  1.7356e+02
5475.5308  -3.4081e+02  1.7446e+02
5476.7812  -1.1217e+02  1.7436e+02
5478.0317  -9.3831e+01  1.7276e+02
5479.2817  1.8945e+01  1.7267e+02
5480.5322  1.5008e+02  1.7384e+02
5481.7827  -1.3843e+02  1.7463e+02
5483.0327  -1.4798e+02  1.7349e+02
5484.2832  -1.2529e+02  1.7453e+02
5485.5337  2.9757e+01  1.7572e+02
5486.7837  5.3775e+01  1.7660e+02
5488.0342  5.3049e+01  1.7537e+02
5489.2847  -7.0402e+01  1.7394e+02
5490.5352  5.0847e+01  1.7292e+02
5491.7852  2.1408e+01  1.7463e+02
5493.0356  1.4477e+01  1.7592e+02
5494.2861  -7.6102e+01  1.7583e+02
5495.5361  6.1423e+01  1.7328e+02
5496.7866  -1.9365e+02  1.7361e+02
5498.0371  1.7624e+01  1.7367e+02
5499.2871  2.8748e+01  1.7382e+02
5500.5376  3.9057e+00  1.7593e+02
5501.7881  -2.0296e+02  1.7630e+02
5503.0381  1.9790e+02  1.7501e+02
5504.2886  -9.4899e+01  1.7467e+02
5505.5391  -2.5667e+02  1.7340e+02
5506.7891  -2.1526e+02  1.7586e+02
5508.0396  1.3252e+02  1.7419e+02
5509.2900  1.0114e+02  1.7326e+02
5510.5400  9.5005e+01  1.7522e+02
5511.7905  -4.7192e+02  1.7558e+02
5513.0410  -5.8506e+01  1.7416e+02
5514.2915  -4.8824e+01  1.7461e+02
5515.5415  -1.7455e+02  1.7345e+02
5516.7920  -4.9431e+01  1.7454e+02
5518.0425  -2.8449e+02  1.7448e+02
5519.2925  8.9907e+01  1.7501e+02
5520.5430  2.3009e+01  1.7436e+02
5521.7935  -9.8409e+01  1.7456e+02
5523.0435  -7.9316e+01  1.7583e+02
5524.2939  2.1054e+02  1.7332e+02
5525.5444  2.6305e+02  1.7233e+02
5526.7944  1.7667e+01  1.7367e+02
5528.0449  -7.3216e+01  1.7335e+02
5529.2954  -9.6843e+01  1.7240e+02
5530.5454  -3.1327e+02  1.7051e+02
5531.7959  -1.1536e+02  1.7197e+02
