# SNR 8.2446
# Quality c
# flux_factor = 1.e-20
4948.6255  -8.2826e+01  1.1430e+02
4949.8760  5.1927e+01  1.0641e+02
4951.1260  6.6624e+01  9.9014e+01
4952.3765  -5.6180e+01  1.0469e+02
4953.6270  -9.4521e+01  1.0253e+02
4954.8770  -1.1489e+01  1.2175e+02
4956.1274  -5.7663e+01  1.0291e+02
4957.3779  7.4135e+01  1.1030e+02
4958.6279  3.1969e+00  8.3138e+01
4959.8784  6.9427e+01  1.0636e+02
4961.1289  1.6363e+02  1.0854e+02
4962.3789  -9.1549e+01  1.1382e+02
4963.6294  -9.2755e+00  1.0547e+02
4964.8799  1.0210e+02  9.8019e+01
4966.1299  -5.9974e+01  1.0565e+02
4967.3804  2.4568e+01  1.0370e+02
4968.6309  -2.3612e+01  1.0598e+02
4969.8813  6.9532e+00  9.4221e+01
4971.1313  -1.4874e+01  9.9425e+01
4972.3818  -3.7607e+00  9.0209e+01
4973.6323  2.0285e+02  8.7215e+01
4974.8823  4.6259e+01  1.0246e+02
4976.1328  -1.7127e+02  9.2200e+01
4977.3833  7.4173e+01  1.1329e+02
4978.6333  4.4569e+01  8.3679e+01
4979.8838  2.6684e+01  8.8731e+01
4981.1343  -1.1583e+02  9.9493e+01
4982.3843  -4.9762e+00  1.0017e+02
4983.6348  -3.5022e+01  7.7435e+01
4984.8853  -1.5947e+01  8.8438e+01
4986.1353  1.2022e+02  8.8567e+01
4987.3857  -4.8531e+00  1.1261e+02
4988.6362  -6.2444e+01  1.1997e+02
4989.8862  -1.3782e+02  1.0032e+02
4991.1367  -2.2415e+02  8.2723e+01
4992.3872  -2.0894e+02  8.8923e+01
4993.6372  4.4812e+01  9.0775e+01
4994.8877  1.5206e+02  8.8007e+01
4996.1382  -5.4413e+01  1.0344e+02
4997.3882  -9.5983e+01  1.0133e+02
4998.6387  -8.1386e+01  1.0115e+02
4999.8892  -1.2359e+01  8.2672e+01
5001.1396  -1.0745e+02  8.2740e+01
5002.3896  1.0244e+02  9.9407e+01
5003.6401  5.7877e+01  1.1027e+02
5004.8906  -5.2758e+00  8.4611e+01
5006.1406  -2.0289e+02  9.7748e+01
5007.3911  2.1373e+01  9.4509e+01
5008.6416  1.1823e+02  1.0657e+02
5009.8916  4.2487e+01  1.1377e+02
5011.1421  -6.1787e+01  9.6086e+01
5012.3926  -4.9238e+01  1.0491e+02
5013.6426  2.9492e+02  9.3750e+01
5014.8931  4.1054e+01  1.0803e+02
5016.1436  -3.9089e+01  8.9937e+01
5017.3936  2.3935e+02  9.6209e+01
5018.6440  -2.5799e+01  9.8604e+01
5019.8945  5.3293e+01  8.9950e+01
5021.1445  2.3667e+01  8.5357e+01
5022.3950  -4.5406e+01  1.0900e+02
5023.6455  -1.3603e+02  9.6995e+01
5024.8955  -4.0276e+01  8.1071e+01
5026.1460  -9.2261e+00  9.4734e+01
5027.3965  -5.6090e+01  9.0014e+01
5028.6465  2.0661e+02  1.0175e+02
5029.8970  4.6767e+02  1.0279e+02
5031.1475  5.4091e+02  9.6079e+01
5032.3979  3.9184e+02  9.2633e+01
5033.6479  4.3380e+02  9.4201e+01
5034.8984  3.4072e+02  9.8917e+01
5036.1489  2.8525e+02  9.9446e+01
5037.3989  1.8435e+02  1.0308e+02
5038.6494  5.9718e+01  1.1275e+02
5039.8999  3.6623e+01  1.1598e+02
5041.1499  -4.3255e+01  9.6574e+01
5042.4004  -8.3987e+01  8.4180e+01
5043.6509  9.7861e+01  9.8423e+01
5044.9009  -1.8911e+02  8.8072e+01
5046.1514  -4.2241e+01  9.2537e+01
5047.4019  1.0802e+02  7.6495e+01
5048.6519  1.2164e+01  9.6093e+01
5049.9023  2.3525e+02  9.5933e+01
5051.1528  4.8453e+01  1.0095e+02
5052.4028  -1.9491e+02  9.1181e+01
5053.6533  -4.0532e+01  1.0308e+02
5054.9038  5.7021e+01  1.0947e+02
5056.1538  1.3076e+02  1.0629e+02
5057.4043  1.1647e+02  1.1192e+02
5058.6548  1.0537e+01  1.1609e+02
5059.9053  5.2238e+01  1.0111e+02
5061.1553  -6.6637e+01  1.0677e+02
5062.4058  -4.8541e+01  8.1262e+01
5063.6562  7.9201e+01  1.0718e+02
5064.9062  -5.0875e+01  1.1059e+02
5066.1567  9.2189e+00  1.0312e+02
5067.4072  -1.9859e+02  1.0877e+02
5068.6572  -3.9679e+01  8.7307e+01
5069.9077  8.1477e+01  1.0908e+02
5071.1582  7.9917e+01  9.0359e+01
5072.4082  4.5649e+00  1.0126e+02
5073.6587  -8.5599e+01  8.5444e+01
5074.9092  4.8333e+01  9.7750e+01
5076.1592  -1.3513e+01  1.0199e+02
5077.4097  -1.3434e+02  1.1673e+02
5078.6602  -1.8748e+02  9.3638e+01
5079.9102  -1.6416e+02  9.7990e+01
5081.1606  -1.5381e+02  9.3785e+01
5082.4111  1.4836e+01  1.0869e+02
5083.6611  -2.8111e+01  8.1606e+01
5084.9116  -2.5511e+01  9.1329e+01
5086.1621  -1.9632e+01  9.3371e+01
5087.4121  8.6494e+01  9.0157e+01
5088.6626  6.4057e+01  8.9440e+01
5089.9131  -5.3402e+01  9.7353e+01
5091.1636  -7.6819e+01  8.7714e+01
5092.4136  5.2091e+01  9.8864e+01
5093.6641  1.1706e+01  8.8600e+01
5094.9146  -7.7121e+01  8.5152e+01
5096.1646  5.8513e+00  9.5392e+01
5097.4150  4.6554e+00  7.9301e+01
5098.6655  -5.8762e+01  7.9423e+01
5099.9155  -1.4686e+02  7.9579e+01
5101.1660  -1.1425e+02  9.3683e+01
5102.4165  1.7725e+01  8.2888e+01
5103.6665  6.2500e+01  9.1685e+01
5104.9170  -4.0740e+00  9.3886e+01
5106.1675  2.3644e+01  1.0195e+02
5107.4175  -1.1297e+02  8.1303e+01
5108.6680  2.8628e+01  9.3098e+01
5109.9185  -6.9428e+01  8.2828e+01
5111.1685  -9.4381e+01  8.6123e+01
5112.4189  1.4062e+02  8.5000e+01
5113.6694  -3.9134e+01  1.0019e+02
5114.9194  6.5972e+01  1.0578e+02
