# SNR 11.7610
# Quality c
# flux_factor = 1.e-20
7654.3477  2.9471e+01  8.8597e+01
7655.5981  -1.9201e+01  8.3626e+01
7656.8481  1.3725e+01  5.7511e+01
7658.0986  -3.1594e+01  4.9664e+01
7659.3491  -1.4282e+00  5.1189e+01
7660.5996  3.6373e+00  4.7072e+01
7661.8496  7.5358e+01  5.5405e+01
7663.1001  8.3406e+01  9.1194e+01
7664.3506  2.7090e+02  7.3008e+01
7665.6006  7.2559e+01  5.0885e+01
7666.8511  -5.6778e+01  3.9094e+01
7668.1016  -2.6188e+01  3.7161e+01
7669.3516  1.7287e+01  3.9502e+01
7670.6021  7.7222e-01  5.0444e+01
7671.8525  -6.7074e+01  4.6214e+01
7673.1025  -4.4413e+01  4.4752e+01
7674.3530  1.0430e+01  4.7721e+01
7675.6035  -3.5017e+01  3.7815e+01
7676.8540  -3.3654e+00  4.1774e+01
7678.1040  2.1979e+01  3.8125e+01
7679.3545  2.2783e+01  4.0176e+01
7680.6050  8.6343e+00  4.2608e+01
7681.8550  -7.2907e+01  4.5953e+01
7683.1055  -8.1732e+01  4.7841e+01
7684.3560  3.2771e+00  4.8980e+01
7685.6060  4.0805e+01  4.2102e+01
7686.8564  5.5531e+01  4.9831e+01
7688.1069  -1.4062e+01  4.8316e+01
7689.3569  -3.5702e+01  4.8644e+01
7690.6074  -6.3179e+01  4.8620e+01
7691.8579  4.8757e+00  4.5743e+01
7693.1084  -8.7590e+01  5.3132e+01
7694.3584  -3.4367e+01  4.6028e+01
7695.6089  -2.6069e+01  4.5344e+01
7696.8594  7.5466e+01  4.2817e+01
7698.1094  -2.1883e+00  5.2090e+01
7699.3599  -8.6278e+01  5.3421e+01
7700.6104  2.3614e+00  6.4154e+01
7701.8604  -1.7499e+01  5.4075e+01
7703.1108  6.0149e+01  4.1682e+01
7704.3613  3.6907e+01  3.7715e+01
7705.6113  3.7523e+01  3.7364e+01
7706.8618  1.5264e+01  4.4184e+01
7708.1123  -5.6055e+01  4.0542e+01
7709.3623  -5.6029e+01  4.6361e+01
7710.6128  -6.7976e+01  6.8975e+01
7711.8633  6.1745e+01  9.0625e+01
7713.1138  -2.0438e+01  1.8493e+02
7714.3638  1.4125e+01  1.9537e+02
7715.6143  1.4351e+02  1.4263e+02
7716.8647  1.5701e+02  1.4079e+02
7718.1147  -1.5615e+02  1.7164e+02
7719.3652  -1.3078e+01  1.5250e+02
7720.6157  7.0841e+01  1.0235e+02
7721.8657  -4.6917e+01  4.4722e+01
7723.1162  3.1092e+01  5.3709e+01
7724.3667  -6.3481e+01  6.9377e+01
7725.6167  -4.1547e+00  8.8963e+01
7726.8672  8.5515e+01  8.9418e+01
7728.1177  5.5180e+01  8.0902e+01
7729.3682  1.1333e+02  5.7255e+01
7730.6182  3.6521e+01  5.5613e+01
7731.8687  -3.5108e+01  4.4300e+01
7733.1191  4.4887e+01  5.1178e+01
7734.3691  3.6714e+01  5.6609e+01
7735.6196  -3.7720e+01  5.3222e+01
7736.8701  8.8864e+00  5.6861e+01
7738.1201  1.4199e+01  6.1674e+01
7739.3706  -7.1501e+00  4.7061e+01
7740.6211  -6.9478e+01  4.9786e+01
7741.8711  9.3734e+00  4.7830e+01
7743.1216  -1.1411e+01  4.9646e+01
7744.3721  -5.6359e+01  4.2218e+01
7745.6226  -1.2372e+02  4.3982e+01
7746.8726  -8.7386e+01  4.4328e+01
7748.1230  3.2833e+01  6.9241e+01
7749.3735  -1.4655e+01  1.2395e+02
7750.6235  -5.3975e+01  1.6696e+02
7751.8740  7.3257e+01  2.1337e+02
7753.1245  -2.6792e+01  1.5818e+02
7754.3745  -6.7789e+01  1.3477e+02
7755.6250  1.4951e+01  4.2525e+01
7756.8755  -1.0095e+02  6.2022e+01
7758.1255  -1.0426e+02  5.0973e+01
7759.3760  -3.3188e+00  7.1461e+01
7760.6265  7.0966e+00  1.1906e+02
7761.8770  -1.2466e+01  1.2586e+02
7763.1270  5.5616e+01  9.0329e+01
7764.3774  8.9884e+00  5.1748e+01
7765.6279  -6.0216e+01  5.0490e+01
7766.8779  2.8223e+01  3.7446e+01
7768.1284  4.0240e+01  4.3662e+01
7769.3789  -2.5637e+01  4.3008e+01
7770.6289  -3.8820e+00  6.4106e+01
7771.8794  7.5810e+01  7.6912e+01
7773.1299  -1.2612e+01  1.2074e+02
7774.3799  4.1364e+01  1.3515e+02
7775.6304  6.8101e+01  1.5512e+02
7776.8809  1.0679e+02  9.8363e+01
7778.1313  -5.7252e+01  6.0703e+01
7779.3813  2.0469e+01  5.3551e+01
7780.6318  -6.3106e+01  8.3223e+01
7781.8823  3.5086e+02  1.0447e+02
7783.1323  3.1668e+02  7.6511e+01
7784.3828  3.3325e+02  5.3046e+01
7785.6333  2.9830e+02  4.7408e+01
7786.8833  2.6410e+02  4.6837e+01
7788.1338  2.0726e+02  5.7275e+01
7789.3843  1.0441e+02  5.3428e+01
7790.6343  7.8391e+01  6.0637e+01
7791.8848  8.8368e+01  7.1956e+01
7793.1353  3.5310e+02  9.4966e+01
7794.3853  3.4408e+02  1.8492e+02
7795.6357  1.5669e+02  1.8232e+02
7796.8862  1.5686e+02  1.5799e+02
7798.1367  -3.4482e+00  7.8806e+01
7799.3867  -4.5097e+01  4.7942e+01
7800.6372  -3.1342e+01  4.5777e+01
7801.8877  -9.6861e+00  3.8260e+01
7803.1377  -6.8121e+01  3.5721e+01
7804.3882  -2.2765e+01  3.8118e+01
7805.6387  2.2571e+01  5.0405e+01
7806.8887  3.6036e+01  5.6431e+01
7808.1392  8.4828e+01  7.3749e+01
7809.3896  2.3472e+02  1.3454e+02
7810.6396  -6.0676e+01  1.0691e+02
7811.8901  9.4074e+01  6.7679e+01
7813.1406  1.1832e+01  4.5748e+01
7814.3911  5.6479e+01  4.8328e+01
7815.6411  -1.8813e+01  4.8238e+01
7816.8916  4.7630e+01  5.3473e+01
7818.1421  3.6903e+01  5.3167e+01
7819.3921  -1.6348e+01  5.6520e+01
7820.6426  1.1433e+02  8.0672e+01
7821.8931  1.9382e+02  1.9602e+02
7823.1431  1.2321e+02  1.9416e+02
7824.3936  -6.8053e+01  1.4652e+02
7825.6440  5.5240e+01  7.0117e+01
7826.8940  -2.1453e+01  4.4462e+01
7828.1445  1.0081e+01  5.3577e+01
7829.3950  1.0018e+02  4.6083e+01
7830.6455  -2.2468e+01  5.4854e+01
7831.8955  -1.5257e+01  4.0687e+01
7833.1460  -4.5511e+01  3.6449e+01
7834.3965  -2.2051e+01  4.1534e+01
7835.6465  9.1968e+01  4.4665e+01
7836.8970  4.5004e+01  3.8123e+01
7838.1475  -2.1269e+01  4.2671e+01
7839.3975  -2.8684e+01  4.9809e+01
7840.6479  -2.8187e+01  6.6203e+01
7841.8984  5.4873e+01  1.0527e+02
7843.1484  6.3298e+01  1.2725e+02
7844.3989  2.9244e+01  6.3009e+01
7845.6494  -6.2726e+01  4.3020e+01
7846.8999  -1.3146e+01  4.2962e+01
7848.1499  -3.1906e+01  4.1296e+01
7849.4004  -4.4989e+01  5.2573e+01
7850.6509  1.9583e+01  7.9566e+01
7851.9009  6.8756e+01  1.0219e+02
7853.1514  5.8152e+01  1.5736e+02
7854.4019  -1.2624e+02  1.9527e+02
7855.6519  -1.7530e+02  1.8635e+02
7856.9023  2.1705e+01  1.3412e+02
7858.1528  1.2198e+02  6.6704e+01
7859.4028  7.3434e+01  8.7891e+01
7860.6533  -1.3410e+01  1.0234e+02
7861.9038  -1.3958e+02  1.2229e+02
7863.1543  4.7188e+01  1.1820e+02
7864.4043  6.0294e+01  6.2387e+01
7865.6548  6.4043e+00  4.0949e+01
7866.9053  -7.3331e-01  4.9457e+01
7868.1553  7.7882e+01  7.3788e+01
7869.4058  1.5937e+01  1.0489e+02
7870.6562  1.4620e+02  1.0982e+02
7871.9062  1.9449e+02  1.5132e+02
7873.1567  -3.2667e+01  1.2012e+02
7874.4072  5.6286e+01  7.2342e+01
7875.6572  -9.1581e+01  3.9703e+01
7876.9077  -7.1157e+01  5.1756e+01
7878.1582  1.5274e+02  5.3114e+01
7879.4082  6.6606e+01  9.8314e+01
7880.6587  7.4750e+01  1.0143e+02
7881.9092  9.8378e+00  8.9575e+01
7883.1597  3.1845e+02  9.1221e+01
7884.4097  1.1165e+02  8.1175e+01
7885.6602  2.2222e+01  4.8242e+01
7886.9106  2.1491e+01  5.7144e+01
7888.1606  7.4311e+01  5.7501e+01
7889.4111  2.7712e+01  9.9748e+01
7890.6616  1.8795e+02  1.6482e+02
7891.9116  7.6065e+01  1.3280e+02
7893.1621  2.9943e+01  1.0128e+02
7894.4126  -7.2139e+01  5.8792e+01
7895.6626  -2.7461e+01  4.9949e+01
7896.9131  -7.9916e+01  5.2210e+01
7898.1636  -3.7203e+01  5.4454e+01
7899.4141  1.2556e+02  4.8835e+01
7900.6641  8.3597e+01  4.9762e+01
7901.9146  3.6861e+01  4.4090e+01
7903.1650  2.8006e+01  4.7306e+01
7904.4150  3.8285e+01  5.8135e+01
7905.6655  -2.3934e+01  6.3105e+01
7906.9160  1.2824e+01  5.5433e+01
7908.1660  9.7790e+00  4.6127e+01
7909.4165  -9.8308e+01  5.0491e+01
7910.6670  2.9924e+01  6.3370e+01
7911.9170  3.5520e+01  1.0050e+02
7913.1675  2.7772e+02  1.4903e+02
