# SNR 12.0991
# Quality c
# flux_factor = 1.e-20
5365.1582  -8.7588e+01  6.7021e+01
5366.4087  -1.3634e+02  7.4685e+01
5367.6587  -1.8804e+01  6.9213e+01
5368.9092  -9.0132e+01  8.6727e+01
5370.1597  -9.9397e+01  7.3519e+01
5371.4097  -8.2023e+01  7.3091e+01
5372.6602  -8.8562e+01  8.0823e+01
5373.9106  -1.1145e+02  6.3921e+01
5375.1606  5.6098e+01  6.6424e+01
5376.4111  -1.1887e+02  7.7173e+01
5377.6616  1.0010e+01  7.2672e+01
5378.9121  -3.1217e+01  6.2183e+01
5380.1621  -3.2862e+01  7.5709e+01
5381.4126  -6.1278e+01  7.3031e+01
5382.6631  -1.3683e+01  7.3758e+01
5383.9131  -5.1344e+01  7.4179e+01
5385.1636  -5.3643e+01  6.6167e+01
5386.4141  -3.8942e+01  6.7349e+01
5387.6641  -1.4443e+02  6.4844e+01
5388.9146  -4.1232e+01  7.0968e+01
5390.1650  5.6550e+01  6.6517e+01
5391.4150  4.5192e+01  6.4411e+01
5392.6655  -1.3473e+02  6.8778e+01
5393.9160  -4.9023e+01  8.3626e+01
5395.1660  6.2701e+01  6.3630e+01
5396.4165  -7.3457e+01  6.4449e+01
5397.6670  -1.0199e+01  7.1190e+01
5398.9170  5.6791e+01  6.3096e+01
5400.1675  1.8397e+01  7.7525e+01
5401.4180  -7.3430e+01  6.3666e+01
5402.6680  9.9142e+01  6.4990e+01
5403.9185  -5.7300e+01  6.5377e+01
5405.1689  -5.0007e+01  6.4159e+01
5406.4194  -6.4922e+01  6.9387e+01
5407.6694  -6.3701e+00  8.6958e+01
5408.9199  -9.7545e+01  6.9454e+01
5410.1704  -7.2797e+01  8.1398e+01
5411.4204  -2.0955e+01  6.4006e+01
5412.6709  -1.6963e+01  6.3080e+01
5413.9214  1.1285e+02  6.5874e+01
5415.1714  -8.0425e+01  6.3136e+01
5416.4219  -1.0167e+01  7.1316e+01
5417.6724  9.2607e+01  6.2597e+01
5418.9224  6.5251e+01  6.4256e+01
5420.1729  8.9948e+00  6.7443e+01
5421.4233  -4.9842e+01  6.0951e+01
5422.6733  1.0991e+02  7.9930e+01
5423.9238  9.3558e+01  7.6085e+01
5425.1743  9.7715e+01  6.7810e+01
5426.4243  6.2719e+01  7.5515e+01
5427.6748  -5.8813e+01  6.7122e+01
5428.9253  -1.0850e+02  9.3847e+01
5430.1758  -6.1808e+01  7.4187e+01
5431.4258  -2.5737e+01  7.4794e+01
5432.6763  -5.3288e+01  6.8156e+01
5433.9268  -8.7143e+01  6.5228e+01
5435.1768  -6.7956e+01  6.5147e+01
5436.4272  5.3638e+01  6.2226e+01
5437.6777  5.8756e+01  6.5557e+01
5438.9277  -9.3152e+01  6.4845e+01
5440.1782  -1.8419e+01  7.6481e+01
5441.4287  2.6374e+01  7.7311e+01
5442.6787  1.2108e+02  7.4431e+01
5443.9292  2.2980e+01  6.5186e+01
5445.1797  4.1808e+01  6.5263e+01
5446.4297  9.9897e+00  6.2018e+01
5447.6802  2.3247e+01  6.3862e+01
5448.9307  -1.5409e+01  6.2108e+01
5450.1807  4.7123e+01  7.7386e+01
5451.4312  4.8561e+01  6.4668e+01
5452.6816  5.0419e+01  5.8004e+01
5453.9321  9.5988e+01  6.9457e+01
5455.1821  4.7861e+02  7.3766e+01
5456.4326  4.7553e+02  6.4656e+01
5457.6831  4.1582e+02  6.9479e+01
5458.9331  1.9087e+02  7.0683e+01
5460.1836  1.3808e+02  6.1243e+01
5461.4341  4.4590e+01  6.5724e+01
5462.6841  -8.6295e+00  7.2888e+01
5463.9346  -1.4025e+01  7.4964e+01
5465.1851  1.2062e+01  6.3512e+01
5466.4351  -2.7500e+00  6.4349e+01
5467.6855  -7.1102e+01  6.2241e+01
5468.9360  -5.1274e+01  6.2023e+01
5470.1860  6.9818e+01  8.0286e+01
5471.4365  1.1222e+02  6.9323e+01
5472.6870  7.9467e+01  6.1080e+01
5473.9370  -2.0485e+01  7.1146e+01
5475.1875  -1.3924e+02  6.9968e+01
5476.4380  -2.6715e+01  7.2994e+01
5477.6880  -8.4537e+01  6.3671e+01
5478.9385  2.4127e+01  7.6189e+01
5480.1890  -3.7831e+01  8.1499e+01
5481.4395  -6.8723e+01  6.3856e+01
5482.6895  -1.7012e+02  6.9162e+01
5483.9399  -1.5219e+01  8.4161e+01
5485.1904  -7.9428e+01  6.8675e+01
5486.4404  -4.1016e+01  6.3781e+01
5487.6909  6.9610e+00  8.2336e+01
5488.9414  -1.0664e+02  7.4081e+01
5490.1914  -1.3353e+02  6.4412e+01
5491.4419  -3.0175e+01  7.2316e+01
5492.6924  3.4304e+01  6.9331e+01
5493.9424  -8.6166e+01  6.3081e+01
5495.1929  3.1975e+01  6.6608e+01
5496.4434  -4.9382e+01  6.2309e+01
5497.6934  -8.8442e+01  7.6077e+01
5498.9438  1.7698e+01  7.2315e+01
5500.1943  5.7022e+00  6.3953e+01
5501.4443  -4.5162e+01  7.0924e+01
5502.6948  -1.3279e+02  6.2105e+01
5503.9453  5.4136e+01  6.7637e+01
5505.1958  8.2711e+01  6.8676e+01
5506.4458  9.1479e+00  8.1369e+01
5507.6963  8.6327e+00  6.0692e+01
5508.9468  1.0777e+01  7.1025e+01
5510.1968  4.6814e+01  6.3101e+01
5511.4473  -2.7597e+01  6.7921e+01
5512.6978  1.0697e+01  8.0472e+01
5513.9478  -4.8545e+01  7.9592e+01
5515.1982  6.4292e+01  9.1035e+01
5516.4487  1.6011e+01  7.7677e+01
5517.6987  -4.1505e+00  5.8927e+01
5518.9492  6.8363e+00  6.6186e+01
5520.1997  -3.9161e+01  6.4646e+01
5521.4497  -2.8943e+01  7.6718e+01
5522.7002  7.8909e+01  7.4916e+01
5523.9507  8.2251e+01  6.7852e+01
5525.2007  -9.3636e+01  6.8704e+01
5526.4512  4.8198e+01  5.8728e+01
5527.7017  -3.5976e+01  6.6985e+01
5528.9521  3.6352e+01  5.7335e+01
5530.2021  -6.1136e+01  7.4076e+01
5531.4526  -3.6376e+01  6.9696e+01
5532.7031  2.3329e+01  6.8154e+01
5533.9531  -1.3090e+02  6.8428e+01
5535.2036  -4.3374e+01  6.9698e+01
5536.4541  5.8006e+01  7.0717e+01
5537.7041  3.9525e+01  6.9310e+01
5538.9546  -8.4388e+01  7.5103e+01
5540.2051  -6.5233e-01  6.7244e+01
5541.4551  3.0796e+01  7.6281e+01
5542.7056  5.2242e+01  6.1629e+01
5543.9561  6.5815e+01  7.7262e+01
5545.2061  -4.4817e+01  7.2958e+01
5546.4565  -1.5902e+02  8.3981e+01
