# SNR 39.4255
# Quality c
# flux_factor = 1.e-20
6575.2920  5.4526e+01  4.4971e+01
6576.5425  -2.0501e+01  5.5228e+01
6577.7925  1.8468e+01  5.9841e+01
6579.0430  2.2784e+01  5.8981e+01
6580.2935  7.2343e+01  4.0832e+01
6581.5435  7.0770e+01  4.3837e+01
6582.7939  4.4732e+01  4.5315e+01
6584.0444  8.9045e+01  4.4533e+01
6585.2944  7.7388e+01  3.8664e+01
6586.5449  6.8888e+00  3.7679e+01
6587.7954  3.0250e+01  3.4910e+01
6589.0454  -1.3884e+01  3.7239e+01
6590.2959  3.0803e+01  3.6616e+01
6591.5464  -1.4882e+00  3.6945e+01
6592.7964  4.4700e+01  4.2072e+01
6594.0469  2.6110e+01  3.9889e+01
6595.2974  6.5187e+01  4.0821e+01
6596.5479  7.0689e+01  4.3986e+01
6597.7979  5.0222e+01  4.8426e+01
6599.0483  7.1263e+01  3.7599e+01
6600.2988  3.8264e+01  3.5950e+01
6601.5488  -7.8802e+00  3.6092e+01
6602.7993  6.5991e+01  3.4603e+01
6604.0498  1.5804e+01  4.4325e+01
6605.2998  6.1885e+01  5.0846e+01
6606.5503  1.6279e+00  4.2573e+01
6607.8008  -1.8221e+01  3.3572e+01
6609.0508  -6.4207e-01  3.6781e+01
6610.3013  2.1380e+00  3.5953e+01
6611.5518  1.6060e+01  3.9988e+01
6612.8022  3.6243e+01  3.5125e+01
6614.0522  3.5971e+01  3.9061e+01
6615.3027  -4.2850e-01  3.8624e+01
6616.5532  -4.5593e+01  3.2671e+01
6617.8032  4.4948e+01  3.8694e+01
6619.0537  6.8621e-01  4.0213e+01
6620.3042  6.8332e+01  3.2719e+01
6621.5542  -1.5757e+01  3.3268e+01
6622.8047  -1.6747e+01  4.3524e+01
6624.0552  5.7011e+01  3.2562e+01
6625.3052  1.0667e+02  3.5152e+01
6626.5557  2.9122e+01  3.6315e+01
6627.8062  2.8212e+01  4.0758e+01
6629.0562  -5.3746e+01  4.4309e+01
6630.3066  -5.1196e+01  3.9969e+01
6631.5571  2.8768e+00  4.1671e+01
6632.8076  5.4009e+01  3.5266e+01
6634.0576  7.8692e+01  4.4489e+01
6635.3081  4.1599e+01  5.1959e+01
6636.5586  2.9880e+01  3.7423e+01
6637.8086  -9.9250e+00  3.3568e+01
6639.0591  5.1670e+01  3.8079e+01
6640.3096  5.3000e+01  3.4081e+01
6641.5596  1.0654e+02  3.3394e+01
6642.8101  2.3574e+01  3.5791e+01
6644.0605  6.7469e+01  3.9848e+01
6645.3105  3.5591e+01  3.2012e+01
6646.5610  3.2328e+01  4.5934e+01
6647.8115  2.5074e+01  4.9406e+01
6649.0615  3.0388e+01  3.2194e+01
6650.3120  4.4219e+01  3.5638e+01
6651.5625  7.7100e+01  4.0795e+01
6652.8130  3.7082e+01  4.1902e+01
6654.0630  -1.9675e+01  3.6585e+01
6655.3135  5.6847e+01  4.0219e+01
6656.5640  8.5458e+00  3.1613e+01
6657.8140  5.2851e+01  4.1028e+01
6659.0645  6.2482e+01  3.5410e+01
6660.3149  6.9966e+01  3.5172e+01
6661.5649  6.8551e+01  3.8812e+01
6662.8154  4.0808e+01  3.7747e+01
6664.0659  3.8607e+01  4.0030e+01
6665.3159  8.6904e+01  4.0161e+01
6666.5664  1.5648e+01  3.3756e+01
6667.8169  5.4396e+01  3.7372e+01
6669.0669  -1.2344e+01  3.9279e+01
6670.3174  3.6843e+00  4.9343e+01
6671.5679  4.6443e+00  3.6787e+01
6672.8184  2.3712e+01  3.9641e+01
6674.0684  7.0992e+01  3.4948e+01
6675.3188  2.8805e+01  3.4479e+01
6676.5693  -4.1427e+01  3.1005e+01
6677.8193  7.6088e+01  3.4052e+01
6679.0698  1.7899e+02  3.8065e+01
6680.3203  1.3578e+02  3.4619e+01
6681.5703  3.6557e+02  3.7123e+01
6682.8208  5.9458e+02  3.6181e+01
6684.0713  8.5680e+02  3.7179e+01
6685.3213  9.8781e+02  4.4056e+01
6686.5718  8.9064e+02  3.2003e+01
6687.8223  8.1644e+02  3.2149e+01
6689.0728  6.7697e+02  3.3925e+01
6690.3228  5.9283e+02  3.1882e+01
6691.5732  4.8307e+02  3.6830e+01
6692.8237  4.4740e+02  3.1196e+01
6694.0737  3.9010e+02  3.2012e+01
6695.3242  2.4991e+02  3.0913e+01
6696.5747  2.4359e+02  3.5757e+01
6697.8247  2.2670e+02  3.3461e+01
6699.0752  1.6718e+02  3.6044e+01
6700.3257  1.0631e+02  3.9969e+01
6701.5757  1.7341e+02  4.4972e+01
6702.8262  6.5068e+01  3.2768e+01
6704.0767  9.0637e+01  3.5283e+01
6705.3267  6.7273e+01  3.3078e+01
6706.5771  6.7400e+01  3.5550e+01
6707.8276  5.5463e+01  3.9348e+01
6709.0781  3.7940e+01  3.6197e+01
6710.3281  6.4183e+01  3.4456e+01
6711.5786  9.8736e+01  3.2982e+01
6712.8291  2.4468e+01  3.4910e+01
6714.0791  4.8407e+01  3.1551e+01
6715.3296  1.6436e+01  3.1324e+01
6716.5801  4.2984e+01  3.4378e+01
6717.8301  6.9272e+01  3.6061e+01
6719.0806  3.1711e+01  3.7298e+01
6720.3311  6.7299e+01  3.7256e+01
6721.5811  9.7858e+01  3.8768e+01
6722.8315  1.2318e+02  3.1986e+01
6724.0820  5.8190e+01  3.4760e+01
6725.3320  2.5375e+01  3.0625e+01
6726.5825  2.1853e+01  3.6184e+01
6727.8330  1.6052e+01  3.8281e+01
6729.0835  1.4602e+01  3.1252e+01
6730.3335  1.5341e+01  3.8862e+01
6731.5840  6.8578e+01  3.2669e+01
6732.8345  7.5349e+01  4.3056e+01
6734.0845  5.3917e+01  3.9467e+01
6735.3350  6.4013e+01  3.7340e+01
6736.5854  7.1004e+01  3.1173e+01
6737.8354  6.2598e+01  3.7953e+01
6739.0859  3.0887e+01  3.7481e+01
6740.3364  6.7553e+01  3.2455e+01
6741.5864  6.3714e+01  3.9666e+01
6742.8369  9.5839e+01  3.2401e+01
6744.0874  7.9429e+01  4.3155e+01
6745.3379  -4.7147e+00  3.7733e+01
6746.5879  4.5375e+00  4.0255e+01
6747.8384  6.6841e+01  3.5014e+01
6749.0889  7.3192e+01  3.1994e+01
6750.3389  3.3818e+01  3.3706e+01
6751.5894  5.8720e+01  3.8046e+01
6752.8398  8.8729e+01  3.2578e+01
6754.0898  5.7968e+01  3.5704e+01
6755.3403  6.7340e+01  3.8345e+01
6756.5908  7.2509e+01  3.2013e+01
6757.8408  4.2973e+01  3.7934e+01
6759.0913  4.5530e+01  3.2059e+01
6760.3418  7.5039e+01  3.0816e+01
6761.5918  5.8443e+01  3.1229e+01
6762.8423  1.0063e+02  3.5531e+01
6764.0928  5.1868e+01  3.6274e+01
6765.3433  7.3991e+00  3.0579e+01
6766.5933  7.0318e+01  3.3540e+01
6767.8438  3.4117e+00  3.5125e+01
6769.0942  1.9358e+01  3.5361e+01
6770.3442  1.2893e+01  3.0478e+01
6771.5947  4.7499e+01  3.0648e+01
6772.8452  6.0619e+01  3.0504e+01
6774.0952  3.2308e+01  3.0714e+01
6775.3457  2.8253e+01  3.3117e+01
6776.5962  7.8693e+01  3.0872e+01
6777.8462  2.0022e+01  3.3985e+01
6779.0967  1.1007e+01  3.3184e+01
6780.3472  3.4940e+00  3.0828e+01
6781.5972  3.0363e+01  3.4461e+01
6782.8477  7.6808e+01  3.0581e+01
6784.0981  5.5009e+01  3.2918e+01
6785.3486  2.6931e+01  3.3216e+01
6786.5986  3.8829e+01  3.1069e+01
6787.8491  1.0990e+02  3.7672e+01
6789.0996  5.4562e+01  3.2346e+01
6790.3496  5.2052e+01  3.3242e+01
6791.6001  7.8327e+01  3.0488e+01
6792.8506  5.2899e+01  3.2789e+01
6794.1006  4.6109e+01  3.6414e+01
6795.3511  1.0771e+02  3.0336e+01
6796.6016  8.8731e+01  3.6795e+01
