# SNR 11.5590
# Quality c
# flux_factor = 1.e-20
7295.9824  -1.0474e+01  5.2894e+01
7297.2329  -1.0780e+02  6.0993e+01
7298.4834  -1.9404e+01  8.5287e+01
7299.7334  2.9388e+01  6.9530e+01
7300.9839  -8.9242e+01  5.4173e+01
7302.2344  3.5046e+01  5.4938e+01
7303.4844  -8.8331e+00  5.6415e+01
7304.7349  8.6879e+01  7.9061e+01
7305.9854  8.7376e+01  9.6816e+01
7307.2354  -1.0014e+02  1.1484e+02
7308.4858  -1.1748e+02  6.0837e+01
7309.7363  -6.2327e-01  4.8708e+01
7310.9863  -2.4099e+01  5.5323e+01
7312.2368  2.7676e+01  5.9487e+01
7313.4873  1.1399e+02  5.4921e+01
7314.7378  -2.0184e+01  5.9368e+01
7315.9878  1.7639e+01  6.6021e+01
7317.2383  -7.4237e+01  1.0816e+02
7318.4888  7.0070e+00  1.5698e+02
7319.7388  7.3248e+01  1.4903e+02
7320.9893  -1.7538e+02  1.1330e+02
7322.2397  -1.3255e+01  5.0972e+01
7323.4897  -5.7009e+01  5.1771e+01
7324.7402  -5.3510e+01  5.2813e+01
7325.9907  4.5683e+01  6.4915e+01
7327.2407  -4.4460e+00  5.3749e+01
7328.4912  1.4650e+01  4.7711e+01
7329.7417  -4.9786e+01  6.3631e+01
7330.9917  1.1743e+01  9.7570e+01
7332.2422  1.5277e+02  1.1516e+02
7333.4927  -1.2636e+02  7.3628e+01
7334.7432  4.3269e-01  5.3195e+01
7335.9932  4.5280e+00  6.5743e+01
7337.2437  -5.3574e+01  5.3376e+01
7338.4941  6.3237e+01  4.9864e+01
7339.7441  1.1013e+01  6.1874e+01
7340.9946  8.5705e+00  8.8919e+01
7342.2451  -5.3817e+01  1.4304e+02
7343.4951  4.7506e+00  1.7604e+02
7344.7456  -2.3135e+02  1.4963e+02
7345.9961  -1.0203e+02  1.1214e+02
7347.2461  -8.6135e+00  5.1897e+01
7348.4966  2.5056e+01  7.3625e+01
7349.7471  2.9350e+01  5.5694e+01
7350.9976  -5.8475e+01  4.9358e+01
7352.2476  -8.4701e+00  5.6181e+01
7353.4980  -8.7005e+01  5.1145e+01
7354.7485  -5.2457e+01  5.4222e+01
7355.9985  7.2772e+01  5.3138e+01
7357.2490  8.9365e+00  6.4743e+01
7358.4995  -2.7059e+01  4.9213e+01
7359.7495  -1.5336e+02  8.1166e+01
7361.0000  -1.1849e+00  1.0830e+02
7362.2505  -4.2028e+00  1.0698e+02
7363.5005  -4.4126e+01  7.1412e+01
7364.7510  -4.4982e+01  5.0649e+01
7366.0015  -2.7020e+01  6.2849e+01
7367.2520  -5.2292e+00  5.0234e+01
7368.5020  -1.0350e+01  5.6594e+01
7369.7524  -1.9976e+01  8.0832e+01
7371.0029  -1.6647e+02  1.3654e+02
7372.2529  -2.2890e+02  1.5447e+02
7373.5034  -8.6346e+00  1.2431e+02
7374.7539  -2.3803e+01  7.2356e+01
7376.0039  -1.0780e+01  6.5810e+01
7377.2544  1.0265e+02  5.2069e+01
7378.5049  -2.3188e+01  5.5370e+01
7379.7549  5.9599e+01  5.1907e+01
7381.0054  2.5355e+01  4.6966e+01
7382.2559  2.1276e+01  4.9397e+01
7383.5059  7.7494e+01  4.8112e+01
7384.7563  -1.0169e+01  5.1986e+01
7386.0068  -2.7738e+01  4.6535e+01
7387.2573  -1.1645e+01  5.2501e+01
7388.5073  3.8510e+01  5.2049e+01
7389.7578  -6.0433e+01  4.8430e+01
7391.0083  -1.9341e+01  5.2025e+01
7392.2583  -1.1057e+01  6.3103e+01
7393.5088  1.2057e+01  7.2142e+01
7394.7593  -1.2372e+02  1.0169e+02
7396.0093  1.4375e+02  8.3222e+01
7397.2598  -3.3087e+01  5.8230e+01
7398.5103  -9.2336e+01  4.6038e+01
7399.7603  6.4806e+01  4.7573e+01
7401.0107  7.3572e+01  4.5792e+01
7402.2612  -3.5245e+01  5.4632e+01
7403.5117  -2.3552e+01  1.0713e+02
7404.7617  -6.4270e+01  1.2440e+02
7406.0122  -9.6313e+01  9.8148e+01
7407.2627  2.3959e+01  6.0952e+01
7408.5127  -5.4612e+00  4.5641e+01
7409.7632  -5.0731e+01  4.6422e+01
7411.0137  7.8063e+01  4.9398e+01
7412.2637  1.6313e+01  5.6343e+01
7413.5142  2.5955e+01  5.4111e+01
7414.7646  4.6522e+01  5.0623e+01
7416.0146  6.6782e+01  4.9936e+01
7417.2651  2.4728e+02  5.8171e+01
7418.5156  3.3042e+02  5.4119e+01
7419.7661  3.3292e+02  4.7650e+01
7421.0161  2.3837e+02  4.7658e+01
7422.2666  1.9998e+02  5.8726e+01
7423.5171  1.9508e+02  5.0963e+01
7424.7671  1.1592e+02  5.8072e+01
7426.0176  1.4543e+02  5.4945e+01
7427.2681  6.1284e+01  4.5551e+01
7428.5181  -3.4773e+01  5.5131e+01
7429.7686  -9.3673e+01  4.5322e+01
7431.0190  4.8481e+01  5.5981e+01
7432.2690  -7.5321e+01  7.4656e+01
7433.5195  -7.7962e+01  8.1329e+01
7434.7700  -6.5313e+01  5.6975e+01
7436.0200  -4.1136e+01  5.7996e+01
7437.2705  1.4092e+01  4.4637e+01
7438.5210  5.4085e+01  5.4412e+01
7439.7715  -2.1443e+01  7.9932e+01
7441.0215  1.0918e+02  9.3901e+01
7442.2720  -4.7246e+01  9.7514e+01
7443.5225  7.4964e+00  4.9304e+01
7444.7725  -8.9692e+01  5.4859e+01
7446.0229  -1.6953e+01  4.4364e+01
7447.2734  -6.1604e+01  5.8671e+01
7448.5234  6.5648e+01  4.7317e+01
7449.7739  1.2990e+02  5.5738e+01
7451.0244  -2.3401e+01  5.3648e+01
7452.2744  3.2280e+01  4.6152e+01
7453.5249  1.2442e+01  4.5032e+01
7454.7754  2.6934e+01  4.4593e+01
7456.0259  9.4479e+01  4.5897e+01
7457.2759  2.3447e+00  4.4113e+01
7458.5264  8.3794e+01  4.4596e+01
7459.7769  2.0638e+01  5.5598e+01
7461.0269  -9.2639e+01  5.8282e+01
7462.2773  -5.6454e+01  6.1928e+01
7463.5278  -3.4253e+01  5.4642e+01
7464.7778  6.1631e+01  6.2909e+01
7466.0283  4.4200e+01  6.4736e+01
7467.2788  2.8021e+00  5.2889e+01
7468.5288  -6.6935e+01  6.1840e+01
7469.7793  7.5573e+00  6.3683e+01
7471.0298  2.1311e+01  5.6917e+01
7472.2803  4.3080e+01  5.7470e+01
7473.5303  1.7375e+01  7.4769e+01
7474.7808  -6.0434e+00  7.5737e+01
7476.0312  -3.2181e+00  7.8809e+01
7477.2812  -7.8450e+01  9.0470e+01
7478.5317  4.9130e+00  5.2399e+01
7479.7822  2.7632e+01  6.1385e+01
7481.0322  1.6370e+02  8.1721e+01
7482.2827  2.3548e+01  8.1582e+01
7483.5332  2.1336e+01  8.0092e+01
7484.7832  7.2852e+01  7.8718e+01
7486.0337  -9.9203e+00  8.5311e+01
7487.2842  1.1758e+02  8.8155e+01
7488.5342  -1.3544e+02  5.0916e+01
7489.7847  6.4031e+01  7.0651e+01
7491.0352  -1.4439e+01  5.1821e+01
7492.2856  3.9237e+01  4.9341e+01
7493.5356  -6.7247e+01  5.6049e+01
7494.7861  8.0556e+01  5.4013e+01
7496.0366  -5.2929e+01  6.1100e+01
7497.2866  -4.0227e-01  5.7647e+01
7498.5371  1.2091e+01  4.9040e+01
7499.7876  -4.9702e+01  4.8828e+01
7501.0376  -2.9935e+01  5.3070e+01
7502.2881  1.4142e+02  6.0515e+01
7503.5386  7.4993e+00  5.1997e+01
7504.7886  -2.2304e+01  4.6302e+01
7506.0391  1.6234e+01  4.6651e+01
7507.2896  4.4088e+01  4.9157e+01
7508.5400  -2.2929e+00  5.5684e+01
7509.7900  2.5909e+01  5.4915e+01
7511.0405  -7.3592e+01  5.6077e+01
7512.2910  -6.5966e+01  6.8199e+01
7513.5410  -1.8581e+00  5.9892e+01
7514.7915  1.4026e+01  4.7586e+01
7516.0420  8.3662e+00  4.3998e+01
7517.2920  4.7908e+01  4.4383e+01
7518.5425  -1.7308e+01  6.0674e+01
7519.7930  -6.1876e+01  5.9661e+01
7521.0430  -1.3646e+01  5.4767e+01
7522.2935  -2.6402e+01  5.4270e+01
7523.5439  1.2890e+01  5.8946e+01
7524.7944  5.0686e+01  7.4087e+01
7526.0444  2.5172e+02  1.4358e+02
7527.2949  -6.1915e+01  1.2934e+02
7528.5454  -1.4558e+02  9.1293e+01
7529.7954  6.4319e+01  5.8698e+01
7531.0459  -3.0535e+01  5.0837e+01
7532.2964  -4.4905e+01  6.7794e+01
7533.5464  -1.1976e+02  8.0158e+01
7534.7969  4.3149e+01  7.4034e+01
7536.0474  6.3507e+01  5.1639e+01
7537.2974  6.3484e+01  5.3517e+01
7538.5479  3.0956e+01  4.7155e+01
7539.7983  3.5283e+01  5.2752e+01
7541.0483  3.4629e+01  5.5350e+01
7542.2988  1.0906e+02  5.7876e+01
