# SNR 11.3076
# Quality c
# flux_factor = 1.e-20
6738.2285  4.1604e+01  9.1777e+01
6739.4785  3.5783e+01  9.0967e+01
6740.7290  5.5182e+01  9.2456e+01
6741.9795  -8.8558e+01  9.4487e+01
6743.2295  5.7216e+01  9.4346e+01
6744.4800  6.2372e+01  9.3936e+01
6745.7305  -7.9382e+01  9.5159e+01
6746.9805  -6.5159e+00  9.5512e+01
6748.2310  4.0114e-01  9.4230e+01
6749.4814  -5.1404e+01  9.1922e+01
6750.7314  3.5843e+00  9.1788e+01
6751.9819  -5.1258e+01  9.2170e+01
6753.2324  -6.0020e+01  9.1469e+01
6754.4829  -2.2577e+01  9.0196e+01
6755.7329  5.9056e+01  9.1155e+01
6756.9834  1.7844e+01  9.1349e+01
6758.2339  -2.2090e+01  9.1276e+01
6759.4839  3.0113e+01  9.1096e+01
6760.7344  4.6330e+01  9.0949e+01
6761.9849  6.0552e+00  9.0793e+01
6763.2349  -4.3385e+01  9.1333e+01
6764.4854  9.2731e+00  9.0948e+01
6765.7358  6.2109e+01  9.0811e+01
6766.9858  -7.8921e+00  9.0312e+01
6768.2363  -7.7156e+01  8.9743e+01
6769.4868  -2.8454e+01  9.0648e+01
6770.7368  2.5978e+01  9.0469e+01
6771.9873  6.7573e+00  8.9875e+01
6773.2378  1.2350e+01  8.9380e+01
6774.4883  -3.5015e+01  8.9685e+01
6775.7383  1.0877e+01  8.9739e+01
6776.9888  1.6709e+01  9.0485e+01
6778.2393  5.9898e+01  9.0839e+01
6779.4893  2.0982e+01  9.0519e+01
6780.7397  3.6549e+01  8.9562e+01
6781.9902  -5.4926e+01  8.8689e+01
6783.2402  -1.2485e+01  8.9055e+01
6784.4907  -4.6422e+00  8.9536e+01
6785.7412  -2.6713e+01  9.1153e+01
6786.9912  3.9843e+01  9.1504e+01
6788.2417  -1.2504e+01  9.0360e+01
6789.4922  1.0955e+02  9.1378e+01
6790.7427  1.5426e+02  9.1830e+01
6791.9927  -3.0737e+01  9.0196e+01
6793.2432  4.4929e+01  8.9218e+01
6794.4937  9.9674e+01  8.8351e+01
6795.7437  1.2032e+02  8.8810e+01
6796.9941  -8.1809e+01  8.8677e+01
6798.2446  -8.7854e+01  8.9405e+01
6799.4946  6.8898e+01  8.9021e+01
6800.7451  1.2672e+02  8.8636e+01
6801.9956  -6.9241e+01  8.8530e+01
6803.2456  -8.1975e+01  8.8787e+01
6804.4961  4.8411e+01  8.9797e+01
6805.7466  8.8306e+01  8.9602e+01
6806.9966  3.7816e+01  8.8694e+01
6808.2471  -4.6726e+01  8.8992e+01
6809.4976  1.3792e+02  8.8438e+01
6810.7480  8.2231e+01  8.8803e+01
6811.9980  -1.9923e+01  8.9126e+01
6813.2485  -8.1241e+01  8.8183e+01
6814.4990  6.9628e+01  8.9016e+01
6815.7490  4.9271e+01  8.8388e+01
6816.9995  -1.8692e+02  8.8378e+01
6818.2500  -1.2167e+01  8.8316e+01
6819.5000  5.4949e+01  8.9292e+01
6820.7505  9.4051e+01  8.9747e+01
6822.0010  8.8922e+01  8.8933e+01
6823.2510  7.2449e+01  8.8345e+01
6824.5015  1.2718e+02  8.9541e+01
6825.7520  -6.3833e+01  8.8806e+01
6827.0020  3.6313e+01  9.0140e+01
6828.2524  3.1029e+01  1.0485e+02
6829.5029  8.7848e+00  1.5796e+02
6830.7534  4.7178e+00  2.0071e+02
6832.0034  -7.5554e+01  2.0326e+02
6833.2539  -6.9072e+00  1.5030e+02
6834.5044  -3.5534e+01  1.1603e+02
6835.7544  -7.5577e+01  1.9142e+02
6837.0049  -1.8639e+01  1.9977e+02
6838.2554  3.4739e+00  1.1726e+02
6839.5054  -4.6792e+01  9.2513e+01
6840.7559  3.7876e+01  9.2824e+01
6842.0063  6.4674e+00  9.9062e+01
6843.2563  1.1855e+00  1.1449e+02
6844.5068  1.2049e+02  1.1713e+02
6845.7573  1.3864e+02  9.9876e+01
6847.0078  -6.7876e+01  8.8506e+01
6848.2578  -2.0369e+01  8.7983e+01
6849.5083  1.5873e+02  8.8151e+01
6850.7588  4.8675e+02  8.9995e+01
6852.0088  6.1588e+02  9.3720e+01
6853.2593  5.1056e+02  9.3331e+01
6854.5098  1.6808e+02  9.0290e+01
6855.7598  1.0942e+02  8.9276e+01
6857.0103  6.3778e+01  8.9360e+01
6858.2607  -6.8120e+01  8.9487e+01
6859.5107  1.5560e+01  8.9248e+01
6860.7612  3.4421e+00  8.8614e+01
6862.0117  -2.4632e+01  8.9299e+01
6863.2617  -1.2490e+02  9.9317e+01
6864.5122  3.0640e+01  1.7228e+02
6865.7627  -2.4827e+01  2.6235e+02
6867.0132  3.6943e+01  2.3906e+02
6868.2632  -1.7142e+02  1.1634e+02
6869.5137  1.6668e+01  1.0983e+02
6870.7642  -3.0693e+01  1.1815e+02
6872.0142  -1.1466e+01  1.4381e+02
6873.2646  1.5357e+02  1.6155e+02
6874.5151  -1.1253e+02  1.1815e+02
6875.7651  -1.0867e+02  1.0730e+02
6877.0156  9.5182e+00  1.0426e+02
6878.2661  2.7364e+01  1.0220e+02
6879.5161  -4.2382e+01  1.0159e+02
6880.7666  5.1782e+01  1.0028e+02
6882.0171  -6.5466e+00  1.0905e+02
6883.2676  2.0415e+02  1.1746e+02
6884.5176  -8.9550e+00  1.1009e+02
6885.7681  -7.1172e+01  9.7914e+01
6887.0186  -2.4821e+01  9.5702e+01
6888.2686  7.4582e+01  9.9751e+01
6889.5190  9.3170e+00  1.0605e+02
6890.7695  -1.0076e+02  1.5220e+02
6892.0195  4.6399e+01  1.6081e+02
6893.2700  -6.9984e+01  1.1117e+02
6894.5205  -3.6060e+01  9.9312e+01
6895.7705  -5.3892e+01  1.0109e+02
6897.0210  7.2144e+01  1.0090e+02
6898.2715  -2.5315e+01  9.8616e+01
6899.5215  -2.2957e+02  9.5263e+01
6900.7720  -2.4071e+01  9.8663e+01
6902.0225  -1.4634e+01  1.2263e+02
6903.2729  1.1167e+02  1.6509e+02
6904.5229  8.8192e+01  1.1418e+02
6905.7734  8.2342e+01  9.8089e+01
6907.0239  6.3210e+01  9.5800e+01
6908.2739  -5.7659e+01  9.2327e+01
6909.5244  4.4694e+01  9.1679e+01
6910.7749  -4.2232e+01  9.4819e+01
6912.0249  7.1102e+01  9.5462e+01
6913.2754  2.2181e+01  1.1150e+02
6914.5259  -5.5248e+01  1.7086e+02
6915.7759  2.6407e+00  1.5955e+02
6917.0264  3.4948e+01  9.8055e+01
6918.2769  8.1582e+01  8.8452e+01
6919.5269  1.0519e+02  9.0147e+01
6920.7773  -4.8757e+01  9.1017e+01
6922.0278  -6.7846e+01  9.0230e+01
6923.2783  -1.0052e+02  1.0162e+02
6924.5283  -8.1018e+01  1.8855e+02
6925.7788  -3.0500e+01  2.1823e+02
6927.0293  1.6014e+02  1.4759e+02
6928.2793  1.0972e+02  9.2890e+01
6929.5298  1.7021e+02  9.1288e+01
6930.7803  2.3099e+01  9.1324e+01
6932.0303  6.9934e+01  9.0546e+01
6933.2808  -1.0857e+02  8.7873e+01
6934.5312  -1.2747e+02  8.7642e+01
6935.7812  -5.9965e+00  8.8145e+01
6937.0317  3.2703e+01  8.8975e+01
6938.2822  2.0460e+01  8.9593e+01
6939.5327  -4.9604e+01  9.5524e+01
6940.7827  1.6226e+02  1.2299e+02
6942.0332  5.5517e+01  1.6491e+02
6943.2837  -1.0363e+02  1.1553e+02
6944.5337  -6.7287e+01  9.2694e+01
6945.7842  -4.9151e+01  8.8640e+01
6947.0347  -1.2455e+01  8.7081e+01
6948.2847  -1.9086e+01  8.9091e+01
6949.5352  -6.3292e+01  1.1557e+02
6950.7856  -1.3905e+01  2.1637e+02
6952.0356  -3.2495e+01  2.0921e+02
6953.2861  -7.1454e+01  1.1064e+02
6954.5366  3.7085e+00  9.2049e+01
6955.7866  -8.3700e+01  8.9587e+01
6957.0371  -2.3923e-01  9.1153e+01
6958.2876  3.2453e+01  9.4005e+01
6959.5381  -1.3391e+01  9.3993e+01
6960.7881  -1.1500e+01  9.1919e+01
6962.0386  1.2752e+01  9.0738e+01
6963.2891  -9.6336e+01  8.9499e+01
6964.5391  -1.7017e+01  8.9408e+01
6965.7896  -2.5698e+01  8.9306e+01
