# SNR 10.3983
# Quality c
# flux_factor = 1.e-20
6023.9136  -7.9585e+01  4.8216e+01
6025.1636  -8.1518e+01  5.0092e+01
6026.4141  -8.2859e+00  5.6975e+01
6027.6646  -7.5873e+01  5.3389e+01
6028.9150  9.2780e+00  5.2542e+01
6030.1650  1.4945e+01  5.3380e+01
6031.4155  6.4583e+01  4.7462e+01
6032.6660  4.8572e+01  4.7074e+01
6033.9160  -7.5431e+01  4.9603e+01
6035.1665  -2.9875e+00  5.1226e+01
6036.4170  1.2169e+01  5.5497e+01
6037.6670  -9.0434e+00  5.8049e+01
6038.9175  -3.1585e+01  5.0520e+01
6040.1680  5.8833e+01  5.3234e+01
6041.4180  7.9189e+01  5.8910e+01
6042.6685  1.4479e+01  4.5929e+01
6043.9189  -8.5682e+01  6.2023e+01
6045.1689  7.8318e+00  5.4790e+01
6046.4194  2.5238e+01  5.3883e+01
6047.6699  -1.1655e+01  4.8294e+01
6048.9199  6.8972e+00  4.9422e+01
6050.1704  -6.8079e+00  5.3743e+01
6051.4209  -6.0785e+01  4.8617e+01
6052.6714  -7.4210e+00  4.5590e+01
6053.9214  4.8113e+00  5.0943e+01
6055.1719  -5.2733e+01  4.4163e+01
6056.4224  8.1070e+01  4.4864e+01
6057.6724  6.5822e-01  4.7157e+01
6058.9229  -6.7343e+01  5.7567e+01
6060.1733  -7.7132e+01  5.1471e+01
6061.4233  1.9200e+01  5.8490e+01
6062.6738  4.7196e+01  4.6470e+01
6063.9243  -8.1170e+01  5.7200e+01
6065.1743  -7.5884e+00  4.5627e+01
6066.4248  2.3640e+01  4.7843e+01
6067.6753  -3.0006e+01  5.9534e+01
6068.9253  -4.5348e+01  5.5082e+01
6070.1758  -1.1029e+02  4.7871e+01
6071.4263  4.4793e+01  4.4672e+01
6072.6768  2.0893e+01  5.7272e+01
6073.9268  -2.6429e+01  4.6217e+01
6075.1772  6.0367e+01  4.6110e+01
6076.4277  2.1324e+01  4.8425e+01
6077.6777  4.3884e+01  5.1898e+01
6078.9282  -1.0384e+02  4.8195e+01
6080.1787  -1.6168e+02  4.9845e+01
6081.4287  -6.2302e+01  5.5215e+01
6082.6792  -1.1491e+00  5.7081e+01
6083.9297  -9.3978e+00  4.4403e+01
6085.1797  -1.3521e+02  4.9737e+01
6086.4302  1.0092e+01  5.4101e+01
6087.6807  2.1393e+00  5.5552e+01
6088.9307  -7.4051e+01  4.5961e+01
6090.1812  -1.1745e+02  5.4377e+01
6091.4316  -1.5485e+01  5.2954e+01
6092.6821  1.4288e+00  5.7357e+01
6093.9321  -2.9432e+01  5.4071e+01
6095.1826  -2.1956e+01  4.4928e+01
6096.4331  -3.2479e+01  4.6862e+01
6097.6831  6.2347e+00  4.4786e+01
6098.9336  -8.0120e+00  4.6400e+01
6100.1841  -6.4553e+01  4.7014e+01
6101.4341  -7.7801e+00  5.5932e+01
6102.6846  2.8051e+01  4.5731e+01
6103.9351  -7.4146e+01  5.0923e+01
6105.1851  6.6759e+01  4.6732e+01
6106.4355  -1.4081e+01  5.4999e+01
6107.6860  -1.1959e+01  4.7570e+01
6108.9360  -1.5497e+01  5.4150e+01
6110.1865  -2.6778e+01  4.4866e+01
6111.4370  -3.7783e+00  4.8618e+01
6112.6870  -3.6631e+01  4.4530e+01
6113.9375  -5.3759e+01  5.1593e+01
6115.1880  -7.8686e+01  5.2014e+01
6116.4385  -4.7418e+01  5.0602e+01
6117.6885  2.2011e+01  5.1372e+01
6118.9390  -3.1008e+01  4.9715e+01
6120.1895  6.9195e+01  4.9376e+01
6121.4395  1.4030e+02  5.1329e+01
6122.6899  1.5153e+02  4.5064e+01
6123.9404  2.5858e+02  5.3431e+01
6125.1904  3.8266e+02  4.2728e+01
6126.4409  2.2072e+02  5.0367e+01
6127.6914  1.9931e+01  5.5016e+01
6128.9414  -8.5655e+00  4.8773e+01
6130.1919  3.8359e+01  5.0154e+01
6131.4424  -5.0741e+01  4.3683e+01
6132.6924  -4.0314e+01  5.2445e+01
6133.9429  -4.0477e+01  4.6115e+01
6135.1934  -1.3704e+02  5.1613e+01
6136.4438  -1.3114e+01  4.5697e+01
6137.6938  -6.4220e+01  4.9943e+01
6138.9443  -1.2730e+01  5.0283e+01
6140.1948  -4.5326e+01  4.9951e+01
6141.4448  -8.3678e+01  5.6360e+01
6142.6953  -8.9370e+01  4.7870e+01
6143.9458  -1.5177e+01  4.7782e+01
6145.1958  7.8099e+00  6.0594e+01
6146.4463  1.5364e+01  4.9677e+01
6147.6968  1.9014e+01  5.6224e+01
6148.9468  -2.2325e+01  4.4753e+01
6150.1973  -1.2797e+01  4.8242e+01
6151.4478  1.0887e+01  5.6240e+01
6152.6978  -2.0915e+01  5.8058e+01
6153.9482  -6.8604e+01  4.4830e+01
6155.1987  -1.1674e+02  4.8433e+01
6156.4492  -5.6872e+01  4.8149e+01
6157.6992  4.9610e+01  6.2195e+01
6158.9497  1.6727e+01  5.4959e+01
6160.2002  4.3608e+01  5.7295e+01
6161.4502  7.0172e+01  4.5258e+01
6162.7007  1.2361e+01  4.9659e+01
6163.9512  -2.8007e+01  4.3461e+01
6165.2012  4.7488e+01  4.4538e+01
6166.4517  -4.8433e+00  4.7795e+01
6167.7021  2.9061e+01  4.9084e+01
6168.9521  4.2073e+01  4.3632e+01
6170.2026  -1.3449e+01  4.9200e+01
6171.4531  -7.8757e+01  6.2245e+01
6172.7031  3.0836e+01  6.6497e+01
6173.9536  -5.8991e+01  5.7834e+01
6175.2041  -4.5838e+01  4.3642e+01
6176.4546  6.8090e+00  4.6422e+01
6177.7046  4.8281e+01  4.7739e+01
6178.9551  -3.4167e+00  5.2446e+01
6180.2056  -3.5436e+01  4.5167e+01
6181.4556  -4.4709e-01  4.8998e+01
6182.7061  6.4070e+00  4.7083e+01
6183.9565  1.6557e+01  6.0313e+01
6185.2065  5.1320e+01  4.4763e+01
6186.4570  -1.7736e+00  4.6068e+01
6187.7075  -6.0134e+01  4.3847e+01
6188.9575  -1.0295e+02  5.4101e+01
6190.2080  -5.4858e+01  5.3260e+01
6191.4585  -5.4925e+01  4.1472e+01
6192.7085  4.6686e+01  4.8413e+01
6193.9590  1.5455e+01  5.0912e+01
6195.2095  6.6638e+00  5.0892e+01
6196.4600  5.7392e+00  4.2020e+01
6197.7100  -2.0351e+01  4.1672e+01
6198.9604  -1.4831e+01  4.8795e+01
6200.2109  3.3739e+01  4.3535e+01
6201.4609  3.2369e+00  4.2707e+01
6202.7114  2.2052e+01  4.9476e+01
6203.9619  2.3985e+01  5.2950e+01
6205.2119  -1.0389e+01  5.3691e+01
6206.4624  2.4899e+01  5.1706e+01
6207.7129  3.3013e+01  5.1359e+01
6208.9629  -8.5025e+00  4.5706e+01
6210.2134  2.6906e+00  4.2231e+01
6211.4639  3.7494e+01  5.0972e+01
6212.7139  -1.3134e+02  4.3809e+01
6213.9644  -6.8679e-01  5.2744e+01
6215.2148  1.8599e+01  4.9578e+01
6216.4653  -4.3735e+01  4.7540e+01
6217.7153  1.2716e+01  4.4189e+01
6218.9658  -2.1029e+01  4.5670e+01
6220.2163  -1.0466e+02  5.2617e+01
6221.4663  -9.8701e+01  5.4308e+01
6222.7168  -1.3792e+02  5.5159e+01
6223.9673  -3.0598e+01  5.0504e+01
6225.2173  -7.9217e+01  4.3156e+01
6226.4678  -1.0651e+01  5.3346e+01
