# SNR 8.8939
# Quality c
# flux_factor = 1.e-20
5336.3418  -1.9461e+01  1.0392e+02
5337.5923  -1.3557e+02  1.0465e+02
5338.8428  -7.5613e+01  1.0453e+02
5340.0928  -4.1530e+01  9.7250e+01
5341.3433  9.7103e+01  8.8139e+01
5342.5938  -1.1126e+02  9.3022e+01
5343.8438  -1.0238e+02  1.2276e+02
5345.0942  -1.2688e+02  1.0457e+02
5346.3447  1.9542e+01  9.5330e+01
5347.5947  2.6440e+01  8.3929e+01
5348.8452  -8.9526e+01  1.1636e+02
5350.0957  -1.5055e+02  1.1148e+02
5351.3457  4.6533e+01  1.0041e+02
5352.5962  -1.2027e+02  9.1694e+01
5353.8467  -6.1210e+01  1.0785e+02
5355.0972  8.3421e+00  9.8172e+01
5356.3472  -7.0616e+00  8.7412e+01
5357.5977  -7.5604e+00  1.0602e+02
5358.8481  8.6644e+01  8.6850e+01
5360.0981  1.0775e+02  8.9005e+01
5361.3486  4.9876e+01  8.9901e+01
5362.5991  7.7887e+00  8.4619e+01
5363.8491  9.7054e+01  1.0127e+02
5365.0996  7.5042e+01  7.7567e+01
5366.3501  -9.1345e+00  1.0274e+02
5367.6001  5.5299e+01  1.0111e+02
5368.8506  -1.8738e+02  1.2518e+02
5370.1011  6.8033e+00  1.0836e+02
5371.3511  -9.0608e+01  1.0165e+02
5372.6016  -2.1619e+02  1.2139e+02
5373.8521  -1.2019e+02  1.1509e+02
5375.1021  -4.4533e+01  1.0005e+02
5376.3525  -1.6037e+02  9.7641e+01
5377.6030  -1.8097e+02  1.0450e+02
5378.8530  -1.1381e+02  8.2847e+01
5380.1035  -1.0884e+02  9.3536e+01
5381.3540  9.9346e+01  9.0562e+01
5382.6045  -5.1810e+01  1.2503e+02
5383.8545  -8.7481e+01  1.0279e+02
5385.1050  -5.1319e+01  9.5189e+01
5386.3555  -6.0850e+01  9.9821e+01
5387.6055  -1.7830e+00  1.0002e+02
5388.8560  -8.3574e+01  8.5554e+01
5390.1064  -4.0948e+01  9.9801e+01
5391.3564  -4.4742e+01  1.0644e+02
5392.6069  -7.2954e+01  9.5833e+01
5393.8574  -3.5599e+01  9.6256e+01
5395.1074  -1.2500e+02  1.0972e+02
5396.3579  -1.3796e+02  9.7738e+01
5397.6084  -1.4988e+02  9.5290e+01
5398.8584  2.4300e+01  9.5313e+01
5400.1089  -4.9137e+01  9.9424e+01
5401.3594  -1.6549e+02  9.4168e+01
5402.6094  -2.3586e+01  1.0270e+02
5403.8599  5.5325e+01  8.2107e+01
5405.1104  8.2464e+01  9.7304e+01
5406.3608  -1.8539e+02  7.8617e+01
5407.6108  7.9142e+00  1.0895e+02
5408.8613  1.3919e+02  8.4588e+01
5410.1118  -2.3286e+00  8.1173e+01
5411.3618  -1.0853e+02  1.1662e+02
5412.6123  -2.6838e+01  9.6890e+01
5413.8628  -5.0396e+01  9.6759e+01
5415.1128  -1.8442e+01  1.1932e+02
5416.3633  1.2514e+02  9.0465e+01
5417.6138  5.6563e+01  1.0478e+02
5418.8638  2.2492e+02  1.0078e+02
5420.1143  6.2265e+01  1.1287e+02
5421.3647  1.5673e+02  8.6575e+01
5422.6147  6.6934e+01  1.0872e+02
5423.8652  5.4449e+01  1.0764e+02
5425.1157  4.9245e+02  1.0353e+02
5426.3657  6.7384e+02  8.6279e+01
5427.6162  5.2321e+02  1.0825e+02
5428.8667  1.3067e+02  1.0474e+02
5430.1167  1.8344e+02  1.0473e+02
5431.3672  1.4753e+02  9.1648e+01
5432.6177  -1.3345e+02  9.1755e+01
5433.8682  3.4939e+01  9.3169e+01
5435.1182  -3.9685e+01  9.1966e+01
5436.3687  9.8705e+01  8.7095e+01
5437.6191  7.8792e+01  1.1176e+02
5438.8691  -2.0163e+02  1.0192e+02
5440.1196  -2.9720e+01  1.0373e+02
5441.3701  -7.6649e+01  7.6533e+01
5442.6201  -1.3061e+02  1.2121e+02
5443.8706  -2.0145e+02  8.5005e+01
5445.1211  -1.5691e+02  9.0180e+01
5446.3711  -1.8501e+02  1.0806e+02
5447.6216  -2.2695e+02  8.1107e+01
5448.8721  -5.5129e+01  1.0103e+02
5450.1221  9.0284e+01  1.0295e+02
5451.3726  -1.8155e+02  1.1409e+02
5452.6230  -3.6421e+00  1.0867e+02
5453.8730  3.9563e+00  1.1262e+02
5455.1235  -1.3143e+02  9.1189e+01
5456.3740  -3.2275e+01  8.1525e+01
5457.6245  6.4186e+01  9.7281e+01
5458.8745  -4.4474e+00  8.1206e+01
5460.1250  -1.8477e+01  8.1108e+01
5461.3755  2.1645e+01  1.1317e+02
5462.6255  -8.4070e+01  8.4530e+01
5463.8760  6.5491e+01  9.2743e+01
5465.1265  4.3015e+00  8.0379e+01
5466.3765  2.1283e+01  1.0495e+02
5467.6270  8.9629e+01  9.4144e+01
5468.8774  9.9037e+01  9.8596e+01
5470.1274  -1.0980e+01  9.0465e+01
5471.3779  -1.2484e+01  8.3938e+01
5472.6284  6.1648e+01  9.9220e+01
5473.8784  -8.7797e+00  1.0292e+02
5475.1289  2.5285e-01  8.3938e+01
5476.3794  -1.0813e+02  9.2698e+01
5477.6294  -2.5492e+02  9.5046e+01
5478.8799  -4.6478e+01  9.5461e+01
5480.1304  1.4537e+02  8.9873e+01
5481.3809  -3.9105e+01  9.2062e+01
5482.6309  -1.9971e+02  9.5792e+01
5483.8813  -8.7156e+01  8.8017e+01
5485.1318  -1.7820e+02  9.0593e+01
5486.3818  7.9405e+01  9.3404e+01
5487.6323  2.0943e+02  8.9162e+01
5488.8828  -1.6153e+01  9.4233e+01
5490.1328  1.9083e+02  1.0071e+02
5491.3833  -9.8778e+01  8.9201e+01
5492.6338  4.7551e+01  9.9462e+01
5493.8838  -1.1416e+02  9.2325e+01
5495.1343  -5.2149e+01  9.4935e+01
5496.3848  -7.6965e+01  1.0468e+02
5497.6348  3.4705e+01  1.2316e+02
5498.8853  -1.1714e+02  8.8460e+01
5500.1357  -7.8232e+01  9.3362e+01
5501.3857  -6.9449e+01  1.0163e+02
5502.6362  -9.3684e+01  9.3798e+01
5503.8867  8.5137e+00  1.1728e+02
5505.1372  -1.4317e+02  9.5015e+01
5506.3872  2.0397e+01  1.0418e+02
5507.6377  8.2960e+01  1.0370e+02
5508.8882  9.6881e+01  8.1692e+01
5510.1382  -1.0475e+02  9.3571e+01
5511.3887  6.9150e+00  8.0832e+01
5512.6392  1.5348e+02  8.2800e+01
5513.8892  1.0191e+02  1.0229e+02
5515.1396  1.1283e+02  8.1741e+01
5516.3901  -1.0088e+02  9.7761e+01
