# SNR 10.1403
# Quality c
# flux_factor = 1.e-20
5042.5723  -6.5904e+01  9.0251e+01
5043.8228  -7.0417e+01  8.8506e+01
5045.0728  6.0270e+01  9.0373e+01
5046.3232  1.3450e+01  8.1365e+01
5047.5737  -8.9517e+00  8.9215e+01
5048.8237  -1.3120e+02  8.9653e+01
5050.0742  -1.4458e+02  8.9434e+01
5051.3247  -3.0178e+01  9.1103e+01
5052.5752  -1.4603e+02  9.9649e+01
5053.8252  -1.1469e+02  9.3697e+01
5055.0757  6.6688e+01  8.2709e+01
5056.3262  1.2241e+01  1.1549e+02
5057.5762  -2.5069e+02  8.1474e+01
5058.8267  -6.8965e+01  8.4590e+01
5060.0771  -6.2944e+01  8.9130e+01
5061.3271  2.1330e+01  9.0312e+01
5062.5776  -7.0963e+01  9.6566e+01
5063.8281  -1.5448e+02  7.6053e+01
5065.0781  3.8702e+00  6.8742e+01
5066.3286  1.5402e+02  6.7781e+01
5067.5791  -3.8481e+01  8.1644e+01
5068.8291  -8.2229e+01  8.8129e+01
5070.0796  -1.7130e+02  7.7171e+01
5071.3301  1.7086e+01  8.5469e+01
5072.5801  -5.5923e+01  9.0580e+01
5073.8306  -8.9783e+01  9.3177e+01
5075.0811  -8.4470e+01  8.2804e+01
5076.3311  4.5400e+01  9.9675e+01
5077.5815  -1.0110e+02  8.6365e+01
5078.8320  2.7561e+01  9.1727e+01
5080.0820  -5.3106e+01  7.6459e+01
5081.3325  -9.8426e+01  8.0429e+01
5082.5830  -1.0856e+02  8.1076e+01
5083.8335  -8.9142e+00  8.8263e+01
5085.0835  -5.5534e+01  9.2176e+01
5086.3340  -3.8936e+01  1.0620e+02
5087.5845  -7.9335e+01  7.4214e+01
5088.8345  4.9547e+01  9.6244e+01
5090.0850  -1.9645e+01  8.7247e+01
5091.3354  3.4321e+01  9.5736e+01
5092.5854  -4.2665e+01  8.5362e+01
5093.8359  -1.3854e+02  7.5457e+01
5095.0864  3.2708e-01  8.9501e+01
5096.3364  -1.4955e+02  7.5742e+01
5097.5869  -1.3053e+02  1.0626e+02
5098.8374  5.6607e+01  9.1931e+01
5100.0874  1.0635e+01  7.4583e+01
5101.3379  3.2683e+01  7.4549e+01
5102.5884  3.3725e+01  8.0742e+01
5103.8384  -2.6750e+01  7.6062e+01
5105.0889  -1.3580e+02  9.7308e+01
5106.3394  -1.2510e+02  9.1384e+01
5107.5894  -1.4336e+02  8.3095e+01
5108.8398  -3.0860e+01  8.3264e+01
5110.0903  6.0042e+01  7.5534e+01
5111.3408  -5.6966e+01  9.0328e+01
5112.5908  8.0088e+00  7.8059e+01
5113.8413  1.0035e+01  8.7767e+01
5115.0918  1.5694e+01  8.3736e+01
5116.3418  -1.1523e+02  9.8369e+01
5117.5923  -1.1682e+02  7.1439e+01
5118.8428  -7.7508e+01  7.5353e+01
5120.0928  -6.8916e+01  9.1770e+01
5121.3433  2.8886e+01  8.3582e+01
5122.5938  -4.0107e+01  7.7808e+01
5123.8438  2.6016e+00  7.0247e+01
5125.0942  1.5848e+02  6.6476e+01
5126.3447  4.1770e+02  7.5392e+01
5127.5947  4.8856e+02  6.9238e+01
5128.8452  4.1462e+02  9.6442e+01
5130.0957  3.3924e+02  9.2240e+01
5131.3457  2.8315e+02  9.8127e+01
5132.5962  5.3862e+01  6.6917e+01
5133.8467  -3.7209e+00  9.2301e+01
5135.0967  -1.2659e+02  9.5235e+01
5136.3472  -1.8906e+02  8.8434e+01
5137.5977  -9.5725e+01  8.4451e+01
5138.8481  -9.1864e+01  7.5059e+01
5140.0981  3.7283e+01  8.1182e+01
5141.3486  9.4584e+00  8.4767e+01
5142.5991  -4.9438e+01  8.1818e+01
5143.8491  -6.3447e+01  7.4391e+01
5145.0996  -7.7319e+01  7.5178e+01
5146.3501  -6.9428e+01  9.1411e+01
5147.6001  -4.5685e+01  9.2148e+01
5148.8506  6.5853e+01  8.7106e+01
5150.1011  6.1970e+01  7.8060e+01
5151.3511  3.4930e+01  8.4510e+01
5152.6016  -2.6737e+01  8.4964e+01
5153.8521  -8.2132e+01  9.4667e+01
5155.1021  5.3861e+01  7.2382e+01
5156.3525  -1.0427e+02  8.6122e+01
5157.6030  -3.1806e+00  8.2163e+01
5158.8530  1.6076e+01  7.3046e+01
5160.1035  -9.2243e+01  1.0145e+02
5161.3540  2.0686e+01  8.4062e+01
5162.6040  7.1196e+01  8.1832e+01
5163.8545  -2.4349e+01  7.8461e+01
5165.1050  -5.0162e+01  8.5844e+01
5166.3555  -7.0820e+01  7.5924e+01
5167.6055  2.0425e+00  7.5378e+01
5168.8560  -8.8284e+01  7.4869e+01
5170.1064  1.3245e+02  7.2058e+01
5171.3564  1.4590e+01  9.2362e+01
5172.6069  -2.6769e+01  7.6213e+01
5173.8574  2.2533e+01  6.7554e+01
5175.1074  -9.1036e+01  7.7676e+01
5176.3579  -6.5508e+01  7.4083e+01
5177.6084  -2.7031e+01  7.1783e+01
5178.8584  -7.2250e+01  7.1662e+01
5180.1089  -6.9775e+01  8.8140e+01
5181.3594  -6.1628e+01  8.3607e+01
5182.6094  -1.0010e+02  6.8170e+01
5183.8599  -3.6670e+01  6.4652e+01
5185.1104  -6.2370e+01  7.7482e+01
5186.3604  -4.4300e+01  8.1556e+01
5187.6108  -4.7442e+01  7.0265e+01
5188.8613  9.3306e+01  8.0114e+01
5190.1113  -3.8831e+01  7.8195e+01
5191.3618  3.5471e+01  8.1566e+01
5192.6123  7.7642e+01  9.4744e+01
5193.8628  3.4996e+01  6.8578e+01
5195.1128  -9.2066e+01  7.7678e+01
5196.3633  6.6023e+01  9.1612e+01
5197.6138  -5.9903e+01  9.7815e+01
5198.8638  -2.2924e+02  1.0350e+02
5200.1143  -9.6664e+01  1.1046e+02
5201.3647  4.3662e+01  1.0455e+02
5202.6147  5.6264e+01  9.8240e+01
5203.8652  -1.4273e+00  7.2252e+01
5205.1157  5.1249e+00  8.9130e+01
5206.3657  9.2488e+01  7.5070e+01
5207.6162  -5.1880e+01  6.9774e+01
5208.8667  -1.4303e+02  7.2384e+01
5210.1167  2.1321e+01  6.8013e+01
5211.3672  -6.8645e+01  9.0890e+01
5212.6177  2.1806e+01  8.4388e+01
