# SNR 8.6907
# Quality c
# flux_factor = 1.e-20
6747.9697  -8.1366e+01  5.6605e+01
6749.2202  3.2927e+01  5.2967e+01
6750.4702  -2.3001e+01  5.1219e+01
6751.7207  1.1547e+01  5.0820e+01
6752.9712  -1.3188e+01  5.0179e+01
6754.2212  -1.5282e+02  5.0361e+01
6755.4717  -3.7236e+01  5.1081e+01
6756.7222  -7.1969e+01  5.1117e+01
6757.9722  2.9172e+01  4.9609e+01
6759.2227  3.2867e+01  5.0605e+01
6760.4731  1.2929e+02  5.3127e+01
6761.7236  -6.1400e+01  5.1057e+01
6762.9736  -4.7365e+01  6.4386e+01
6764.2241  -1.2930e+02  5.3744e+01
6765.4746  -3.3176e+01  5.0495e+01
6766.7246  1.1153e+02  5.6584e+01
6767.9751  -2.3754e+01  5.0517e+01
6769.2256  2.3122e+01  5.4802e+01
6770.4756  -4.1222e+01  5.0513e+01
6771.7261  3.0470e+01  5.1740e+01
6772.9766  4.9570e+01  5.0865e+01
6774.2266  3.9642e+01  5.2888e+01
6775.4771  1.2431e+01  5.4513e+01
6776.7275  1.4018e+00  5.4728e+01
6777.9775  1.2638e+00  5.1042e+01
6779.2280  3.8611e+01  5.3699e+01
6780.4785  -3.0609e+01  5.3907e+01
6781.7290  3.4248e+01  4.9738e+01
6782.9790  8.9683e+01  5.1777e+01
6784.2295  4.4115e+01  5.0093e+01
6785.4800  -2.2167e+01  5.1135e+01
6786.7300  7.6010e+01  5.0887e+01
6787.9805  1.2133e+01  4.9640e+01
6789.2310  -7.2828e+01  5.7763e+01
6790.4810  -3.3251e+01  5.1313e+01
6791.7314  -2.2371e+01  6.2951e+01
6792.9819  -7.2120e+00  4.9464e+01
6794.2319  4.4327e+01  4.9143e+01
6795.4824  -1.4028e+01  5.6485e+01
6796.7329  8.9529e+01  4.9582e+01
6797.9834  4.0241e+01  4.9261e+01
6799.2334  1.0492e+02  5.3993e+01
6800.4839  -8.4846e-01  4.9236e+01
6801.7344  3.2204e+01  5.4779e+01
6802.9844  4.1723e+01  5.2455e+01
6804.2349  8.6418e+01  5.0194e+01
6805.4854  3.9475e+00  4.9057e+01
6806.7354  -3.8123e+01  5.7139e+01
6807.9858  -8.7681e+01  4.8417e+01
6809.2363  -1.2321e+02  4.8868e+01
6810.4863  4.8537e+01  5.2585e+01
6811.7368  2.0790e+01  4.8845e+01
6812.9873  4.0539e+01  5.1046e+01
6814.2373  1.7677e+01  5.6709e+01
6815.4878  1.4455e+01  5.0209e+01
6816.7383  5.1295e+01  4.8879e+01
6817.9888  4.3143e+01  4.9419e+01
6819.2388  1.6333e+00  4.9234e+01
6820.4893  9.1098e+01  4.9086e+01
6821.7397  1.2300e+02  4.9131e+01
6822.9897  3.7103e+01  4.9879e+01
6824.2402  4.8949e+00  5.0820e+01
6825.4907  3.0213e+01  4.8913e+01
6826.7407  7.4600e+01  5.1412e+01
6827.9912  2.9256e+01  7.4770e+01
6829.2417  -1.6255e+01  9.8544e+01
6830.4917  4.8738e+01  1.2051e+02
6831.7422  -2.7418e+01  1.0595e+02
6832.9927  -2.6602e+01  7.0080e+01
6834.2427  -1.0392e+01  8.6403e+01
6835.4932  4.2741e+01  1.1845e+02
6836.7437  9.2949e+01  1.0238e+02
6837.9941  4.0818e+01  7.1713e+01
6839.2441  -1.9057e+01  5.7103e+01
6840.4946  2.2063e+01  5.2415e+01
6841.7451  -7.2534e+00  6.0505e+01
6842.9951  3.8258e+01  7.2912e+01
6844.2456  -2.4548e+00  6.6868e+01
6845.4961  -2.7217e+01  5.0757e+01
6846.7461  -2.9912e+00  5.1891e+01
6847.9966  1.6494e+01  4.7739e+01
6849.2471  -2.9117e+01  4.9866e+01
6850.4971  -6.3742e+00  5.0554e+01
6851.7476  7.3389e+01  5.2741e+01
6852.9980  3.3498e+01  5.4955e+01
6854.2485  -9.5430e+00  4.7843e+01
6855.4985  3.5156e+01  4.7491e+01
6856.7490  7.9193e+01  4.8142e+01
6857.9995  -1.2171e+01  5.1720e+01
6859.2495  3.9787e+01  5.9568e+01
6860.5000  1.0439e+02  5.5509e+01
6861.7505  4.9853e+02  6.0784e+01
6863.0005  8.8097e+02  7.1356e+01
6864.2510  -6.5622e+01  1.2562e+02
6865.5015  2.2108e+01  1.5546e+02
6866.7515  4.6474e+01  1.1504e+02
6868.0020  2.5983e+02  8.0823e+01
6869.2524  7.6950e+01  8.4230e+01
6870.5024  1.0466e+02  7.7769e+01
6871.7529  8.8190e+01  8.7993e+01
6873.0034  8.3721e+01  8.7993e+01
6874.2539  7.2489e+01  6.4553e+01
6875.5039  3.5753e+01  5.3902e+01
6876.7544  1.1897e+01  5.3518e+01
6878.0049  1.3590e+02  5.4360e+01
6879.2549  -2.2071e+01  5.4389e+01
6880.5054  -1.1981e+01  5.9879e+01
6881.7559  5.8317e+00  6.8727e+01
6883.0059  4.0076e+01  7.5624e+01
6884.2563  8.8413e+01  7.0176e+01
6885.5068  -5.9635e+01  5.6136e+01
6886.7568  -2.5289e+01  5.6082e+01
6888.0073  -1.3131e+00  5.9837e+01
6889.2578  1.5827e+01  7.8205e+01
6890.5078  3.6503e+01  1.0652e+02
6891.7583  -5.0139e+01  9.1360e+01
6893.0088  7.7499e+01  6.8822e+01
6894.2593  2.3288e+01  5.7314e+01
6895.5093  -5.0388e+01  9.4995e+01
6896.7598  -4.6175e+01  6.4670e+01
6898.0103  -1.9185e+01  5.6468e+01
6899.2603  -6.5090e+01  5.8483e+01
6900.5107  -4.9078e+01  6.3865e+01
6901.7612  1.1863e+02  8.9626e+01
6903.0112  -7.5277e+01  8.4669e+01
6904.2617  1.7197e+02  6.0169e+01
6905.5122  -1.1415e+01  5.1980e+01
6906.7622  -9.7054e+01  5.1115e+01
6908.0127  -6.9852e+01  5.0099e+01
6909.2632  3.3122e+01  5.3572e+01
6910.5137  1.2708e+02  5.8237e+01
6911.7637  2.4906e+01  6.8479e+01
6913.0142  1.1772e+02  8.5320e+01
6914.2646  1.5256e+02  1.0021e+02
6915.5146  -9.4266e+00  7.3995e+01
6916.7651  3.6271e+00  4.8071e+01
6918.0156  -3.7472e+01  5.2112e+01
6919.2656  -3.4849e+01  4.7531e+01
6920.5161  6.7446e+00  5.0045e+01
6921.7666  -1.1853e+01  5.0794e+01
6923.0166  -1.4640e+02  8.3556e+01
6924.2671  1.5976e+02  1.2160e+02
6925.5176  -4.8603e+01  1.1200e+02
6926.7676  -2.7808e+01  7.6748e+01
6928.0181  -7.4481e+00  4.8974e+01
6929.2686  3.3757e+01  5.7590e+01
6930.5190  1.8009e+01  4.9715e+01
6931.7690  -5.9907e+01  5.6976e+01
6933.0195  -1.5271e+01  4.6455e+01
6934.2700  -4.6316e+01  4.7369e+01
6935.5200  -9.3725e+00  4.6761e+01
6936.7705  -2.7711e+01  4.7162e+01
6938.0210  -4.8517e+01  5.7586e+01
6939.2710  -6.9296e+01  6.8896e+01
6940.5215  1.6625e+02  8.8075e+01
6941.7720  4.1830e+01  8.6435e+01
6943.0220  9.6670e+01  6.5288e+01
6944.2725  -3.5667e+01  6.1558e+01
6945.5229  -7.2147e+01  5.8104e+01
6946.7734  -4.5954e+01  4.7069e+01
6948.0234  2.9880e+01  6.3634e+01
6949.2739  1.9897e+02  9.5120e+01
6950.5244  9.3764e+01  1.2874e+02
6951.7744  1.8794e+01  1.0067e+02
6953.0249  -8.3208e+01  6.5380e+01
6954.2754  8.2131e+01  4.9660e+01
6955.5254  8.7874e+01  6.5165e+01
6956.7759  1.1700e+02  5.3500e+01
6958.0264  -1.9676e+01  5.0304e+01
6959.2764  2.7346e+01  5.2662e+01
6960.5269  -1.7379e+01  4.8501e+01
6961.7773  6.5289e+01  4.8280e+01
6963.0273  6.0728e+00  4.7922e+01
6964.2778  4.1397e+01  5.4077e+01
6965.5283  -5.0592e+01  5.4664e+01
6966.7788  2.1870e+01  5.0631e+01
6968.0288  2.9074e+01  5.1625e+01
6969.2793  -3.5183e+01  5.1902e+01
6970.5298  -5.4066e+01  7.0977e+01
6971.7798  -1.4398e+01  7.8000e+01
6973.0303  1.1928e+01  5.9316e+01
6974.2808  -3.6342e+01  5.5825e+01
6975.5308  -2.4735e+01  5.5726e+01
