# SNR 18.2521
# Quality c
# flux_factor = 1.e-20
6576.6738  1.0244e+02  6.4175e+01
6577.9238  6.0543e+01  9.5245e+01
6579.1743  -5.6549e+01  1.0146e+02
6580.4248  1.2904e+02  7.4185e+01
6581.6748  -7.4858e+01  5.7076e+01
6582.9253  -6.0397e+01  6.1975e+01
6584.1758  2.0694e+01  7.4697e+01
6585.4258  -3.9803e+01  6.0965e+01
6586.6763  -4.2645e+01  5.8040e+01
6587.9268  3.2137e+01  5.8777e+01
6589.1772  -4.8368e+00  5.5087e+01
6590.4272  -4.1470e+01  7.1140e+01
6591.6777  -1.2155e+02  6.6236e+01
6592.9282  -1.0154e+02  5.8788e+01
6594.1782  4.4404e+01  5.9668e+01
6595.4287  5.5811e+01  5.7947e+01
6596.6792  8.6549e+01  6.9709e+01
6597.9292  1.6186e+02  8.1298e+01
6599.1797  -1.2776e+02  7.5590e+01
6600.4302  -1.4499e+02  5.7444e+01
6601.6802  -7.6728e+01  6.1071e+01
6602.9307  4.4941e+01  6.0944e+01
6604.1812  -2.4933e+01  7.0105e+01
6605.4312  -9.8402e+01  8.5489e+01
6606.6816  9.3446e+01  7.7013e+01
6607.9321  9.2281e+01  5.8667e+01
6609.1826  -3.4205e+01  6.6216e+01
6610.4326  -4.5774e+00  6.4795e+01
6611.6831  -6.9996e+01  5.6230e+01
6612.9336  -1.7275e+01  5.5015e+01
6614.1836  -7.0784e+00  5.6273e+01
6615.4341  -2.0273e+01  5.5688e+01
6616.6846  -3.5915e+01  5.4995e+01
6617.9346  -2.9477e+01  6.0120e+01
6619.1851  -5.1059e+01  7.0079e+01
6620.4355  -2.4491e+01  5.6793e+01
6621.6855  -8.0663e+00  6.2623e+01
6622.9360  2.0936e+01  5.8722e+01
6624.1865  5.7793e+01  5.5793e+01
6625.4365  -2.3878e+01  5.5712e+01
6626.6870  2.2347e+01  5.5950e+01
6627.9375  -9.2117e+01  6.0628e+01
6629.1880  -1.2591e+01  7.4399e+01
6630.4380  4.3037e+01  6.4410e+01
6631.6885  -8.4283e+01  6.0349e+01
6632.9390  2.5909e+01  5.6800e+01
6634.1890  -2.3784e+01  7.2113e+01
6635.4395  -6.0300e+01  7.2354e+01
6636.6899  -6.4858e+01  7.1222e+01
6637.9399  -6.7004e+01  6.3023e+01
6639.1904  -3.1554e+01  6.2738e+01
6640.4409  -1.4146e+02  6.3693e+01
6641.6909  -1.4626e+02  5.5526e+01
6642.9414  -1.1772e+02  5.5873e+01
6644.1919  -1.7267e+01  5.8952e+01
6645.4419  3.7473e+01  5.5138e+01
6646.6924  1.7085e+01  5.4928e+01
6647.9429  3.2066e+01  6.2007e+01
6649.1934  5.3437e+01  5.4045e+01
6650.4434  5.1019e+01  5.5855e+01
6651.6938  -1.1464e+02  5.7577e+01
6652.9443  -1.0981e+02  7.0179e+01
6654.1943  1.2880e+01  5.9435e+01
6655.4448  -6.8706e+01  6.4022e+01
6656.6953  -2.3316e+01  5.5174e+01
6657.9453  3.9327e+01  5.6347e+01
6659.1958  -2.2777e+01  6.4437e+01
6660.4463  1.6056e+01  6.2224e+01
6661.6963  -1.7833e+01  5.7084e+01
6662.9468  1.2438e+01  5.8925e+01
6664.1973  -7.5358e+01  5.8087e+01
6665.4473  3.1411e+01  5.6023e+01
6666.6978  -2.0906e+01  5.8304e+01
6667.9482  2.8850e+01  6.0208e+01
6669.1987  1.9855e+01  6.2804e+01
6670.4487  7.2154e+01  6.0453e+01
6671.6992  4.8117e+01  5.7389e+01
6672.9497  5.2691e+00  5.9460e+01
6674.1997  -4.0608e+01  5.3931e+01
6675.4502  -5.0843e-01  5.5251e+01
6676.7007  -6.1796e+01  5.4381e+01
6677.9507  2.9119e+01  5.4724e+01
6679.2012  1.5502e+01  6.6912e+01
6680.4517  1.0218e+01  5.4165e+01
6681.7017  1.9538e+01  5.2824e+01
6682.9521  -1.2021e+02  5.6756e+01
6684.2026  4.5583e+01  5.4789e+01
6685.4531  3.1930e+02  5.4620e+01
6686.7031  6.5128e+02  6.3771e+01
6687.9536  8.2279e+02  5.8189e+01
6689.2041  7.6953e+02  7.1013e+01
6690.4541  4.0079e+02  7.3179e+01
6691.7046  2.7157e+02  6.2857e+01
6692.9551  1.3942e+02  5.4120e+01
6694.2051  9.5953e+01  5.7826e+01
6695.4556  1.0649e+02  5.5272e+01
6696.7061  5.1545e+01  5.6220e+01
6697.9561  5.8249e+01  6.0449e+01
6699.2065  -1.1571e+01  5.6470e+01
6700.4570  1.0597e+01  6.1449e+01
6701.7070  2.7096e+01  6.6743e+01
6702.9575  -2.9407e+01  6.8437e+01
6704.2080  -9.4334e+01  6.3341e+01
6705.4585  2.3288e-01  6.5622e+01
6706.7085  -8.3407e+01  5.7687e+01
6707.9590  2.6219e+01  6.0818e+01
6709.2095  -6.6924e+01  5.4348e+01
6710.4595  -3.2107e+01  6.0286e+01
6711.7100  -3.0487e+01  7.3087e+01
6712.9604  5.0442e+01  6.4217e+01
6714.2104  -1.4066e+02  6.3419e+01
6715.4609  -7.2082e+01  6.4900e+01
6716.7114  3.7056e+01  6.0124e+01
6717.9614  -2.7024e+01  7.5120e+01
6719.2119  -3.5597e+00  6.0030e+01
6720.4624  -1.5796e+01  5.4408e+01
6721.7124  -3.2447e+01  5.6908e+01
6722.9629  5.1510e+01  7.0665e+01
6724.2134  -6.0749e+01  5.3711e+01
6725.4639  -7.7531e+01  5.8251e+01
6726.7139  -5.9770e+01  6.3705e+01
6727.9644  -5.6150e+01  5.5097e+01
6729.2148  -7.9762e+01  5.5006e+01
6730.4648  -1.0517e+02  5.9456e+01
6731.7153  -4.4333e+01  5.6880e+01
6732.9658  5.8668e+01  5.8721e+01
6734.2158  5.3157e+01  6.3855e+01
6735.4663  6.5007e+01  5.6243e+01
6736.7168  7.1988e+01  5.2212e+01
6737.9668  -3.6173e+01  5.3142e+01
6739.2173  1.3663e+01  5.2235e+01
6740.4678  -7.7610e+01  5.3608e+01
6741.7183  -4.6735e+01  6.3720e+01
6742.9683  4.4912e+01  5.4188e+01
6744.2188  2.7084e+01  6.7080e+01
6745.4692  -6.4486e+01  5.5875e+01
6746.7192  -7.6201e+01  5.6647e+01
6747.9697  -3.3929e+01  5.3109e+01
6749.2202  9.4561e+01  6.7150e+01
6750.4702  -2.8363e+01  5.2684e+01
6751.7207  5.3555e+00  5.6084e+01
6752.9712  3.5354e+01  5.5002e+01
6754.2212  -3.0964e+01  6.6408e+01
6755.4717  1.0895e+01  6.3290e+01
6756.7222  -3.2197e+01  5.2594e+01
6757.9722  -5.7535e+01  7.1277e+01
6759.2227  2.4520e+01  5.1710e+01
6760.4731  -3.5176e+01  6.4425e+01
6761.7236  6.7547e+00  6.3718e+01
6762.9736  7.9603e+00  6.4568e+01
6764.2241  -2.2347e-01  6.1367e+01
6765.4746  5.3371e+01  5.3434e+01
6766.7246  -1.1476e+01  4.9666e+01
6767.9751  -8.5242e+01  5.5082e+01
6769.2256  -1.5801e+00  5.0344e+01
6770.4756  -8.4844e+01  5.1224e+01
6771.7261  1.9683e+01  6.4926e+01
6772.9766  6.3356e+01  6.2683e+01
6774.2266  3.4568e+01  5.2696e+01
6775.4771  -6.7034e+01  5.1900e+01
6776.7275  1.9720e+01  5.1642e+01
6777.9775  6.7512e+01  5.9441e+01
6779.2280  4.8424e+01  5.0253e+01
6780.4785  2.5408e+01  5.2978e+01
6781.7290  -2.4129e+01  5.6402e+01
6782.9790  -3.1779e+01  5.5576e+01
6784.2295  3.8611e+01  5.3498e+01
6785.4800  -1.8943e+01  5.9373e+01
6786.7300  -2.3630e+01  6.1995e+01
6787.9805  1.0863e+01  5.1368e+01
6789.2310  7.5784e+00  5.7388e+01
6790.4810  1.8101e+01  5.2548e+01
6791.7314  -6.3398e+01  5.1188e+01
6792.9819  5.9207e+01  6.1409e+01
6794.2319  1.5699e+01  5.2578e+01
6795.4824  4.5231e+01  6.1917e+01
6796.7329  -1.2282e+02  5.5272e+01
6797.9834  -2.4913e+01  6.3278e+01
6799.2334  -1.0755e+02  5.5939e+01
