# SNR 12.4203
# Quality c
# flux_factor = 1.e-20
5568.9478  -6.1928e+01  8.4287e+01
5570.1982  1.6116e+02  8.1902e+01
5571.4487  9.1210e+01  7.8606e+01
5572.6987  7.1039e+01  9.2128e+01
5573.9492  8.5578e+01  9.6758e+01
5575.1997  2.8598e+01  8.9510e+01
5576.4502  4.1775e+01  2.4697e+02
5577.7002  3.8617e+01  5.7988e+02
5578.9507  4.6296e+01  6.6362e+02
5580.2012  3.4810e+01  4.1325e+02
5581.4512  6.7699e+01  1.3934e+02
5582.7017  -1.9094e+02  1.3231e+02
5583.9521  7.8113e+01  1.0955e+02
5585.2021  -9.5692e+01  8.8697e+01
5586.4526  -7.5445e+01  1.0315e+02
5587.7031  1.1692e+01  1.0245e+02
5588.9531  1.3296e+02  8.8797e+01
5590.2036  1.6786e+00  1.0458e+02
5591.4541  1.4729e+02  9.3518e+01
5592.7041  1.6444e+02  8.8273e+01
5593.9546  -2.4380e+01  8.2910e+01
5595.2051  -1.3935e+02  6.6208e+01
5596.4551  3.2905e+01  7.7936e+01
5597.7056  7.9909e+00  7.1362e+01
5598.9561  2.1746e+01  9.8518e+01
5600.2065  1.1189e+02  8.2825e+01
5601.4565  -6.1657e+01  8.6028e+01
5602.7070  1.0027e+02  8.4894e+01
5603.9575  4.9000e+01  8.7240e+01
5605.2075  5.0689e+01  8.9368e+01
5606.4580  -1.3209e+00  9.2926e+01
5607.7085  7.9184e+01  7.5473e+01
5608.9585  2.0724e+02  9.2205e+01
5610.2090  -1.2419e+02  7.9163e+01
5611.4595  7.1862e+01  7.6416e+01
5612.7095  -6.1746e+01  9.3214e+01
5613.9600  -3.5026e+01  9.7628e+01
5615.2104  -9.0134e+00  7.6695e+01
5616.4604  -1.3517e+01  7.7180e+01
5617.7109  1.1577e+02  7.9822e+01
5618.9614  1.3420e+02  9.2056e+01
5620.2114  2.4902e+01  7.0218e+01
5621.4619  3.0294e+01  7.5527e+01
5622.7124  3.8690e-01  9.2080e+01
5623.9629  4.3058e+01  8.7502e+01
5625.2129  8.9989e+01  8.7326e+01
5626.4634  -3.6500e+00  9.1483e+01
5627.7139  -1.8697e+02  7.1571e+01
5628.9639  7.1899e+00  6.6702e+01
5630.2144  1.3495e+01  7.0498e+01
5631.4648  1.2349e+02  8.3055e+01
5632.7148  3.4493e+01  8.2235e+01
5633.9653  6.2924e+01  8.0346e+01
5635.2158  -4.0697e+00  1.1066e+02
5636.4658  6.2097e+01  9.1948e+01
5637.7163  -2.9809e+01  7.6559e+01
5638.9668  2.9619e+01  8.9114e+01
5640.2168  -2.8689e+00  7.6598e+01
5641.4673  -6.1172e+00  9.3177e+01
5642.7178  -8.2419e+01  8.4784e+01
5643.9678  7.6772e+01  6.9641e+01
5645.2183  -1.6185e+01  7.7104e+01
5646.4688  -1.4170e+02  8.9148e+01
5647.7192  -1.7702e+01  7.6392e+01
5648.9692  1.7416e+01  7.5681e+01
5650.2197  8.1836e+01  8.0161e+01
5651.4702  1.0136e+02  7.9116e+01
5652.7202  -7.0727e+01  7.3253e+01
5653.9707  -2.6034e+01  7.3264e+01
5655.2212  -4.4354e+01  9.9368e+01
5656.4712  3.2059e+01  1.0456e+02
5657.7217  9.6261e+01  7.6157e+01
5658.9722  2.6878e+02  6.9775e+01
5660.2222  3.5207e+02  7.4724e+01
5661.4727  6.3072e+02  7.9225e+01
5662.7231  6.5192e+02  7.4909e+01
5663.9731  5.5973e+02  7.6426e+01
5665.2236  4.6162e+02  9.0702e+01
5666.4741  3.9481e+02  8.3162e+01
5667.7241  6.1728e+01  7.9169e+01
5668.9746  3.1453e+02  8.0263e+01
5670.2251  1.6390e+02  7.5289e+01
5671.4756  2.0561e+02  7.5271e+01
5672.7256  1.1044e+02  8.3921e+01
5673.9761  1.6235e+02  8.0439e+01
5675.2266  -7.4129e+00  7.5940e+01
5676.4766  -5.7895e+01  7.8997e+01
5677.7271  4.5808e+01  8.0617e+01
5678.9775  -8.2427e+01  8.5288e+01
5680.2275  -2.1758e+01  8.4190e+01
5681.4780  -3.9695e+01  7.1809e+01
5682.7285  -1.7276e+02  7.0602e+01
5683.9785  7.0702e+01  7.0144e+01
5685.2290  8.2371e+01  7.2362e+01
5686.4795  1.1142e+02  7.2487e+01
5687.7295  -5.8906e+01  6.9850e+01
5688.9800  8.0075e+01  8.0195e+01
5690.2305  2.6531e+02  8.1808e+01
5691.4805  -1.3478e+02  9.0902e+01
5692.7310  1.0261e+02  8.6855e+01
5693.9814  -1.6428e+01  8.2354e+01
5695.2319  2.6241e+01  6.8866e+01
5696.4819  4.2946e+01  7.3256e+01
5697.7324  4.1839e+01  7.6842e+01
5698.9829  2.0804e+01  8.7716e+01
5700.2329  5.4745e+00  8.2099e+01
5701.4834  1.3245e+01  7.6486e+01
5702.7339  -1.6713e+00  9.3220e+01
5703.9839  1.4586e+02  8.1993e+01
5705.2344  -8.7290e+01  8.5819e+01
5706.4849  -1.6142e+01  6.8380e+01
5707.7349  1.2451e+02  6.8017e+01
5708.9854  2.2531e+02  8.0616e+01
5710.2358  -1.2487e+02  6.6942e+01
5711.4858  5.2621e+01  7.1239e+01
5712.7363  -1.8073e+01  7.4076e+01
5713.9868  1.6371e+01  7.4832e+01
5715.2368  -9.3936e+01  7.0900e+01
5716.4873  -3.0634e+01  7.2323e+01
5717.7378  8.7326e+01  6.6172e+01
5718.9883  2.5456e+02  6.9259e+01
5720.2383  1.6502e+00  7.4054e+01
5721.4888  -5.7823e+01  7.6861e+01
5722.7393  3.5603e+01  7.8719e+01
5723.9893  3.8311e+00  7.3930e+01
5725.2397  -5.8403e+01  7.5512e+01
5726.4902  -1.7319e+01  7.6404e+01
5727.7402  -4.4977e+01  9.0124e+01
5728.9907  6.4994e+01  7.1208e+01
5730.2412  2.5034e+01  8.0136e+01
5731.4912  1.5866e+01  1.0168e+02
5732.7417  -5.7874e+01  8.6711e+01
5733.9922  2.2417e+01  7.9777e+01
5735.2422  -9.2307e+01  6.7275e+01
5736.4927  -1.2019e+02  6.9337e+01
5737.7432  8.6071e+01  7.9917e+01
5738.9937  -4.5385e+01  8.0431e+01
5740.2437  -6.4550e+01  7.7683e+01
5741.4941  -5.6647e+01  7.3165e+01
5742.7446  3.2771e+01  7.7624e+01
5743.9946  -5.3747e+01  7.5650e+01
5745.2451  -1.0506e+02  8.1476e+01
5746.4956  5.2394e+00  7.0872e+01
5747.7456  5.1822e+01  7.2223e+01
5748.9961  -5.9395e+01  6.6933e+01
5750.2466  3.7894e+01  8.3154e+01
5751.4966  3.3694e+01  7.4227e+01
5752.7471  2.2902e+01  7.6063e+01
5753.9976  1.2941e+02  7.9844e+01
5755.2476  9.4180e+01  6.9067e+01
5756.4980  -1.2068e+02  6.8128e+01
