# SNR 25.0208
# Quality c
# flux_factor = 1.e-20
6628.1562  6.6880e+01  4.8503e+01
6629.4067  2.5712e+01  6.9059e+01
6630.6567  6.4092e+00  5.2250e+01
6631.9072  2.2983e+01  4.5330e+01
6633.1577  -2.4751e+01  4.6371e+01
6634.4077  -1.8174e+01  5.0955e+01
6635.6582  -6.2627e+01  7.2123e+01
6636.9087  -3.3377e+01  7.0407e+01
6638.1587  -9.5143e+01  4.8945e+01
6639.4092  3.5760e+01  5.3614e+01
6640.6597  3.1329e+01  4.5465e+01
6641.9102  4.2601e+01  4.9735e+01
6643.1602  -3.0116e+00  5.1934e+01
6644.4106  5.8388e+01  4.5462e+01
6645.6611  -8.9233e+00  4.3919e+01
6646.9111  -3.9509e+01  4.3956e+01
6648.1616  2.8989e+01  4.3355e+01
6649.4121  8.3858e+00  4.5611e+01
6650.6621  -2.5552e+01  4.9608e+01
6651.9126  3.9708e+01  4.5634e+01
6653.1631  -1.0363e+01  5.0652e+01
6654.4131  -1.0719e-01  5.1281e+01
6655.6636  -4.4152e+01  5.0148e+01
6656.9141  6.5493e+00  4.4263e+01
6658.1641  3.7987e-01  5.0992e+01
6659.4146  3.1140e+01  5.3311e+01
6660.6650  1.1376e+01  4.9368e+01
6661.9155  5.9805e+01  5.5966e+01
6663.1655  -1.2802e+01  4.8238e+01
6664.4160  2.4714e+00  5.4521e+01
6665.6665  7.0385e+01  5.0321e+01
6666.9165  2.7058e+01  4.6488e+01
6668.1670  4.3359e+01  5.1721e+01
6669.4175  6.0066e+01  6.4623e+01
6670.6675  1.1041e+01  5.1060e+01
6671.9180  2.7006e+00  5.1792e+01
6673.1685  2.5856e+01  4.6665e+01
6674.4185  8.2647e+01  4.4653e+01
6675.6689  -2.2917e+01  4.4177e+01
6676.9194  -5.1776e+01  4.3390e+01
6678.1699  -1.7456e+01  4.4060e+01
6679.4199  8.4920e+01  5.1957e+01
6680.6704  2.3974e+01  4.5030e+01
6681.9209  1.1536e+01  4.3704e+01
6683.1709  -1.0150e+02  5.9215e+01
6684.4214  2.3375e+01  4.4612e+01
6685.6719  5.4029e+01  4.7814e+01
6686.9219  9.4462e+00  4.7856e+01
6688.1724  6.2208e+01  4.5227e+01
6689.4229  3.6943e+01  5.3433e+01
6690.6729  -1.4217e+01  4.4690e+01
6691.9233  8.4496e+01  4.6552e+01
6693.1738  -1.5205e+01  5.7788e+01
6694.4238  -1.7893e+01  4.9936e+01
6695.6743  -3.7019e+00  4.4682e+01
6696.9248  -6.0200e+01  5.4410e+01
6698.1753  -4.1819e+01  5.1792e+01
6699.4253  -2.2220e+01  4.9270e+01
6700.6758  -4.1328e+01  5.2272e+01
6701.9263  -2.5033e+01  5.3547e+01
6703.1763  4.0054e+01  4.5627e+01
6704.4268  -9.0843e+00  5.5497e+01
6705.6772  7.1366e+01  5.2669e+01
6706.9272  -5.4625e+01  5.1811e+01
6708.1777  2.7169e+01  4.5889e+01
6709.4282  2.2389e+01  5.6525e+01
6710.6782  -7.2006e+00  4.4519e+01
6711.9287  2.2303e+01  4.4181e+01
6713.1792  5.8834e+01  4.4636e+01
6714.4292  1.3049e+01  4.5965e+01
6715.6797  4.8863e+01  4.4228e+01
6716.9302  7.3786e+01  4.5699e+01
6718.1807  1.1960e+02  5.7409e+01
6719.4307  5.4526e+01  4.6641e+01
6720.6812  9.5956e+01  4.5558e+01
6721.9316  1.2900e+00  6.0597e+01
6723.1816  9.4436e+01  6.0151e+01
6724.4321  1.4947e+02  5.0137e+01
6725.6826  8.8621e+01  5.0792e+01
6726.9326  5.9897e+01  4.4624e+01
6728.1831  9.6768e+01  4.2459e+01
6729.4336  2.2149e+01  4.5860e+01
6730.6836  8.1689e+00  5.0353e+01
6731.9341  1.6833e+01  5.8592e+01
6733.1846  8.3058e+01  4.8319e+01
6734.4346  3.1406e+01  5.4008e+01
6735.6851  1.1938e+02  4.7890e+01
6736.9355  3.5030e+02  4.9094e+01
6738.1860  5.8494e+02  4.7550e+01
6739.4360  8.2575e+02  4.3858e+01
6740.6865  7.5313e+02  5.0937e+01
6741.9370  6.1849e+02  5.7265e+01
6743.1870  4.9505e+02  5.4491e+01
6744.4375  3.5312e+02  5.2468e+01
6745.6880  1.5803e+02  4.6206e+01
6746.9380  1.2084e+02  4.9609e+01
6748.1885  2.5217e+01  4.9568e+01
6749.4390  8.6237e+00  5.1289e+01
6750.6890  9.2243e+01  5.7956e+01
6751.9395  -6.2170e+01  5.0821e+01
6753.1899  3.2452e+01  4.9498e+01
6754.4404  7.2360e+01  4.6859e+01
6755.6904  6.9287e+01  5.0396e+01
6756.9409  -1.5661e+01  4.8672e+01
6758.1914  6.0877e+00  5.5531e+01
6759.4414  -1.5352e+01  5.3660e+01
6760.6919  1.1784e+02  4.1954e+01
6761.9424  -1.8080e+01  4.5155e+01
6763.1924  7.5596e+00  4.5134e+01
6764.4429  1.0470e+02  4.3565e+01
6765.6934  -1.0915e+01  4.7984e+01
6766.9434  8.8893e-01  4.7521e+01
6768.1938  -7.7330e+00  4.9603e+01
6769.4443  -1.6299e+01  5.9098e+01
6770.6943  -2.0848e+01  4.5147e+01
6771.9448  -1.8309e+01  4.7460e+01
6773.1953  1.5090e+01  4.9421e+01
6774.4458  7.5859e+01  4.1323e+01
6775.6958  -1.3055e+01  4.8225e+01
6776.9463  -1.0019e+01  4.4902e+01
6778.1968  3.5455e+01  4.1632e+01
6779.4468  6.9967e+01  4.1479e+01
6780.6973  5.0856e+01  5.3968e+01
6781.9478  -1.8600e+01  4.1175e+01
6783.1978  4.3431e+01  4.1070e+01
6784.4482  4.8949e+01  4.2517e+01
6785.6987  -2.8048e+01  5.4160e+01
6786.9487  -8.6740e+01  4.7773e+01
6788.1992  -1.3172e+02  4.8727e+01
6789.4497  4.2159e+01  4.3917e+01
6790.6997  2.5373e-02  4.5604e+01
6791.9502  1.1756e+01  5.5232e+01
6793.2007  7.2171e+00  4.6450e+01
6794.4512  2.8036e+01  4.6761e+01
6795.7012  2.8047e+01  4.0021e+01
6796.9517  -2.2168e+01  4.0677e+01
6798.2021  -7.6416e+00  4.0638e+01
6799.4521  -6.3825e+01  4.1098e+01
6800.7026  7.0489e+00  4.9315e+01
6801.9531  -1.2677e+01  4.3069e+01
6803.2031  2.0265e+01  5.2349e+01
6804.4536  6.2171e+01  4.5707e+01
6805.7041  1.4142e+02  4.0780e+01
6806.9541  7.3168e+00  4.8458e+01
6808.2046  1.2350e+01  4.0420e+01
6809.4551  6.9789e+00  4.0718e+01
6810.7056  -9.2089e+00  4.0899e+01
6811.9556  1.8540e+01  4.5565e+01
6813.2061  -1.6275e+01  4.3481e+01
6814.4565  -3.6552e+00  4.9427e+01
6815.7065  2.6932e+01  5.0504e+01
6816.9570  4.1103e+01  4.1047e+01
6818.2075  1.8129e+01  4.3209e+01
6819.4575  6.6128e+01  5.4198e+01
6820.7080  -9.9170e+01  4.6697e+01
6821.9585  -1.3060e+01  4.7962e+01
6823.2085  3.1623e+01  4.4401e+01
6824.4590  -5.3834e+01  4.4801e+01
6825.7095  -4.5389e+01  4.0706e+01
6826.9595  5.0999e+01  4.1938e+01
6828.2100  -7.6406e+00  6.1527e+01
6829.4604  4.3465e+01  9.1527e+01
6830.7109  1.7109e+02  1.1789e+02
6831.9609  -8.9558e+01  1.1681e+02
6833.2114  1.2019e+02  7.8873e+01
6834.4619  -3.3706e+01  8.0170e+01
6835.7119  -5.0471e+00  1.1299e+02
6836.9624  -8.1698e+01  1.1285e+02
6838.2129  2.9954e+01  7.3341e+01
6839.4629  1.6985e+01  4.3987e+01
6840.7134  8.7585e+01  5.2073e+01
6841.9639  2.5742e+01  5.4028e+01
6843.2139  -1.1671e+02  6.6504e+01
6844.4644  -9.9536e+01  8.7505e+01
6845.7148  -2.2654e+01  4.9479e+01
6846.9648  8.6916e+01  5.0439e+01
6848.2153  -7.3958e+00  4.4510e+01
6849.4658  -7.9726e+01  5.4750e+01
6850.7163  3.9943e+01  4.1734e+01
6851.9663  -4.5222e+01  4.9037e+01
