# SNR 10.1530
# Quality c
# flux_factor = 1.e-20
5182.8003  -1.9770e+02  2.0190e+02
5184.0508  -1.6837e+02  1.9634e+02
5185.3013  2.7231e+01  1.9309e+02
5186.5518  -2.4995e+02  1.9861e+02
5187.8018  -1.2346e+02  2.0812e+02
5189.0522  4.4620e+01  2.1230e+02
5190.3027  -3.7946e+01  2.1004e+02
5191.5527  -1.1888e+02  2.0879e+02
5192.8032  1.8283e+02  2.0534e+02
5194.0537  9.1821e+01  2.0326e+02
5195.3037  -3.6228e+02  2.0362e+02
5196.5542  -1.9466e+02  2.0751e+02
5197.8047  -3.9076e+02  2.2831e+02
5199.0547  -5.8549e+01  2.7033e+02
5200.3052  6.9517e+01  2.7379e+02
5201.5557  -2.9451e+01  2.5783e+02
5202.8057  -3.1533e+02  2.4344e+02
5204.0562  -1.2953e+02  2.2316e+02
5205.3066  -1.7382e+02  2.1377e+02
5206.5566  -7.9895e+01  2.0415e+02
5207.8071  -6.8075e+01  2.0371e+02
5209.0576  -7.0860e+01  2.0310e+02
5210.3076  1.7149e+02  2.0362e+02
5211.5581  8.8462e+01  2.0470e+02
5212.8086  -1.1104e+02  2.0423e+02
5214.0591  -4.9165e+01  2.0532e+02
5215.3091  1.3178e+02  2.0450e+02
5216.5596  1.0957e+02  2.0298e+02
5217.8101  6.5915e+01  2.0287e+02
5219.0601  -2.8754e+02  2.0535e+02
5220.3105  6.5974e+01  2.0854e+02
5221.5610  -1.4361e+02  2.0759e+02
5222.8110  -4.7969e+00  2.0688e+02
5224.0615  -1.9789e+02  2.1090e+02
5225.3120  -2.1987e+00  2.1585e+02
5226.5620  -8.5692e+01  2.1124e+02
5227.8125  -3.5537e+01  2.0181e+02
5229.0630  1.1072e+02  1.9851e+02
5230.3130  -1.1326e+02  2.0119e+02
5231.5635  -1.8719e+02  2.0180e+02
5232.8140  2.2658e+02  2.0697e+02
5234.0640  3.1447e+01  2.0448e+02
5235.3145  6.1425e+00  1.9995e+02
5236.5649  -1.2105e+02  2.0025e+02
5237.8149  -3.1687e+02  2.0264e+02
5239.0654  1.0246e+02  2.0830e+02
5240.3159  -2.3615e+02  2.1634e+02
5241.5664  -2.6062e+02  2.0999e+02
5242.8164  1.1438e+01  2.0273e+02
5244.0669  -5.0839e+01  2.0056e+02
5245.3174  -2.7940e+02  2.0143e+02
5246.5674  -1.6266e+02  1.9976e+02
5247.8179  -1.8292e+02  2.0050e+02
5249.0684  -1.7269e+02  1.9905e+02
5250.3184  2.0280e+02  2.0019e+02
5251.5688  2.2519e+01  2.0182e+02
5252.8193  -1.6374e+02  2.0090e+02
5254.0693  -1.0688e+02  1.9846e+02
5255.3198  -1.0717e+02  2.0135e+02
5256.5703  8.4377e+01  2.0472e+02
5257.8203  -1.2087e+01  2.1084e+02
5259.0708  -1.9731e+02  2.0817e+02
5260.3213  3.0855e+02  2.0088e+02
5261.5713  7.7284e+01  2.0069e+02
5262.8218  -7.3402e+01  1.9700e+02
5264.0723  -3.9450e+01  1.9624e+02
5265.3223  1.8547e+02  1.9316e+02
5266.5728  8.6011e+01  1.8988e+02
5267.8232  5.9939e+02  1.9127e+02
5269.0737  1.0946e+03  1.9392e+02
5270.3237  9.9189e+02  1.9152e+02
5271.5742  1.1675e+03  1.9246e+02
5272.8247  8.1003e+02  1.9504e+02
5274.0747  4.7838e+02  1.9690e+02
5275.3252  4.6325e+02  1.9774e+02
5276.5757  6.3075e+02  2.0191e+02
5277.8257  -5.1533e+01  2.0320e+02
5279.0762  1.3533e+02  1.9955e+02
5280.3267  1.2301e+02  1.9791e+02
5281.5767  2.2493e+02  1.9657e+02
5282.8271  4.3454e+00  1.9550e+02
5284.0776  6.5308e+01  1.9384e+02
5285.3276  1.9809e+02  1.9317e+02
5286.5781  -1.0615e+02  1.9436e+02
5287.8286  -1.8465e+02  1.9590e+02
5289.0786  -3.4462e+01  1.9741e+02
5290.3291  2.2680e+02  1.9728e+02
5291.5796  -1.9226e+02  1.9685e+02
5292.8301  8.1198e+01  1.9634e+02
5294.0801  3.2337e+01  1.9556e+02
5295.3306  -5.7299e+01  1.9735e+02
5296.5811  3.1259e+01  1.9792e+02
5297.8311  1.2969e+02  1.9427e+02
5299.0815  1.3364e+02  1.9437e+02
5300.3320  4.8123e+02  1.9795e+02
5301.5820  2.6113e+02  1.9897e+02
5302.8325  4.2484e+01  1.9811e+02
5304.0830  -2.7943e+01  1.9553e+02
5305.3330  -1.8818e+01  1.9614e+02
5306.5835  -8.7739e+01  1.9614e+02
5307.8340  -5.9419e+01  1.9734e+02
5309.0840  -6.9442e+01  1.9522e+02
5310.3345  -4.0687e+01  1.9607e+02
5311.5850  -1.1698e+02  1.9531e+02
5312.8350  -5.2571e+01  1.9769e+02
5314.0854  7.8723e+01  1.9963e+02
5315.3359  -1.0876e+01  1.9784e+02
5316.5859  -4.9355e+01  1.9467e+02
5317.8364  -5.0550e+00  1.9384e+02
5319.0869  -8.9295e+01  1.9604e+02
5320.3374  3.1104e+01  1.9701e+02
5321.5874  -6.7065e+01  1.9448e+02
5322.8379  -1.7860e+02  1.9566e+02
5324.0884  7.2653e+01  1.9598e+02
5325.3384  -1.0999e+02  1.9347e+02
5326.5889  1.0476e+02  1.9325e+02
5327.8394  5.1947e+01  1.9306e+02
5329.0894  -1.8254e+02  1.9001e+02
5330.3398  -1.2518e+01  1.9416e+02
5331.5903  1.5279e+02  2.0292e+02
5332.8403  -1.1097e+02  2.0261e+02
5334.0908  -2.1962e+01  1.9543e+02
5335.3413  1.1496e+02  1.9301e+02
5336.5913  1.7240e+02  1.9438e+02
5337.8418  -8.8210e+01  1.9487e+02
5339.0923  -1.2716e+02  1.9389e+02
5340.3423  -1.7456e+02  1.9194e+02
5341.5928  -1.1969e+02  1.9027e+02
5342.8433  3.1531e+00  1.8881e+02
5344.0933  -3.7064e+00  1.9273e+02
5345.3438  -8.5126e+01  1.9252e+02
5346.5942  -7.5098e+01  1.9165e+02
5347.8447  4.0170e+01  1.9219e+02
5349.0947  1.1848e+01  1.9269e+02
5350.3452  1.0639e+02  1.9247e+02
5351.5957  -3.8828e+01  1.9324e+02
5352.8457  3.0963e+02  1.9306e+02
5354.0962  2.1617e+02  1.9054e+02
5355.3467  -4.3109e+01  1.9315e+02
5356.5967  -9.4918e+01  1.9370e+02
5357.8472  4.8052e+01  1.9449e+02
