# SNR 12.6678
# Quality c
# flux_factor = 1.e-20
6306.8198  1.1886e+01  8.3547e+01
6308.0703  -1.2342e+02  1.1063e+02
6309.3208  5.4458e+01  1.1749e+02
6310.5708  -1.4365e+02  8.9020e+01
6311.8213  -3.6435e+01  5.7783e+01
6313.0718  1.3516e+01  5.5576e+01
6314.3218  2.8245e+00  5.9802e+01
6315.5723  -2.1694e+01  5.5164e+01
6316.8228  5.3638e+01  5.4293e+01
6318.0728  1.6556e+01  5.4148e+01
6319.3232  7.7485e+01  5.3688e+01
6320.5737  7.5166e+01  6.6332e+01
6321.8237  1.1065e+01  6.9142e+01
6323.0742  -1.2361e+02  8.9160e+01
6324.3247  -3.5271e+01  8.9062e+01
6325.5747  6.8768e+01  7.2658e+01
6326.8252  1.3092e+01  6.9231e+01
6328.0757  8.6231e+01  5.5396e+01
6329.3262  1.1871e+02  5.9317e+01
6330.5762  4.6091e+01  8.8910e+01
6331.8267  1.3236e+02  1.1151e+02
6333.0771  -8.7235e+01  9.3754e+01
6334.3271  -8.6239e+01  7.1749e+01
6335.5776  1.2341e+02  5.3784e+01
6336.8281  -6.2075e+01  5.3482e+01
6338.0781  -2.8293e+01  5.3055e+01
6339.3286  7.8602e+01  5.3628e+01
6340.5791  -8.6799e+01  5.8399e+01
6341.8291  5.2091e+01  7.1360e+01
6343.0796  -6.3981e+01  6.4942e+01
6344.3301  7.1356e+01  6.1843e+01
6345.5801  -3.2759e+01  5.5940e+01
6346.8306  3.2162e+00  5.6165e+01
6348.0811  3.9134e+01  5.5021e+01
6349.3315  -3.6831e+01  7.0209e+01
6350.5815  1.0173e+02  8.0802e+01
6351.8320  8.8207e+00  6.3503e+01
6353.0825  4.0745e+01  6.3892e+01
6354.3325  2.3363e+01  5.7336e+01
6355.5830  -5.4112e+01  5.8974e+01
6356.8335  -6.5251e+01  8.3687e+01
6358.0835  -2.0149e+02  1.0244e+02
6359.3340  -8.8382e+01  8.0470e+01
6360.5845  -7.5558e+01  6.0181e+01
6361.8345  -2.9340e+00  5.4458e+01
6363.0850  1.8831e+01  8.3275e+01
6364.3354  1.2975e+02  1.0477e+02
6365.5854  5.3206e+01  1.5037e+02
6366.8359  -8.3821e+01  1.2124e+02
6368.0864  -9.1335e+00  9.2044e+01
6369.3369  2.2748e+01  6.3847e+01
6370.5869  -5.2525e+01  5.1730e+01
6371.8374  -1.4879e+01  5.8881e+01
6373.0879  -1.7279e+01  6.5814e+01
6374.3379  1.9882e+01  6.2837e+01
6375.5884  9.2246e+00  5.1422e+01
6376.8389  -8.7752e+01  5.1430e+01
6378.0889  3.8421e+01  5.1129e+01
6379.3394  -3.1434e+01  5.4703e+01
6380.5898  -1.1047e+02  6.6967e+01
6381.8398  -6.2342e+01  6.3918e+01
6383.0903  -4.3968e+01  5.7446e+01
6384.3408  -7.4954e+01  5.2122e+01
6385.5908  -1.6304e+01  5.2217e+01
6386.8413  7.3634e+01  6.1341e+01
6388.0918  4.7201e+01  7.5712e+01
6389.3423  3.6478e+01  6.9264e+01
6390.5923  -6.0664e+01  5.3511e+01
6391.8428  -7.0863e+01  5.0613e+01
6393.0933  4.1099e+01  5.0077e+01
6394.3433  -9.0985e+01  5.6543e+01
6395.5938  6.9185e+01  5.3920e+01
6396.8442  3.5125e+00  5.0835e+01
6398.0942  3.4782e+00  5.2250e+01
6399.3447  5.7833e+01  5.3964e+01
6400.5952  7.0966e+01  5.7220e+01
6401.8452  6.8220e+01  5.0120e+01
6403.0957  2.9949e+01  6.1311e+01
6404.3462  3.6991e+01  6.2688e+01
6405.5962  -9.2643e+01  4.9215e+01
6406.8467  -2.2715e+01  5.3013e+01
6408.0972  -1.2451e+02  5.8823e+01
6409.3477  4.8659e+00  4.8441e+01
6410.5977  2.0784e+02  5.2039e+01
6411.8481  3.4698e+02  5.1826e+01
6413.0986  4.1186e+02  5.4836e+01
6414.3486  4.1358e+02  5.2745e+01
6415.5991  4.0897e+02  7.1310e+01
6416.8496  2.1770e+02  5.7196e+01
6418.0996  1.0010e+02  4.8926e+01
6419.3501  1.1006e+02  5.1244e+01
6420.6006  -1.9958e+01  5.3651e+01
6421.8506  1.4893e+02  6.1994e+01
6423.1011  -5.2571e+00  5.9808e+01
6424.3516  -3.2169e+01  5.1431e+01
6425.6016  3.8611e+01  4.8811e+01
6426.8521  4.3222e+01  6.6235e+01
6428.1025  2.5415e+01  5.3967e+01
6429.3530  1.1848e+02  5.9069e+01
6430.6030  -6.2218e+00  5.0690e+01
6431.8535  2.6396e+00  5.0122e+01
6433.1040  -4.7947e+01  5.1109e+01
6434.3540  -4.7685e+00  5.7305e+01
6435.6045  -3.7914e+00  7.0250e+01
6436.8550  -8.4118e+00  5.5831e+01
6438.1050  -1.0041e+00  5.2397e+01
6439.3555  -5.8204e+01  4.8835e+01
6440.6060  4.3768e+01  4.8345e+01
6441.8560  -3.0761e+01  4.9548e+01
6443.1064  -4.3329e+01  5.3000e+01
6444.3569  4.4909e+01  5.8474e+01
6445.6069  5.4090e+01  5.8116e+01
6446.8574  -1.1714e+01  5.7517e+01
6448.1079  -6.4229e+01  5.9689e+01
6449.3584  -9.4688e+01  4.9570e+01
6450.6084  3.6312e+00  5.0549e+01
6451.8589  -5.6518e+01  5.6510e+01
6453.1094  5.7915e+01  5.6458e+01
6454.3594  1.0364e+02  5.6047e+01
6455.6099  -2.6514e+01  6.5408e+01
6456.8604  -6.4665e+01  4.9112e+01
6458.1104  -9.2846e+01  5.3916e+01
6459.3608  -7.3294e+00  5.6966e+01
6460.6113  -5.0068e+01  5.6147e+01
6461.8613  -5.9490e+01  6.1446e+01
6463.1118  -4.0151e+01  5.1492e+01
6464.3623  2.4412e+01  6.2462e+01
6465.6128  9.3159e+01  7.6089e+01
6466.8628  2.0136e+01  8.4818e+01
6468.1133  -6.4445e+01  8.6561e+01
6469.3638  -9.6045e+01  7.9730e+01
6470.6138  7.3384e+01  6.5815e+01
6471.8643  -1.1898e+02  7.7912e+01
6473.1147  -2.8512e+01  8.5742e+01
6474.3647  -9.9759e+01  7.1614e+01
6475.6152  9.7855e+01  6.3680e+01
6476.8657  -5.4935e+01  4.9237e+01
6478.1157  -6.8337e+01  5.0907e+01
6479.3662  -8.5952e+01  6.6282e+01
6480.6167  -1.8058e+01  6.2187e+01
6481.8667  -5.4877e+00  5.5098e+01
6483.1172  9.9983e+00  4.9203e+01
6484.3677  4.5616e+01  4.9183e+01
6485.6182  -2.7716e+01  5.0038e+01
6486.8682  1.5216e+00  5.5233e+01
6488.1187  6.0219e+01  4.7027e+01
6489.3691  -1.5787e+00  4.7924e+01
6490.6191  7.8233e+00  4.6826e+01
6491.8696  -1.1442e+02  6.5636e+01
6493.1201  9.3372e+00  4.9863e+01
6494.3701  2.7326e+01  4.5792e+01
6495.6206  -1.0182e+01  4.8099e+01
6496.8711  -7.4286e+01  5.0843e+01
6498.1211  3.1439e+01  6.0747e+01
6499.3716  7.0785e+01  8.5542e+01
6500.6221  3.2189e+01  1.1140e+02
6501.8721  -1.7264e+02  9.0411e+01
6503.1226  -1.7289e+01  5.9402e+01
6504.3730  -2.3367e+01  6.4256e+01
6505.6235  -1.1175e+01  6.9617e+01
6506.8735  5.6651e+00  7.7334e+01
6508.1240  -5.1623e+01  7.3217e+01
6509.3745  -9.0738e+00  4.9707e+01
6510.6245  8.5546e+01  5.0512e+01
6511.8750  -6.3903e+01  5.1542e+01
6513.1255  5.3376e+01  5.0237e+01
6514.3755  -1.0922e+01  5.0953e+01
6515.6260  -3.3479e+01  5.5371e+01
6516.8765  -2.5719e+01  5.2486e+01
6518.1265  -1.7777e+01  5.5766e+01
6519.3770  3.5298e+01  5.4220e+01
