# SNR 31.6219
# Quality c
# flux_factor = 1.e-20
5283.6963  1.6313e+01  7.0410e+01
5284.9463  5.1018e+01  7.4102e+01
5286.1968  3.8403e+01  5.6674e+01
5287.4473  9.1361e+01  7.0931e+01
5288.6973  4.4894e+01  6.4225e+01
5289.9478  3.1160e+01  6.8048e+01
5291.1982  -4.7667e+00  7.3458e+01
5292.4482  2.6351e+01  6.2704e+01
5293.6987  -7.4963e+01  6.1124e+01
5294.9492  -2.2282e+01  7.1061e+01
5296.1992  1.7256e+01  6.5031e+01
5297.4497  3.8696e+01  6.9051e+01
5298.7002  2.3389e+01  6.7860e+01
5299.9502  4.9451e+01  6.8335e+01
5301.2007  3.6897e+01  6.7749e+01
5302.4512  3.3354e+01  7.5917e+01
5303.7012  -1.9508e+01  5.9536e+01
5304.9517  1.2666e+02  7.0802e+01
5306.2021  7.1043e+01  7.5482e+01
5307.4521  -4.0386e+01  6.9978e+01
5308.7026  -1.0108e+02  6.9945e+01
5309.9531  -1.0636e+02  6.7359e+01
5311.2036  -1.5824e+01  6.6043e+01
5312.4536  -8.1575e+00  6.5840e+01
5313.7041  -1.3476e+01  8.1634e+01
5314.9546  -5.3003e+01  6.5526e+01
5316.2046  -2.0247e+01  7.4411e+01
5317.4551  -9.7336e+01  7.3760e+01
5318.7056  7.1224e+00  6.7231e+01
5319.9556  -8.5233e+01  6.0754e+01
5321.2061  5.6176e+01  5.8002e+01
5322.4565  2.8718e+01  6.7436e+01
5323.7065  -8.5826e+01  6.8362e+01
5324.9570  1.7474e+01  6.8178e+01
5326.2075  8.2114e+00  6.9360e+01
5327.4575  -3.1779e+01  7.7524e+01
5328.7080  -4.7841e+01  5.6944e+01
5329.9585  -2.5063e+01  7.1295e+01
5331.2085  7.8174e+01  6.4480e+01
5332.4590  5.6704e+01  7.4876e+01
5333.7095  -1.1328e+02  6.4761e+01
5334.9600  -5.2748e+01  7.5119e+01
5336.2100  -4.4762e+01  5.8029e+01
5337.4604  8.8846e+00  6.2025e+01
5338.7109  2.5834e+01  6.0461e+01
5339.9609  1.0390e+02  6.7650e+01
5341.2114  -3.8135e+01  5.9397e+01
5342.4619  -2.6985e+01  5.6140e+01
5343.7119  -5.1754e+00  6.7168e+01
5344.9624  1.0431e+02  7.7841e+01
5346.2129  2.4478e+01  7.3607e+01
5347.4629  -2.7781e+01  6.8311e+01
5348.7134  -4.5504e+01  6.8708e+01
5349.9639  6.6967e+00  6.0001e+01
5351.2139  -1.1454e+01  6.9867e+01
5352.4644  -1.7300e+01  6.3837e+01
5353.7148  3.2424e+01  6.6510e+01
5354.9648  -7.8746e+01  5.6730e+01
5356.2153  7.1727e+01  6.8410e+01
5357.4658  3.5758e+01  6.9522e+01
5358.7158  6.4358e+01  7.2584e+01
5359.9663  -6.7341e+01  6.8221e+01
5361.2168  4.0914e+01  5.5767e+01
5362.4673  1.8023e+02  5.5408e+01
5363.7173  2.4879e+02  5.4975e+01
5364.9678  2.5281e+02  6.9591e+01
5366.2183  7.0179e+01  6.9195e+01
5367.4683  9.3549e+01  5.4489e+01
5368.7188  2.3454e+02  6.5104e+01
5369.9692  7.4960e+02  7.2706e+01
5371.2192  1.2390e+03  5.9156e+01
5372.4697  1.4479e+03  7.0828e+01
5373.7202  1.2618e+03  5.9062e+01
5374.9702  8.2206e+02  5.9138e+01
5376.2207  4.4776e+02  6.7666e+01
5377.4712  4.3313e+02  6.5347e+01
5378.7212  1.8466e+02  7.0747e+01
5379.9717  1.0406e+02  6.2949e+01
5381.2222  1.3845e+02  6.5148e+01
5382.4722  2.4022e+01  6.7326e+01
5383.7227  3.3782e+01  6.4775e+01
5384.9731  7.9243e+01  6.3189e+01
5386.2236  5.6464e+01  6.8703e+01
5387.4736  1.9957e+01  5.7662e+01
5388.7241  2.7455e+01  5.8575e+01
5389.9746  6.9688e+01  6.5704e+01
5391.2246  5.6827e+01  5.7224e+01
5392.4751  7.0857e+01  5.7378e+01
5393.7256  -3.9092e+01  5.6956e+01
5394.9756  -4.6999e+01  6.6261e+01
5396.2261  -5.1855e+01  6.2176e+01
5397.4766  -2.1083e+01  6.3509e+01
5398.7266  1.3099e+02  5.9478e+01
5399.9771  8.3532e+01  6.8535e+01
5401.2275  -4.0478e+00  6.6121e+01
5402.4775  2.7620e+01  5.4709e+01
5403.7280  2.6516e+01  5.3740e+01
5404.9785  -6.0667e+00  5.2242e+01
5406.2285  -1.6458e+01  5.9229e+01
5407.4790  5.2552e+01  5.4339e+01
5408.7295  1.0169e+02  6.2351e+01
5409.9795  -6.3145e+01  6.0049e+01
5411.2300  1.3253e+01  6.2957e+01
5412.4805  9.9707e+01  5.9958e+01
5413.7310  6.8267e+01  7.1326e+01
5414.9810  -1.2862e+02  6.5473e+01
5416.2314  -9.8178e+01  5.3778e+01
5417.4819  -5.0445e+01  6.6790e+01
5418.7319  9.5624e+00  7.0446e+01
5419.9824  -9.5154e+01  5.6137e+01
5421.2329  -8.5688e+01  6.1819e+01
5422.4829  -1.0757e+02  5.7352e+01
5423.7334  3.6455e+01  6.0096e+01
5424.9839  8.7532e+01  6.3729e+01
5426.2339  -3.6101e+01  6.3106e+01
5427.4844  -2.1155e+01  5.8183e+01
5428.7349  -5.5970e+01  5.6805e+01
5429.9849  7.2898e+01  6.1805e+01
5431.2354  -7.3320e+01  6.3076e+01
5432.4858  -4.7428e+01  7.8306e+01
5433.7358  1.2886e+01  5.2079e+01
5434.9863  4.0897e+00  5.2127e+01
5436.2368  3.4589e+01  5.9490e+01
5437.4873  6.9819e+01  5.3667e+01
5438.7373  8.5648e+00  6.5491e+01
5439.9878  -5.0738e+01  7.0910e+01
5441.2383  3.6042e+01  6.0243e+01
5442.4883  -1.7775e+01  6.6407e+01
5443.7388  -8.0330e+01  6.2136e+01
5444.9893  9.2234e+01  6.6781e+01
5446.2393  -2.9509e+01  5.6978e+01
5447.4897  -1.0076e+02  6.9457e+01
5448.7402  8.1137e+01  6.1517e+01
5449.9902  -1.0809e+02  5.4953e+01
5451.2407  1.3626e+01  6.1926e+01
5452.4912  -3.5665e+01  5.8859e+01
5453.7412  -3.5327e+01  6.0935e+01
5454.9917  -1.0088e+02  5.8964e+01
5456.2422  1.6689e+00  5.5453e+01
5457.4922  -2.0892e+01  6.5505e+01
5458.7427  -6.1345e+01  6.9529e+01
5459.9932  -1.0900e+02  7.3809e+01
5461.2437  -7.0738e+01  7.3904e+01
