# SNR 33.4666
# Quality b
# flux_factor = 1.e-20
5463.7534  -6.0889e+01  6.6128e+01
5465.0039  4.3156e+01  6.0093e+01
5466.2539  1.0948e+02  6.8292e+01
5467.5044  1.1444e+02  5.5215e+01
5468.7549  -3.9183e+00  7.4785e+01
5470.0049  1.2914e+02  6.0257e+01
5471.2554  2.9939e+01  5.2382e+01
5472.5059  4.1562e+01  6.3244e+01
5473.7559  1.2155e+02  5.4521e+01
5475.0063  3.2363e+02  5.2379e+01
5476.2568  1.6318e+02  5.8418e+01
5477.5068  8.5278e+01  5.9907e+01
5478.7573  7.8348e+01  5.4248e+01
5480.0078  1.2517e+02  5.6136e+01
5481.2578  7.7415e+01  6.0850e+01
5482.5083  1.2879e+02  6.5844e+01
5483.7588  1.4593e+02  6.2236e+01
5485.0088  1.2944e+01  7.2125e+01
5486.2593  -3.9394e+01  7.3206e+01
5487.5098  5.6334e+01  6.7778e+01
5488.7603  -1.1462e+00  6.8357e+01
5490.0103  6.4132e+00  5.6874e+01
5491.2607  -3.3969e+01  5.4837e+01
5492.5112  -1.6559e+00  5.6317e+01
5493.7612  5.7152e+01  6.4773e+01
5495.0117  -9.0326e+00  5.9223e+01
5496.2622  -2.1261e+01  5.9247e+01
5497.5122  9.4572e+01  5.9848e+01
5498.7627  1.5553e+01  6.9640e+01
5500.0132  -5.4242e+01  6.4589e+01
5501.2632  -9.0039e-01  7.0189e+01
5502.5137  -4.4373e+01  5.7827e+01
5503.7642  2.8500e+01  6.4121e+01
5505.0142  1.6159e+01  6.0992e+01
5506.2646  -6.3034e+00  5.6205e+01
5507.5151  -1.1660e+02  5.9586e+01
5508.7651  -9.2624e+01  5.5106e+01
5510.0156  -9.9849e+01  6.1998e+01
5511.2661  9.3346e+01  6.6475e+01
5512.5166  -5.3272e+01  5.6737e+01
5513.7666  -1.6213e+02  6.4346e+01
5515.0171  -1.6489e+02  5.5925e+01
5516.2676  6.7341e+01  6.7819e+01
5517.5176  5.9752e+01  6.0132e+01
5518.7681  2.6924e+01  5.9065e+01
5520.0186  -3.9627e+01  6.4461e+01
5521.2686  -1.5225e+02  5.5466e+01
5522.5190  -9.6217e+01  7.0417e+01
5523.7695  -1.1102e+02  5.4510e+01
5525.0195  2.2972e+01  6.3600e+01
5526.2700  -4.3902e+01  6.3588e+01
5527.5205  -5.6141e+01  6.6675e+01
5528.7705  -9.6403e+01  6.5575e+01
5530.0210  -1.0368e+02  6.0075e+01
5531.2715  -1.1051e+00  6.8533e+01
5532.5215  4.4416e+01  6.7038e+01
5533.7720  -3.9975e+01  5.4618e+01
5535.0225  9.3869e+00  6.1803e+01
5536.2729  8.4603e+01  6.8199e+01
5537.5229  4.3910e+01  7.5667e+01
5538.7734  1.2731e+02  6.1988e+01
5540.0239  2.1965e+02  7.3822e+01
5541.2739  4.2985e+02  5.4838e+01
5542.5244  3.8335e+02  6.1089e+01
5543.7749  3.2350e+02  6.9288e+01
5545.0249  6.8392e+01  5.9624e+01
5546.2754  -1.5953e+01  7.7262e+01
5547.5259  -2.1963e+02  6.2553e+01
5548.7759  -2.1038e+02  7.2385e+01
5550.0264  -3.8609e+01  7.0584e+01
5551.2769  -9.4553e+01  5.7072e+01
5552.5269  1.2786e+02  6.7148e+01
5553.7773  6.0505e+02  5.5149e+01
5555.0278  1.4966e+03  6.9998e+01
5556.2778  1.7516e+03  7.3002e+01
5557.5283  1.4364e+03  6.8092e+01
5558.7788  1.1583e+03  6.5521e+01
5560.0293  7.3247e+02  5.7851e+01
5561.2793  5.2046e+02  7.6425e+01
5562.5298  3.5260e+02  6.6934e+01
5563.7803  2.7167e+02  7.2137e+01
5565.0303  -8.2428e+01  7.4298e+01
5566.2808  -6.8401e+01  7.2520e+01
5567.5312  1.0389e+02  5.9093e+01
5568.7812  6.3992e+01  5.5535e+01
5570.0317  -9.3616e+01  6.1825e+01
5571.2822  4.2830e+01  6.0051e+01
5572.5322  -6.1238e+01  5.9908e+01
5573.7827  1.1119e+02  7.9612e+01
5575.0332  4.7064e+01  9.3913e+01
5576.2832  6.1038e+01  2.5626e+02
5577.5337  5.1114e+01  5.2221e+02
5578.7842  5.8246e+01  5.6541e+02
5580.0342  5.7869e+01  3.3350e+02
5581.2847  6.8920e+01  9.7476e+01
5582.5352  -1.3752e+01  8.5109e+01
5583.7856  7.6529e+01  7.2014e+01
5585.0356  -8.2256e+01  7.5591e+01
5586.2861  -2.7846e+01  5.6264e+01
5587.5366  6.6794e+01  7.1103e+01
5588.7866  -1.2613e+01  6.1378e+01
5590.0371  -1.0286e+02  6.1225e+01
5591.2876  -1.6719e+01  6.1264e+01
5592.5376  -3.3690e+01  5.4804e+01
5593.7881  4.8480e+01  6.2370e+01
5595.0386  -6.4420e+01  6.0503e+01
5596.2886  3.4720e+01  5.5460e+01
5597.5391  5.4663e+01  6.0804e+01
5598.7896  -1.7141e+01  6.1578e+01
5600.0396  3.3339e+01  5.9393e+01
5601.2900  5.1353e+01  6.9879e+01
5602.5405  3.2650e+01  6.2348e+01
5603.7905  -9.4385e+01  6.7929e+01
5605.0410  2.8203e+01  7.2325e+01
5606.2915  -5.1012e+01  6.6949e+01
5607.5420  7.3367e+01  5.9654e+01
5608.7920  5.9728e+01  5.5520e+01
5610.0425  -3.0962e+01  6.3427e+01
5611.2930  8.4285e+01  5.9076e+01
5612.5430  -4.9373e+01  5.9785e+01
5613.7935  4.1029e+01  6.2129e+01
5615.0439  2.8334e+01  5.8445e+01
5616.2939  7.0546e+01  5.9812e+01
5617.5444  -5.1199e+01  6.4378e+01
5618.7949  5.1729e+01  5.5196e+01
5620.0449  6.4924e+01  6.3862e+01
5621.2954  -6.9092e+01  5.6330e+01
5622.5459  1.7490e+01  5.6624e+01
5623.7959  5.2489e+01  6.3792e+01
5625.0464  9.6648e+00  5.9797e+01
5626.2969  -2.5632e+00  6.6456e+01
5627.5469  -3.8952e+01  6.4018e+01
5628.7974  -1.4819e+01  6.6288e+01
5630.0479  9.3414e+01  5.1384e+01
5631.2983  1.2406e+02  6.9166e+01
5632.5483  2.0300e+02  6.5634e+01
5633.7988  1.9361e+02  6.0955e+01
5635.0493  6.9262e+01  7.3541e+01
5636.2993  1.4372e+02  6.2110e+01
5637.5498  1.4690e+02  6.3536e+01
5638.8003  1.5645e+01  5.3956e+01
5640.0503  4.1649e+01  6.4363e+01
5641.3008  7.6354e+01  6.5627e+01
5642.5513  4.0083e+01  5.6705e+01
5643.8013  1.9205e+02  5.4361e+01
5645.0518  1.6058e+02  6.6439e+01
5646.3022  6.5596e+01  6.6388e+01
5647.5522  6.6869e+01  8.0893e+01
5648.8027  7.2858e+01  5.1573e+01
